Text_ID	ID	Title	Date	Body	Term	Session	Meeting	Sitting	Agenda	Subcorpus	Lang	Speaker_role	Speaker_MP	Speaker_minister	Speaker_party	Speaker_party_name	Party_status	Party_orientation	Speaker_ID	Speaker_name	Speaker_gender	Speaker_birth
ParlaMint-HR-en_2017-11-08-0	ParlaMint-HR_2017-11-08-0.u55517	Minutes of the National Assembly of the Republic of Croatia, Term 9, Session 6	2017-11-08	Unicameralism	9. mandat	-	Zasedanje 6	2017-12-15	-	Reference	English	Chairperson	MP	notMinister	HDZ	Hrvatska demokratska zajednica	Coalition	Centre-right	JandrokovićGordan	Jandroković, Gordan	M	1967	
ParlaMint-HR-en_2017-11-08-0	ParlaMint-HR_2017-11-08-0.u55523	Minutes of the National Assembly of the Republic of Croatia, Term 9, Session 6	2017-11-08	Unicameralism	9. mandat	-	Zasedanje 6	2017-12-15	-	Reference	English	Regular	MP	notMinister	SDP	Socijaldemokratska partija Hrvatske	Coalition	Centre-left	ĐujićSaša	Đujić, Saša	M	1981	
ParlaMint-HR-en_2017-11-08-0	ParlaMint-HR_2017-11-08-0.u55524	Minutes of the National Assembly of the Republic of Croatia, Term 9, Session 6	2017-11-08	Unicameralism	9. mandat	-	Zasedanje 6	2017-12-15	-	Reference	English	Chairperson	MP	notMinister	HDZ	Hrvatska demokratska zajednica	Coalition	Centre-right	JandrokovićGordan	Jandroković, Gordan	M	1967	
ParlaMint-HR-en_2017-11-08-0	ParlaMint-HR_2017-11-08-0.u55525	Minutes of the National Assembly of the Republic of Croatia, Term 9, Session 6	2017-11-08	Unicameralism	9. mandat	-	Zasedanje 6	2017-12-15	-	Reference	English	Regular	MP	notMinister	nezavisni	nezavisni	-	-	GlasnovićŽeljko	Glasnović, Željko	M	1954	
ParlaMint-HR-en_2017-11-08-0	ParlaMint-HR_2017-11-08-0.u55526	Minutes of the National Assembly of the Republic of Croatia, Term 9, Session 6	2017-11-08	Unicameralism	9. mandat	-	Zasedanje 6	2017-12-15	-	Reference	English	Chairperson	MP	notMinister	HDZ	Hrvatska demokratska zajednica	Coalition	Centre-right	JandrokovićGordan	Jandroković, Gordan	M	1967	
ParlaMint-HR-en_2017-11-08-0	ParlaMint-HR_2017-11-08-0.u55533	Minutes of the National Assembly of the Republic of Croatia, Term 9, Session 6	2017-11-08	Unicameralism	9. mandat	-	Zasedanje 6	2017-12-15	-	Reference	English	Regular	MP	notMinister	SDP	Socijaldemokratska partija Hrvatske	Coalition	Centre-left	ĐujićSaša	Đujić, Saša	M	1981	
ParlaMint-HR-en_2017-11-08-0	ParlaMint-HR_2017-11-08-0.u55534	Minutes of the National Assembly of the Republic of Croatia, Term 9, Session 6	2017-11-08	Unicameralism	9. mandat	-	Zasedanje 6	2017-12-15	-	Reference	English	Chairperson	MP	notMinister	HDZ	Hrvatska demokratska zajednica	Coalition	Centre-right	JandrokovićGordan	Jandroković, Gordan	M	1967	
ParlaMint-HR-en_2017-11-08-0	ParlaMint-HR_2017-11-08-0.u55535	Minutes of the National Assembly of the Republic of Croatia, Term 9, Session 6	2017-11-08	Unicameralism	9. mandat	-	Zasedanje 6	2017-12-15	-	Reference	English	Regular	MP	notMinister	nezavisni	nezavisni	-	-	GlasnovićŽeljko	Glasnović, Željko	M	1954	
ParlaMint-HR-en_2017-11-08-0	ParlaMint-HR_2017-11-08-0.u55536	Minutes of the National Assembly of the Republic of Croatia, Term 9, Session 6	2017-11-08	Unicameralism	9. mandat	-	Zasedanje 6	2017-12-15	-	Reference	English	Chairperson	MP	notMinister	HDZ	Hrvatska demokratska zajednica	Coalition	Centre-right	JandrokovićGordan	Jandroković, Gordan	M	1967	
ParlaMint-HR-en_2017-11-08-0	ParlaMint-HR_2017-11-08-0.u55538	Minutes of the National Assembly of the Republic of Croatia, Term 9, Session 6	2017-11-08	Unicameralism	9. mandat	-	Zasedanje 6	2017-12-15	-	Reference	English	Regular	MP	notMinister	MOST	Most nezavisnih lista	Opposition	Centre-right to right	PanenićTomislav	Panenić, Tomislav	M	1973	
ParlaMint-HR-en_2017-11-08-0	ParlaMint-HR_2017-11-08-0.u55539	Minutes of the National Assembly of the Republic of Croatia, Term 9, Session 6	2017-11-08	Unicameralism	9. mandat	-	Zasedanje 6	2017-12-15	-	Reference	English	Chairperson	MP	notMinister	HDZ	Hrvatska demokratska zajednica	Coalition	Centre-right	JandrokovićGordan	Jandroković, Gordan	M	1967	
ParlaMint-HR-en_2017-11-08-0	ParlaMint-HR_2017-11-08-0.u55540	Minutes of the National Assembly of the Republic of Croatia, Term 9, Session 6	2017-11-08	Unicameralism	9. mandat	-	Zasedanje 6	2017-12-15	-	Reference	English	Regular	MP	notMinister	Živi zid	Živi zid	Coalition	-	PernarIvan	Pernar, Ivan	M	1985	
ParlaMint-HR-en_2017-11-08-0	ParlaMint-HR_2017-11-08-0.u55541	Minutes of the National Assembly of the Republic of Croatia, Term 9, Session 6	2017-11-08	Unicameralism	9. mandat	-	Zasedanje 6	2017-12-15	-	Reference	English	Chairperson	MP	notMinister	HDZ	Hrvatska demokratska zajednica	Coalition	Centre-right	JandrokovićGordan	Jandroković, Gordan	M	1967	
ParlaMint-HR-en_2017-11-08-0	ParlaMint-HR_2017-11-08-0.u55542	Minutes of the National Assembly of the Republic of Croatia, Term 9, Session 6	2017-11-08	Unicameralism	9. mandat	-	Zasedanje 6	2017-12-15	-	Reference	English	Regular	MP	notMinister	Živi zid	Živi zid	Coalition	-	PernarIvan	Pernar, Ivan	M	1985	
ParlaMint-HR-en_2017-11-08-0	ParlaMint-HR_2017-11-08-0.u55543	Minutes of the National Assembly of the Republic of Croatia, Term 9, Session 6	2017-11-08	Unicameralism	9. mandat	-	Zasedanje 6	2017-12-15	-	Reference	English	Chairperson	MP	notMinister	HDZ	Hrvatska demokratska zajednica	Coalition	Centre-right	JandrokovićGordan	Jandroković, Gordan	M	1967	
ParlaMint-HR-en_2017-11-08-0	ParlaMint-HR_2017-11-08-0.u55544	Minutes of the National Assembly of the Republic of Croatia, Term 9, Session 6	2017-11-08	Unicameralism	9. mandat	-	Zasedanje 6	2017-12-15	-	Reference	English	Regular	MP	notMinister	GLAS	Građansko-liberalni savez	Opposition	Centre-left	BeusRichemberghGoran	Beus Richembergh, Goran	M	1965	
ParlaMint-HR-en_2017-11-08-0	ParlaMint-HR_2017-11-08-0.u55545	Minutes of the National Assembly of the Republic of Croatia, Term 9, Session 6	2017-11-08	Unicameralism	9. mandat	-	Zasedanje 6	2017-12-15	-	Reference	English	Chairperson	MP	notMinister	HDZ	Hrvatska demokratska zajednica	Coalition	Centre-right	JandrokovićGordan	Jandroković, Gordan	M	1967	
ParlaMint-HR-en_2017-11-08-0	ParlaMint-HR_2017-11-08-0.u55546	Minutes of the National Assembly of the Republic of Croatia, Term 9, Session 6	2017-11-08	Unicameralism	9. mandat	-	Zasedanje 6	2017-12-15	-	Reference	English	Regular	MP	notMinister	GLAS	Građansko-liberalni savez	Opposition	Centre-left	BeusRichemberghGoran	Beus Richembergh, Goran	M	1965	
ParlaMint-HR-en_2017-11-08-0	ParlaMint-HR_2017-11-08-0.u55547	Minutes of the National Assembly of the Republic of Croatia, Term 9, Session 6	2017-11-08	Unicameralism	9. mandat	-	Zasedanje 6	2017-12-15	-	Reference	English	Chairperson	MP	notMinister	HDZ	Hrvatska demokratska zajednica	Coalition	Centre-right	JandrokovićGordan	Jandroković, Gordan	M	1967	
ParlaMint-HR-en_2017-11-08-0	ParlaMint-HR_2017-11-08-0.u55548	Minutes of the National Assembly of the Republic of Croatia, Term 9, Session 6	2017-11-08	Unicameralism	9. mandat	-	Zasedanje 6	2017-12-15	-	Reference	English	Regular	MP	notMinister	SDP	Socijaldemokratska partija Hrvatske	Coalition	Centre-left	GlasovacSabina	Glasovac, Sabina	F	1978	
ParlaMint-HR-en_2017-11-08-0	ParlaMint-HR_2017-11-08-0.u55549	Minutes of the National Assembly of the Republic of Croatia, Term 9, Session 6	2017-11-08	Unicameralism	9. mandat	-	Zasedanje 6	2017-12-15	-	Reference	English	Chairperson	MP	notMinister	HDZ	Hrvatska demokratska zajednica	Coalition	Centre-right	JandrokovićGordan	Jandroković, Gordan	M	1967	
ParlaMint-HR-en_2017-11-08-0	ParlaMint-HR_2017-11-08-0.u55550	Minutes of the National Assembly of the Republic of Croatia, Term 9, Session 6	2017-11-08	Unicameralism	9. mandat	-	Zasedanje 6	2017-12-15	-	Reference	English	Regular	MP	notMinister	HDZ	Hrvatska demokratska zajednica	Coalition	Centre-right	JuričevMartinčevBranka	Juričev-Martinčev, Branka	F	1965	
ParlaMint-HR-en_2017-11-08-0	ParlaMint-HR_2017-11-08-0.u55551	Minutes of the National Assembly of the Republic of Croatia, Term 9, Session 6	2017-11-08	Unicameralism	9. mandat	-	Zasedanje 6	2017-12-15	-	Reference	English	Chairperson	MP	notMinister	HDZ	Hrvatska demokratska zajednica	Coalition	Centre-right	JandrokovićGordan	Jandroković, Gordan	M	1967	
ParlaMint-HR-en_2017-11-08-0	ParlaMint-HR_2017-11-08-0.u55553	Minutes of the National Assembly of the Republic of Croatia, Term 9, Session 6	2017-11-08	Unicameralism	9. mandat	-	Zasedanje 6	2017-12-15	-	Reference	English	Regular	MP	notMinister	MOST	Most nezavisnih lista	Opposition	Centre-right to right	PanenićTomislav	Panenić, Tomislav	M	1973	
ParlaMint-HR-en_2017-11-08-0	ParlaMint-HR_2017-11-08-0.u55554	Minutes of the National Assembly of the Republic of Croatia, Term 9, Session 6	2017-11-08	Unicameralism	9. mandat	-	Zasedanje 6	2017-12-15	-	Reference	English	Chairperson	MP	notMinister	HDZ	Hrvatska demokratska zajednica	Coalition	Centre-right	JandrokovićGordan	Jandroković, Gordan	M	1967	
ParlaMint-HR-en_2017-11-08-0	ParlaMint-HR_2017-11-08-0.u55555	Minutes of the National Assembly of the Republic of Croatia, Term 9, Session 6	2017-11-08	Unicameralism	9. mandat	-	Zasedanje 6	2017-12-15	-	Reference	English	Regular	MP	notMinister	Živi zid	Živi zid	Coalition	-	PernarIvan	Pernar, Ivan	M	1985	
ParlaMint-HR-en_2017-11-08-0	ParlaMint-HR_2017-11-08-0.u55556	Minutes of the National Assembly of the Republic of Croatia, Term 9, Session 6	2017-11-08	Unicameralism	9. mandat	-	Zasedanje 6	2017-12-15	-	Reference	English	Chairperson	MP	notMinister	HDZ	Hrvatska demokratska zajednica	Coalition	Centre-right	JandrokovićGordan	Jandroković, Gordan	M	1967	
ParlaMint-HR-en_2017-11-08-0	ParlaMint-HR_2017-11-08-0.u55557	Minutes of the National Assembly of the Republic of Croatia, Term 9, Session 6	2017-11-08	Unicameralism	9. mandat	-	Zasedanje 6	2017-12-15	-	Reference	English	Regular	MP	notMinister	GLAS	Građansko-liberalni savez	Opposition	Centre-left	BeusRichemberghGoran	Beus Richembergh, Goran	M	1965	
ParlaMint-HR-en_2017-11-08-0	ParlaMint-HR_2017-11-08-0.u55558	Minutes of the National Assembly of the Republic of Croatia, Term 9, Session 6	2017-11-08	Unicameralism	9. mandat	-	Zasedanje 6	2017-12-15	-	Reference	English	Chairperson	MP	notMinister	HDZ	Hrvatska demokratska zajednica	Coalition	Centre-right	JandrokovićGordan	Jandroković, Gordan	M	1967	
ParlaMint-HR-en_2017-11-08-0	ParlaMint-HR_2017-11-08-0.u55559	Minutes of the National Assembly of the Republic of Croatia, Term 9, Session 6	2017-11-08	Unicameralism	9. mandat	-	Zasedanje 6	2017-12-15	-	Reference	English	Regular	MP	notMinister	SDP	Socijaldemokratska partija Hrvatske	Coalition	Centre-left	JovanovićŽeljko	Jovanović, Željko	M	1965	
ParlaMint-HR-en_2017-11-08-0	ParlaMint-HR_2017-11-08-0.u55560	Minutes of the National Assembly of the Republic of Croatia, Term 9, Session 6	2017-11-08	Unicameralism	9. mandat	-	Zasedanje 6	2017-12-15	-	Reference	English	Chairperson	MP	notMinister	HDZ	Hrvatska demokratska zajednica	Coalition	Centre-right	JandrokovićGordan	Jandroković, Gordan	M	1967	
ParlaMint-HR-en_2017-11-08-0	ParlaMint-HR_2017-11-08-0.u55561	Minutes of the National Assembly of the Republic of Croatia, Term 9, Session 6	2017-11-08	Unicameralism	9. mandat	-	Zasedanje 6	2017-12-15	-	Reference	English	Regular	MP	notMinister	HDZ	Hrvatska demokratska zajednica	Coalition	Centre-right	LucićFranjo	Lucić, Franjo	M	1958	
ParlaMint-HR-en_2017-11-08-0	ParlaMint-HR_2017-11-08-0.u55562	Minutes of the National Assembly of the Republic of Croatia, Term 9, Session 6	2017-11-08	Unicameralism	9. mandat	-	Zasedanje 6	2017-12-15	-	Reference	English	Chairperson	MP	notMinister	HDZ	Hrvatska demokratska zajednica	Coalition	Centre-right	JandrokovićGordan	Jandroković, Gordan	M	1967	
ParlaMint-HR-en_2017-11-08-0	ParlaMint-HR_2017-11-08-0.u55563	Minutes of the National Assembly of the Republic of Croatia, Term 9, Session 6	2017-11-08	Unicameralism	9. mandat	-	Zasedanje 6	2017-12-15	-	Reference	English	Regular	MP	notMinister	SDP	Socijaldemokratska partija Hrvatske	Coalition	Centre-left	JovanovićŽeljko	Jovanović, Željko	M	1965	
ParlaMint-HR-en_2017-11-08-0	ParlaMint-HR_2017-11-08-0.u55564	Minutes of the National Assembly of the Republic of Croatia, Term 9, Session 6	2017-11-08	Unicameralism	9. mandat	-	Zasedanje 6	2017-12-15	-	Reference	English	Chairperson	MP	notMinister	HDZ	Hrvatska demokratska zajednica	Coalition	Centre-right	JandrokovićGordan	Jandroković, Gordan	M	1967	
ParlaMint-HR-en_2017-11-08-0	ParlaMint-HR_2017-11-08-0.u55565	Minutes of the National Assembly of the Republic of Croatia, Term 9, Session 6	2017-11-08	Unicameralism	9. mandat	-	Zasedanje 6	2017-12-15	-	Reference	English	Regular	MP	notMinister	SDP	Socijaldemokratska partija Hrvatske	Coalition	Centre-left	JovanovićŽeljko	Jovanović, Željko	M	1965	
ParlaMint-HR-en_2017-11-08-0	ParlaMint-HR_2017-11-08-0.u55566	Minutes of the National Assembly of the Republic of Croatia, Term 9, Session 6	2017-11-08	Unicameralism	9. mandat	-	Zasedanje 6	2017-12-15	-	Reference	English	Chairperson	MP	notMinister	HDZ	Hrvatska demokratska zajednica	Coalition	Centre-right	JandrokovićGordan	Jandroković, Gordan	M	1967	
ParlaMint-HR-en_2017-11-08-0	ParlaMint-HR_2017-11-08-0.u55567	Minutes of the National Assembly of the Republic of Croatia, Term 9, Session 6	2017-11-08	Unicameralism	9. mandat	-	Zasedanje 6	2017-12-15	-	Reference	English	Regular	MP	notMinister	HDZ	Hrvatska demokratska zajednica	Coalition	Centre-right	JuričevMartinčevBranka	Juričev-Martinčev, Branka	F	1965	
ParlaMint-HR-en_2017-11-08-0	ParlaMint-HR_2017-11-08-0.u55568	Minutes of the National Assembly of the Republic of Croatia, Term 9, Session 6	2017-11-08	Unicameralism	9. mandat	-	Zasedanje 6	2017-12-15	-	Reference	English	Chairperson	MP	notMinister	HDZ	Hrvatska demokratska zajednica	Coalition	Centre-right	JandrokovićGordan	Jandroković, Gordan	M	1967	
ParlaMint-HR-en_2017-11-08-0	ParlaMint-HR_2017-11-08-0.u55570	Minutes of the National Assembly of the Republic of Croatia, Term 9, Session 6	2017-11-08	Unicameralism	9. mandat	-	Zasedanje 6	2017-12-15	-	Reference	English	Regular	MP	notMinister	MOST	Most nezavisnih lista	Opposition	Centre-right to right	PanenićTomislav	Panenić, Tomislav	M	1973	
ParlaMint-HR-en_2017-11-08-0	ParlaMint-HR_2017-11-08-0.u55571	Minutes of the National Assembly of the Republic of Croatia, Term 9, Session 6	2017-11-08	Unicameralism	9. mandat	-	Zasedanje 6	2017-12-15	-	Reference	English	Chairperson	MP	notMinister	HDZ	Hrvatska demokratska zajednica	Coalition	Centre-right	JandrokovićGordan	Jandroković, Gordan	M	1967	
ParlaMint-HR-en_2017-11-08-0	ParlaMint-HR_2017-11-08-0.u55572	Minutes of the National Assembly of the Republic of Croatia, Term 9, Session 6	2017-11-08	Unicameralism	9. mandat	-	Zasedanje 6	2017-12-15	-	Reference	English	Regular	MP	notMinister	Živi zid	Živi zid	Coalition	-	PernarIvan	Pernar, Ivan	M	1985	
ParlaMint-HR-en_2017-11-08-0	ParlaMint-HR_2017-11-08-0.u55573	Minutes of the National Assembly of the Republic of Croatia, Term 9, Session 6	2017-11-08	Unicameralism	9. mandat	-	Zasedanje 6	2017-12-15	-	Reference	English	Chairperson	MP	notMinister	HDZ	Hrvatska demokratska zajednica	Coalition	Centre-right	JandrokovićGordan	Jandroković, Gordan	M	1967	
ParlaMint-HR-en_2017-11-08-0	ParlaMint-HR_2017-11-08-0.u55574	Minutes of the National Assembly of the Republic of Croatia, Term 9, Session 6	2017-11-08	Unicameralism	9. mandat	-	Zasedanje 6	2017-12-15	-	Reference	English	Regular	MP	notMinister	Živi zid	Živi zid	Coalition	-	PernarIvan	Pernar, Ivan	M	1985	
ParlaMint-HR-en_2017-11-08-0	ParlaMint-HR_2017-11-08-0.u55575	Minutes of the National Assembly of the Republic of Croatia, Term 9, Session 6	2017-11-08	Unicameralism	9. mandat	-	Zasedanje 6	2017-12-15	-	Reference	English	Chairperson	MP	notMinister	HDZ	Hrvatska demokratska zajednica	Coalition	Centre-right	JandrokovićGordan	Jandroković, Gordan	M	1967	
ParlaMint-HR-en_2017-11-08-0	ParlaMint-HR_2017-11-08-0.u55576	Minutes of the National Assembly of the Republic of Croatia, Term 9, Session 6	2017-11-08	Unicameralism	9. mandat	-	Zasedanje 6	2017-12-15	-	Reference	English	Regular	MP	notMinister	GLAS	Građansko-liberalni savez	Opposition	Centre-left	BeusRichemberghGoran	Beus Richembergh, Goran	M	1965	
ParlaMint-HR-en_2017-11-08-0	ParlaMint-HR_2017-11-08-0.u55577	Minutes of the National Assembly of the Republic of Croatia, Term 9, Session 6	2017-11-08	Unicameralism	9. mandat	-	Zasedanje 6	2017-12-15	-	Reference	English	Chairperson	MP	notMinister	HDZ	Hrvatska demokratska zajednica	Coalition	Centre-right	JandrokovićGordan	Jandroković, Gordan	M	1967	
ParlaMint-HR-en_2017-11-08-0	ParlaMint-HR_2017-11-08-0.u55578	Minutes of the National Assembly of the Republic of Croatia, Term 9, Session 6	2017-11-08	Unicameralism	9. mandat	-	Zasedanje 6	2017-12-15	-	Reference	English	Regular	MP	notMinister	GLAS	Građansko-liberalni savez	Opposition	Centre-left	BeusRichemberghGoran	Beus Richembergh, Goran	M	1965	
ParlaMint-HR-en_2017-11-08-0	ParlaMint-HR_2017-11-08-0.u55579	Minutes of the National Assembly of the Republic of Croatia, Term 9, Session 6	2017-11-08	Unicameralism	9. mandat	-	Zasedanje 6	2017-12-15	-	Reference	English	Chairperson	MP	notMinister	HDZ	Hrvatska demokratska zajednica	Coalition	Centre-right	JandrokovićGordan	Jandroković, Gordan	M	1967	
ParlaMint-HR-en_2017-11-08-0	ParlaMint-HR_2017-11-08-0.u55580	Minutes of the National Assembly of the Republic of Croatia, Term 9, Session 6	2017-11-08	Unicameralism	9. mandat	-	Zasedanje 6	2017-12-15	-	Reference	English	Regular	MP	notMinister	SDP	Socijaldemokratska partija Hrvatske	Coalition	Centre-left	GlasovacSabina	Glasovac, Sabina	F	1978	
ParlaMint-HR-en_2017-11-08-0	ParlaMint-HR_2017-11-08-0.u55581	Minutes of the National Assembly of the Republic of Croatia, Term 9, Session 6	2017-11-08	Unicameralism	9. mandat	-	Zasedanje 6	2017-12-15	-	Reference	English	Chairperson	MP	notMinister	HDZ	Hrvatska demokratska zajednica	Coalition	Centre-right	JandrokovićGordan	Jandroković, Gordan	M	1967	
ParlaMint-HR-en_2017-11-08-0	ParlaMint-HR_2017-11-08-0.u55582	Minutes of the National Assembly of the Republic of Croatia, Term 9, Session 6	2017-11-08	Unicameralism	9. mandat	-	Zasedanje 6	2017-12-15	-	Reference	English	Regular	MP	notMinister	HDZ	Hrvatska demokratska zajednica	Coalition	Centre-right	JuričevMartinčevBranka	Juričev-Martinčev, Branka	F	1965	
ParlaMint-HR-en_2017-11-08-0	ParlaMint-HR_2017-11-08-0.u55583	Minutes of the National Assembly of the Republic of Croatia, Term 9, Session 6	2017-11-08	Unicameralism	9. mandat	-	Zasedanje 6	2017-12-15	-	Reference	English	Chairperson	MP	notMinister	HDZ	Hrvatska demokratska zajednica	Coalition	Centre-right	JandrokovićGordan	Jandroković, Gordan	M	1967	
ParlaMint-HR-en_2017-11-08-0	ParlaMint-HR_2017-11-08-0.u55585	Minutes of the National Assembly of the Republic of Croatia, Term 9, Session 6	2017-11-08	Unicameralism	9. mandat	-	Zasedanje 6	2017-12-15	-	Reference	English	Regular	MP	notMinister	MOST	Most nezavisnih lista	Opposition	Centre-right to right	PanenićTomislav	Panenić, Tomislav	M	1973	
ParlaMint-HR-en_2017-11-08-0	ParlaMint-HR_2017-11-08-0.u55586	Minutes of the National Assembly of the Republic of Croatia, Term 9, Session 6	2017-11-08	Unicameralism	9. mandat	-	Zasedanje 6	2017-12-15	-	Reference	English	Chairperson	MP	notMinister	HDZ	Hrvatska demokratska zajednica	Coalition	Centre-right	JandrokovićGordan	Jandroković, Gordan	M	1967	
ParlaMint-HR-en_2017-11-08-0	ParlaMint-HR_2017-11-08-0.u55587	Minutes of the National Assembly of the Republic of Croatia, Term 9, Session 6	2017-11-08	Unicameralism	9. mandat	-	Zasedanje 6	2017-12-15	-	Reference	English	Regular	MP	notMinister	Živi zid	Živi zid	Coalition	-	PernarIvan	Pernar, Ivan	M	1985	
ParlaMint-HR-en_2017-11-08-0	ParlaMint-HR_2017-11-08-0.u55588	Minutes of the National Assembly of the Republic of Croatia, Term 9, Session 6	2017-11-08	Unicameralism	9. mandat	-	Zasedanje 6	2017-12-15	-	Reference	English	Chairperson	MP	notMinister	HDZ	Hrvatska demokratska zajednica	Coalition	Centre-right	JandrokovićGordan	Jandroković, Gordan	M	1967	
ParlaMint-HR-en_2017-11-08-0	ParlaMint-HR_2017-11-08-0.u55589	Minutes of the National Assembly of the Republic of Croatia, Term 9, Session 6	2017-11-08	Unicameralism	9. mandat	-	Zasedanje 6	2017-12-15	-	Reference	English	Regular	MP	notMinister	GLAS	Građansko-liberalni savez	Opposition	Centre-left	BeusRichemberghGoran	Beus Richembergh, Goran	M	1965	
ParlaMint-HR-en_2017-11-08-0	ParlaMint-HR_2017-11-08-0.u55590	Minutes of the National Assembly of the Republic of Croatia, Term 9, Session 6	2017-11-08	Unicameralism	9. mandat	-	Zasedanje 6	2017-12-15	-	Reference	English	Chairperson	MP	notMinister	HDZ	Hrvatska demokratska zajednica	Coalition	Centre-right	JandrokovićGordan	Jandroković, Gordan	M	1967	
ParlaMint-HR-en_2017-11-08-0	ParlaMint-HR_2017-11-08-0.u55591	Minutes of the National Assembly of the Republic of Croatia, Term 9, Session 6	2017-11-08	Unicameralism	9. mandat	-	Zasedanje 6	2017-12-15	-	Reference	English	Regular	MP	notMinister	SDP	Socijaldemokratska partija Hrvatske	Coalition	Centre-left	JovanovićŽeljko	Jovanović, Željko	M	1965	
ParlaMint-HR-en_2017-11-08-0	ParlaMint-HR_2017-11-08-0.u55592	Minutes of the National Assembly of the Republic of Croatia, Term 9, Session 6	2017-11-08	Unicameralism	9. mandat	-	Zasedanje 6	2017-12-15	-	Reference	English	Chairperson	MP	notMinister	HDZ	Hrvatska demokratska zajednica	Coalition	Centre-right	JandrokovićGordan	Jandroković, Gordan	M	1967	
ParlaMint-HR-en_2017-11-08-0	ParlaMint-HR_2017-11-08-0.u55593	Minutes of the National Assembly of the Republic of Croatia, Term 9, Session 6	2017-11-08	Unicameralism	9. mandat	-	Zasedanje 6	2017-12-15	-	Reference	English	Regular	MP	notMinister	HDZ	Hrvatska demokratska zajednica	Coalition	Centre-right	LucićFranjo	Lucić, Franjo	M	1958	
ParlaMint-HR-en_2017-11-08-0	ParlaMint-HR_2017-11-08-0.u55594	Minutes of the National Assembly of the Republic of Croatia, Term 9, Session 6	2017-11-08	Unicameralism	9. mandat	-	Zasedanje 6	2017-12-15	-	Reference	English	Chairperson	MP	notMinister	HDZ	Hrvatska demokratska zajednica	Coalition	Centre-right	JandrokovićGordan	Jandroković, Gordan	M	1967	
ParlaMint-HR-en_2017-11-08-0	ParlaMint-HR_2017-11-08-0.u55595	Minutes of the National Assembly of the Republic of Croatia, Term 9, Session 6	2017-11-08	Unicameralism	9. mandat	-	Zasedanje 6	2017-12-15	-	Reference	English	Regular	MP	notMinister	SDP	Socijaldemokratska partija Hrvatske	Coalition	Centre-left	JovanovićŽeljko	Jovanović, Željko	M	1965	
ParlaMint-HR-en_2017-11-08-0	ParlaMint-HR_2017-11-08-0.u55596	Minutes of the National Assembly of the Republic of Croatia, Term 9, Session 6	2017-11-08	Unicameralism	9. mandat	-	Zasedanje 6	2017-12-15	-	Reference	English	Chairperson	MP	notMinister	HDZ	Hrvatska demokratska zajednica	Coalition	Centre-right	JandrokovićGordan	Jandroković, Gordan	M	1967	
ParlaMint-HR-en_2017-11-08-0	ParlaMint-HR_2017-11-08-0.u55597	Minutes of the National Assembly of the Republic of Croatia, Term 9, Session 6	2017-11-08	Unicameralism	9. mandat	-	Zasedanje 6	2017-12-15	-	Reference	English	Regular	MP	notMinister	SDP	Socijaldemokratska partija Hrvatske	Coalition	Centre-left	JovanovićŽeljko	Jovanović, Željko	M	1965	
ParlaMint-HR-en_2017-11-08-0	ParlaMint-HR_2017-11-08-0.u55598	Minutes of the National Assembly of the Republic of Croatia, Term 9, Session 6	2017-11-08	Unicameralism	9. mandat	-	Zasedanje 6	2017-12-15	-	Reference	English	Chairperson	MP	notMinister	HDZ	Hrvatska demokratska zajednica	Coalition	Centre-right	JandrokovićGordan	Jandroković, Gordan	M	1967	
ParlaMint-HR-en_2017-11-08-0	ParlaMint-HR_2017-11-08-0.u55599	Minutes of the National Assembly of the Republic of Croatia, Term 9, Session 6	2017-11-08	Unicameralism	9. mandat	-	Zasedanje 6	2017-12-15	-	Reference	English	Regular	MP	notMinister	HDZ	Hrvatska demokratska zajednica	Coalition	Centre-right	JuričevMartinčevBranka	Juričev-Martinčev, Branka	F	1965	
ParlaMint-HR-en_2017-11-08-0	ParlaMint-HR_2017-11-08-0.u55600	Minutes of the National Assembly of the Republic of Croatia, Term 9, Session 6	2017-11-08	Unicameralism	9. mandat	-	Zasedanje 6	2017-12-15	-	Reference	English	Chairperson	MP	notMinister	HDZ	Hrvatska demokratska zajednica	Coalition	Centre-right	JandrokovićGordan	Jandroković, Gordan	M	1967	
ParlaMint-HR-en_2017-11-08-0	ParlaMint-HR_2017-11-08-0.u56182	Minutes of the National Assembly of the Republic of Croatia, Term 9, Session 6	2017-11-08	Unicameralism	9. mandat	-	Zasedanje 6	2017-12-15	-	Reference	English	Regular	MP	notMinister	SDSS	Samostalna demokratska srpska stranka	Opposition	Centre-left	MiloševićBoris	Milošević, Boris	M	1974	
ParlaMint-HR-en_2017-11-08-0	ParlaMint-HR_2017-11-08-0.u56183	Minutes of the National Assembly of the Republic of Croatia, Term 9, Session 6	2017-11-08	Unicameralism	9. mandat	-	Zasedanje 6	2017-12-15	-	Reference	English	Chairperson	MP	notMinister	HDZ	Hrvatska demokratska zajednica	Coalition	Centre-right	JandrokovićGordan	Jandroković, Gordan	M	1967	
ParlaMint-HR-en_2017-11-08-0	ParlaMint-HR_2017-11-08-0.u56184	Minutes of the National Assembly of the Republic of Croatia, Term 9, Session 6	2017-11-08	Unicameralism	9. mandat	-	Zasedanje 6	2017-12-15	-	Reference	English	Regular	MP	notMinister	HDZ	Hrvatska demokratska zajednica	Coalition	Centre-right	PlenkovićAndrej	Plenković, Andrej	M	1970	
ParlaMint-HR-en_2017-11-08-0	ParlaMint-HR_2017-11-08-0.u56185	Minutes of the National Assembly of the Republic of Croatia, Term 9, Session 6	2017-11-08	Unicameralism	9. mandat	-	Zasedanje 6	2017-12-15	-	Reference	English	Chairperson	MP	notMinister	HDZ	Hrvatska demokratska zajednica	Coalition	Centre-right	JandrokovićGordan	Jandroković, Gordan	M	1967	
ParlaMint-HR-en_2017-11-08-0	ParlaMint-HR_2017-11-08-0.u56186	Minutes of the National Assembly of the Republic of Croatia, Term 9, Session 6	2017-11-08	Unicameralism	9. mandat	-	Zasedanje 6	2017-12-15	-	Reference	English	Regular	MP	notMinister	SDSS	Samostalna demokratska srpska stranka	Opposition	Centre-left	MiloševićBoris	Milošević, Boris	M	1974	
ParlaMint-HR-en_2017-11-08-0	ParlaMint-HR_2017-11-08-0.u56187	Minutes of the National Assembly of the Republic of Croatia, Term 9, Session 6	2017-11-08	Unicameralism	9. mandat	-	Zasedanje 6	2017-12-15	-	Reference	English	Chairperson	MP	notMinister	HDZ	Hrvatska demokratska zajednica	Coalition	Centre-right	JandrokovićGordan	Jandroković, Gordan	M	1967	
ParlaMint-HR-en_2017-11-08-0	ParlaMint-HR_2017-11-08-0.u56188	Minutes of the National Assembly of the Republic of Croatia, Term 9, Session 6	2017-11-08	Unicameralism	9. mandat	-	Zasedanje 6	2017-12-15	-	Reference	English	Regular	MP	notMinister	SDP	Socijaldemokratska partija Hrvatske	Coalition	Centre-left	BernardićDavor	Bernardić, Davor	M	1980	
ParlaMint-HR-en_2017-11-08-0	ParlaMint-HR_2017-11-08-0.u56189	Minutes of the National Assembly of the Republic of Croatia, Term 9, Session 6	2017-11-08	Unicameralism	9. mandat	-	Zasedanje 6	2017-12-15	-	Reference	English	Chairperson	MP	notMinister	HDZ	Hrvatska demokratska zajednica	Coalition	Centre-right	JandrokovićGordan	Jandroković, Gordan	M	1967	
ParlaMint-HR-en_2017-11-08-0	ParlaMint-HR_2017-11-08-0.u56190	Minutes of the National Assembly of the Republic of Croatia, Term 9, Session 6	2017-11-08	Unicameralism	9. mandat	-	Zasedanje 6	2017-12-15	-	Reference	English	Regular	MP	notMinister	HDZ	Hrvatska demokratska zajednica	Coalition	Centre-right	PlenkovićAndrej	Plenković, Andrej	M	1970	
ParlaMint-HR-en_2017-11-08-0	ParlaMint-HR_2017-11-08-0.u56191	Minutes of the National Assembly of the Republic of Croatia, Term 9, Session 6	2017-11-08	Unicameralism	9. mandat	-	Zasedanje 6	2017-12-15	-	Reference	English	Chairperson	MP	notMinister	HDZ	Hrvatska demokratska zajednica	Coalition	Centre-right	JandrokovićGordan	Jandroković, Gordan	M	1967	
ParlaMint-HR-en_2017-11-08-0	ParlaMint-HR_2017-11-08-0.u56192	Minutes of the National Assembly of the Republic of Croatia, Term 9, Session 6	2017-11-08	Unicameralism	9. mandat	-	Zasedanje 6	2017-12-15	-	Reference	English	Regular	MP	notMinister	SDP	Socijaldemokratska partija Hrvatske	Coalition	Centre-left	BernardićDavor	Bernardić, Davor	M	1980	
ParlaMint-HR-en_2017-11-08-0	ParlaMint-HR_2017-11-08-0.u56193	Minutes of the National Assembly of the Republic of Croatia, Term 9, Session 6	2017-11-08	Unicameralism	9. mandat	-	Zasedanje 6	2017-12-15	-	Reference	English	Chairperson	MP	notMinister	HDZ	Hrvatska demokratska zajednica	Coalition	Centre-right	JandrokovićGordan	Jandroković, Gordan	M	1967	
ParlaMint-HR-en_2017-11-08-0	ParlaMint-HR_2017-11-08-0.u56194	Minutes of the National Assembly of the Republic of Croatia, Term 9, Session 6	2017-11-08	Unicameralism	9. mandat	-	Zasedanje 6	2017-12-15	-	Reference	English	Regular	MP	notMinister	SDP	Socijaldemokratska partija Hrvatske	Coalition	Centre-left	HajdašDončićSiniša	Hajdaš Dončić, Siniša	M	1974	
ParlaMint-HR-en_2017-11-08-0	ParlaMint-HR_2017-11-08-0.u56195	Minutes of the National Assembly of the Republic of Croatia, Term 9, Session 6	2017-11-08	Unicameralism	9. mandat	-	Zasedanje 6	2017-12-15	-	Reference	English	Chairperson	MP	notMinister	HDZ	Hrvatska demokratska zajednica	Coalition	Centre-right	JandrokovićGordan	Jandroković, Gordan	M	1967	
ParlaMint-HR-en_2017-11-08-0	ParlaMint-HR_2017-11-08-0.u56196	Minutes of the National Assembly of the Republic of Croatia, Term 9, Session 6	2017-11-08	Unicameralism	9. mandat	-	Zasedanje 6	2017-12-15	-	Reference	English	Regular	MP	notMinister	HDZ	Hrvatska demokratska zajednica	Coalition	Centre-right	PlenkovićAndrej	Plenković, Andrej	M	1970	
ParlaMint-HR-en_2017-11-08-0	ParlaMint-HR_2017-11-08-0.u56197	Minutes of the National Assembly of the Republic of Croatia, Term 9, Session 6	2017-11-08	Unicameralism	9. mandat	-	Zasedanje 6	2017-12-15	-	Reference	English	Chairperson	MP	notMinister	HDZ	Hrvatska demokratska zajednica	Coalition	Centre-right	JandrokovićGordan	Jandroković, Gordan	M	1967	
ParlaMint-HR-en_2017-11-08-0	ParlaMint-HR_2017-11-08-0.u56198	Minutes of the National Assembly of the Republic of Croatia, Term 9, Session 6	2017-11-08	Unicameralism	9. mandat	-	Zasedanje 6	2017-12-15	-	Reference	English	Regular	MP	notMinister	SDP	Socijaldemokratska partija Hrvatske	Coalition	Centre-left	HajdašDončićSiniša	Hajdaš Dončić, Siniša	M	1974	
ParlaMint-HR-en_2017-11-08-0	ParlaMint-HR_2017-11-08-0.u56199	Minutes of the National Assembly of the Republic of Croatia, Term 9, Session 6	2017-11-08	Unicameralism	9. mandat	-	Zasedanje 6	2017-12-15	-	Reference	English	Chairperson	MP	notMinister	HDZ	Hrvatska demokratska zajednica	Coalition	Centre-right	JandrokovićGordan	Jandroković, Gordan	M	1967	
ParlaMint-HR-en_2017-11-08-0	ParlaMint-HR_2017-11-08-0.u56200	Minutes of the National Assembly of the Republic of Croatia, Term 9, Session 6	2017-11-08	Unicameralism	9. mandat	-	Zasedanje 6	2017-12-15	-	Reference	English	Regular	MP	notMinister	HDZ	Hrvatska demokratska zajednica	Coalition	Centre-right	LončarDavor	Lončar, Davor	M	1960	
ParlaMint-HR-en_2017-11-08-0	ParlaMint-HR_2017-11-08-0.u56201	Minutes of the National Assembly of the Republic of Croatia, Term 9, Session 6	2017-11-08	Unicameralism	9. mandat	-	Zasedanje 6	2017-12-15	-	Reference	English	Chairperson	MP	notMinister	HDZ	Hrvatska demokratska zajednica	Coalition	Centre-right	JandrokovićGordan	Jandroković, Gordan	M	1967	
ParlaMint-HR-en_2017-11-08-0	ParlaMint-HR_2017-11-08-0.u56202	Minutes of the National Assembly of the Republic of Croatia, Term 9, Session 6	2017-11-08	Unicameralism	9. mandat	-	Zasedanje 6	2017-12-15	-	Reference	English	Regular	MP	Minister	HDZ	Hrvatska demokratska zajednica	Coalition	Centre-right	KuščevićLovro	Kuščević, Lovro	M	1975	
ParlaMint-HR-en_2017-11-08-0	ParlaMint-HR_2017-11-08-0.u56203	Minutes of the National Assembly of the Republic of Croatia, Term 9, Session 6	2017-11-08	Unicameralism	9. mandat	-	Zasedanje 6	2017-12-15	-	Reference	English	Chairperson	MP	notMinister	HDZ	Hrvatska demokratska zajednica	Coalition	Centre-right	JandrokovićGordan	Jandroković, Gordan	M	1967	
ParlaMint-HR-en_2017-11-08-0	ParlaMint-HR_2017-11-08-0.u56204	Minutes of the National Assembly of the Republic of Croatia, Term 9, Session 6	2017-11-08	Unicameralism	9. mandat	-	Zasedanje 6	2017-12-15	-	Reference	English	Regular	MP	notMinister	nezavisni	nezavisni	-	-	BilekVladimir	Bilek, Vladimir	M	1979	
ParlaMint-HR-en_2017-11-08-0	ParlaMint-HR_2017-11-08-0.u56205	Minutes of the National Assembly of the Republic of Croatia, Term 9, Session 6	2017-11-08	Unicameralism	9. mandat	-	Zasedanje 6	2017-12-15	-	Reference	English	Chairperson	MP	notMinister	HDZ	Hrvatska demokratska zajednica	Coalition	Centre-right	JandrokovićGordan	Jandroković, Gordan	M	1967	
ParlaMint-HR-en_2017-11-08-0	ParlaMint-HR_2017-11-08-0.u56206	Minutes of the National Assembly of the Republic of Croatia, Term 9, Session 6	2017-11-08	Unicameralism	9. mandat	-	Zasedanje 6	2017-12-15	-	Reference	English	Regular	MP	Minister	HDZ	Hrvatska demokratska zajednica	Coalition	Centre-right	ĆorićTomislav	Ćorić, Tomislav	M	1979	
ParlaMint-HR-en_2017-11-08-0	ParlaMint-HR_2017-11-08-0.u56207	Minutes of the National Assembly of the Republic of Croatia, Term 9, Session 6	2017-11-08	Unicameralism	9. mandat	-	Zasedanje 6	2017-12-15	-	Reference	English	Chairperson	MP	notMinister	HDZ	Hrvatska demokratska zajednica	Coalition	Centre-right	JandrokovićGordan	Jandroković, Gordan	M	1967	
ParlaMint-HR-en_2017-11-08-0	ParlaMint-HR_2017-11-08-0.u56208	Minutes of the National Assembly of the Republic of Croatia, Term 9, Session 6	2017-11-08	Unicameralism	9. mandat	-	Zasedanje 6	2017-12-15	-	Reference	English	Regular	MP	notMinister	nezavisni	nezavisni	-	-	BilekVladimir	Bilek, Vladimir	M	1979	
ParlaMint-HR-en_2017-11-08-0	ParlaMint-HR_2017-11-08-0.u56209	Minutes of the National Assembly of the Republic of Croatia, Term 9, Session 6	2017-11-08	Unicameralism	9. mandat	-	Zasedanje 6	2017-12-15	-	Reference	English	Chairperson	MP	notMinister	HDZ	Hrvatska demokratska zajednica	Coalition	Centre-right	JandrokovićGordan	Jandroković, Gordan	M	1967	
ParlaMint-HR-en_2017-11-08-0	ParlaMint-HR_2017-11-08-0.u56210	Minutes of the National Assembly of the Republic of Croatia, Term 9, Session 6	2017-11-08	Unicameralism	9. mandat	-	Zasedanje 6	2017-12-15	-	Reference	English	Regular	MP	notMinister	IDS	Istarski demokratski sabor	Coalition	Centre to centre-left	MiletićBoris	Miletić, Boris	M	1975	
ParlaMint-HR-en_2017-11-08-0	ParlaMint-HR_2017-11-08-0.u56211	Minutes of the National Assembly of the Republic of Croatia, Term 9, Session 6	2017-11-08	Unicameralism	9. mandat	-	Zasedanje 6	2017-12-15	-	Reference	English	Chairperson	MP	notMinister	HDZ	Hrvatska demokratska zajednica	Coalition	Centre-right	JandrokovićGordan	Jandroković, Gordan	M	1967	
ParlaMint-HR-en_2017-11-08-0	ParlaMint-HR_2017-11-08-0.u56212	Minutes of the National Assembly of the Republic of Croatia, Term 9, Session 6	2017-11-08	Unicameralism	9. mandat	-	Zasedanje 6	2017-12-15	-	Reference	English	Regular	MP	notMinister	HDZ	Hrvatska demokratska zajednica	Coalition	Centre-right	PlenkovićAndrej	Plenković, Andrej	M	1970	
ParlaMint-HR-en_2017-11-08-0	ParlaMint-HR_2017-11-08-0.u56213	Minutes of the National Assembly of the Republic of Croatia, Term 9, Session 6	2017-11-08	Unicameralism	9. mandat	-	Zasedanje 6	2017-12-15	-	Reference	English	Chairperson	MP	notMinister	HDZ	Hrvatska demokratska zajednica	Coalition	Centre-right	JandrokovićGordan	Jandroković, Gordan	M	1967	
ParlaMint-HR-en_2017-11-08-0	ParlaMint-HR_2017-11-08-0.u56214	Minutes of the National Assembly of the Republic of Croatia, Term 9, Session 6	2017-11-08	Unicameralism	9. mandat	-	Zasedanje 6	2017-12-15	-	Reference	English	Regular	MP	notMinister	IDS	Istarski demokratski sabor	Coalition	Centre to centre-left	MiletićBoris	Miletić, Boris	M	1975	
ParlaMint-HR-en_2017-11-08-0	ParlaMint-HR_2017-11-08-0.u56215	Minutes of the National Assembly of the Republic of Croatia, Term 9, Session 6	2017-11-08	Unicameralism	9. mandat	-	Zasedanje 6	2017-12-15	-	Reference	English	Chairperson	MP	notMinister	HDZ	Hrvatska demokratska zajednica	Coalition	Centre-right	JandrokovićGordan	Jandroković, Gordan	M	1967	
ParlaMint-HR-en_2017-11-08-0	ParlaMint-HR_2017-11-08-0.u56216	Minutes of the National Assembly of the Republic of Croatia, Term 9, Session 6	2017-11-08	Unicameralism	9. mandat	-	Zasedanje 6	2017-12-15	-	Reference	English	Regular	MP	notMinister	HDS	Hrvatska demokršćanska stranka	Coalition	Centre-right to right	HrgBranko	Hrg, Branko	M	1961	
ParlaMint-HR-en_2017-11-08-0	ParlaMint-HR_2017-11-08-0.u56217	Minutes of the National Assembly of the Republic of Croatia, Term 9, Session 6	2017-11-08	Unicameralism	9. mandat	-	Zasedanje 6	2017-12-15	-	Reference	English	Chairperson	MP	notMinister	HDZ	Hrvatska demokratska zajednica	Coalition	Centre-right	JandrokovićGordan	Jandroković, Gordan	M	1967	
ParlaMint-HR-en_2017-11-08-0	ParlaMint-HR_2017-11-08-0.u56218	Minutes of the National Assembly of the Republic of Croatia, Term 9, Session 6	2017-11-08	Unicameralism	9. mandat	-	Zasedanje 6	2017-12-15	-	Reference	English	Regular	notMP	Minister	-	-	-	-	PavićMarko	Pavić, Marko	M	1979	
ParlaMint-HR-en_2017-11-08-0	ParlaMint-HR_2017-11-08-0.u56219	Minutes of the National Assembly of the Republic of Croatia, Term 9, Session 6	2017-11-08	Unicameralism	9. mandat	-	Zasedanje 6	2017-12-15	-	Reference	English	Chairperson	MP	notMinister	HDZ	Hrvatska demokratska zajednica	Coalition	Centre-right	JandrokovićGordan	Jandroković, Gordan	M	1967	
ParlaMint-HR-en_2017-11-08-0	ParlaMint-HR_2017-11-08-0.u56220	Minutes of the National Assembly of the Republic of Croatia, Term 9, Session 6	2017-11-08	Unicameralism	9. mandat	-	Zasedanje 6	2017-12-15	-	Reference	English	Regular	MP	notMinister	HDS	Hrvatska demokršćanska stranka	Coalition	Centre-right to right	HrgBranko	Hrg, Branko	M	1961	
ParlaMint-HR-en_2017-11-08-0	ParlaMint-HR_2017-11-08-0.u56221	Minutes of the National Assembly of the Republic of Croatia, Term 9, Session 6	2017-11-08	Unicameralism	9. mandat	-	Zasedanje 6	2017-12-15	-	Reference	English	Chairperson	MP	notMinister	HDZ	Hrvatska demokratska zajednica	Coalition	Centre-right	JandrokovićGordan	Jandroković, Gordan	M	1967	
ParlaMint-HR-en_2017-11-08-0	ParlaMint-HR_2017-11-08-0.u56222	Minutes of the National Assembly of the Republic of Croatia, Term 9, Session 6	2017-11-08	Unicameralism	9. mandat	-	Zasedanje 6	2017-12-15	-	Reference	English	Regular	MP	notMinister	HDZ	Hrvatska demokratska zajednica	Coalition	Centre-right	MaksimčukLjubica	Maksimčuk, Ljubica	F	1973	
ParlaMint-HR-en_2017-11-08-0	ParlaMint-HR_2017-11-08-0.u56223	Minutes of the National Assembly of the Republic of Croatia, Term 9, Session 6	2017-11-08	Unicameralism	9. mandat	-	Zasedanje 6	2017-12-15	-	Reference	English	Chairperson	MP	notMinister	HDZ	Hrvatska demokratska zajednica	Coalition	Centre-right	JandrokovićGordan	Jandroković, Gordan	M	1967	
ParlaMint-HR-en_2017-11-08-0	ParlaMint-HR_2017-11-08-0.u56224	Minutes of the National Assembly of the Republic of Croatia, Term 9, Session 6	2017-11-08	Unicameralism	9. mandat	-	Zasedanje 6	2017-12-15	-	Reference	English	Regular	MP	Minister	HDZ	Hrvatska demokratska zajednica	Coalition	Centre-right	ĆorićTomislav	Ćorić, Tomislav	M	1979	
ParlaMint-HR-en_2017-11-08-0	ParlaMint-HR_2017-11-08-0.u56225	Minutes of the National Assembly of the Republic of Croatia, Term 9, Session 6	2017-11-08	Unicameralism	9. mandat	-	Zasedanje 6	2017-12-15	-	Reference	English	Chairperson	MP	notMinister	HDZ	Hrvatska demokratska zajednica	Coalition	Centre-right	JandrokovićGordan	Jandroković, Gordan	M	1967	
ParlaMint-HR-en_2017-11-08-0	ParlaMint-HR_2017-11-08-0.u56226	Minutes of the National Assembly of the Republic of Croatia, Term 9, Session 6	2017-11-08	Unicameralism	9. mandat	-	Zasedanje 6	2017-12-15	-	Reference	English	Regular	MP	notMinister	HDZ	Hrvatska demokratska zajednica	Coalition	Centre-right	MaksimčukLjubica	Maksimčuk, Ljubica	F	1973	
ParlaMint-HR-en_2017-11-08-0	ParlaMint-HR_2017-11-08-0.u56227	Minutes of the National Assembly of the Republic of Croatia, Term 9, Session 6	2017-11-08	Unicameralism	9. mandat	-	Zasedanje 6	2017-12-15	-	Reference	English	Chairperson	MP	notMinister	HDZ	Hrvatska demokratska zajednica	Coalition	Centre-right	JandrokovićGordan	Jandroković, Gordan	M	1967	
ParlaMint-HR-en_2017-11-08-0	ParlaMint-HR_2017-11-08-0.u56228	Minutes of the National Assembly of the Republic of Croatia, Term 9, Session 6	2017-11-08	Unicameralism	9. mandat	-	Zasedanje 6	2017-12-15	-	Reference	English	Regular	MP	notMinister	SDP	Socijaldemokratska partija Hrvatske	Coalition	Centre-left	GlasovacSabina	Glasovac, Sabina	F	1978	
ParlaMint-HR-en_2017-11-08-0	ParlaMint-HR_2017-11-08-0.u56229	Minutes of the National Assembly of the Republic of Croatia, Term 9, Session 6	2017-11-08	Unicameralism	9. mandat	-	Zasedanje 6	2017-12-15	-	Reference	English	Chairperson	MP	notMinister	HDZ	Hrvatska demokratska zajednica	Coalition	Centre-right	JandrokovićGordan	Jandroković, Gordan	M	1967	
ParlaMint-HR-en_2017-11-08-0	ParlaMint-HR_2017-11-08-0.u56230	Minutes of the National Assembly of the Republic of Croatia, Term 9, Session 6	2017-11-08	Unicameralism	9. mandat	-	Zasedanje 6	2017-12-15	-	Reference	English	Regular	notMP	Minister	-	-	-	-	DivjakBlaženka	Divjak, Blaženka	U	-	
ParlaMint-HR-en_2017-11-08-0	ParlaMint-HR_2017-11-08-0.u56231	Minutes of the National Assembly of the Republic of Croatia, Term 9, Session 6	2017-11-08	Unicameralism	9. mandat	-	Zasedanje 6	2017-12-15	-	Reference	English	Chairperson	MP	notMinister	HDZ	Hrvatska demokratska zajednica	Coalition	Centre-right	JandrokovićGordan	Jandroković, Gordan	M	1967	
ParlaMint-HR-en_2017-11-08-0	ParlaMint-HR_2017-11-08-0.u56232	Minutes of the National Assembly of the Republic of Croatia, Term 9, Session 6	2017-11-08	Unicameralism	9. mandat	-	Zasedanje 6	2017-12-15	-	Reference	English	Regular	MP	notMinister	SDP	Socijaldemokratska partija Hrvatske	Coalition	Centre-left	GlasovacSabina	Glasovac, Sabina	F	1978	
ParlaMint-HR-en_2017-11-08-0	ParlaMint-HR_2017-11-08-0.u56233	Minutes of the National Assembly of the Republic of Croatia, Term 9, Session 6	2017-11-08	Unicameralism	9. mandat	-	Zasedanje 6	2017-12-15	-	Reference	English	Chairperson	MP	notMinister	HDZ	Hrvatska demokratska zajednica	Coalition	Centre-right	JandrokovićGordan	Jandroković, Gordan	M	1967	
ParlaMint-HR-en_2017-11-08-0	ParlaMint-HR_2017-11-08-0.u56234	Minutes of the National Assembly of the Republic of Croatia, Term 9, Session 6	2017-11-08	Unicameralism	9. mandat	-	Zasedanje 6	2017-12-15	-	Reference	English	Regular	MP	notMinister	nezavisni	nezavisni	-	-	LackovićŽeljko	Lacković, Željko	M	1971	
ParlaMint-HR-en_2017-11-08-0	ParlaMint-HR_2017-11-08-0.u56235	Minutes of the National Assembly of the Republic of Croatia, Term 9, Session 6	2017-11-08	Unicameralism	9. mandat	-	Zasedanje 6	2017-12-15	-	Reference	English	Chairperson	MP	notMinister	HDZ	Hrvatska demokratska zajednica	Coalition	Centre-right	JandrokovićGordan	Jandroković, Gordan	M	1967	
ParlaMint-HR-en_2017-11-08-0	ParlaMint-HR_2017-11-08-0.u56236	Minutes of the National Assembly of the Republic of Croatia, Term 9, Session 6	2017-11-08	Unicameralism	9. mandat	-	Zasedanje 6	2017-12-15	-	Reference	English	Regular	MP	Minister	nezavisni	nezavisni	-	-	MarićZdravko	Marić, Zdravko	M	1977	
ParlaMint-HR-en_2017-11-08-0	ParlaMint-HR_2017-11-08-0.u56237	Minutes of the National Assembly of the Republic of Croatia, Term 9, Session 6	2017-11-08	Unicameralism	9. mandat	-	Zasedanje 6	2017-12-15	-	Reference	English	Chairperson	MP	notMinister	HDZ	Hrvatska demokratska zajednica	Coalition	Centre-right	JandrokovićGordan	Jandroković, Gordan	M	1967	
ParlaMint-HR-en_2017-11-08-0	ParlaMint-HR_2017-11-08-0.u56238	Minutes of the National Assembly of the Republic of Croatia, Term 9, Session 6	2017-11-08	Unicameralism	9. mandat	-	Zasedanje 6	2017-12-15	-	Reference	English	Regular	MP	notMinister	nezavisni	nezavisni	-	-	LackovićŽeljko	Lacković, Željko	M	1971	
ParlaMint-HR-en_2017-11-08-0	ParlaMint-HR_2017-11-08-0.u56239	Minutes of the National Assembly of the Republic of Croatia, Term 9, Session 6	2017-11-08	Unicameralism	9. mandat	-	Zasedanje 6	2017-12-15	-	Reference	English	Chairperson	MP	notMinister	HDZ	Hrvatska demokratska zajednica	Coalition	Centre-right	JandrokovićGordan	Jandroković, Gordan	M	1967	
ParlaMint-HR-en_2017-11-08-0	ParlaMint-HR_2017-11-08-0.u56240	Minutes of the National Assembly of the Republic of Croatia, Term 9, Session 6	2017-11-08	Unicameralism	9. mandat	-	Zasedanje 6	2017-12-15	-	Reference	English	Regular	MP	notMinister	SDP	Socijaldemokratska partija Hrvatske	Coalition	Centre-left	MateljanDamir	Mateljan, Damir	M	1970	
ParlaMint-HR-en_2017-11-08-0	ParlaMint-HR_2017-11-08-0.u56241	Minutes of the National Assembly of the Republic of Croatia, Term 9, Session 6	2017-11-08	Unicameralism	9. mandat	-	Zasedanje 6	2017-12-15	-	Reference	English	Chairperson	MP	notMinister	HDZ	Hrvatska demokratska zajednica	Coalition	Centre-right	JandrokovićGordan	Jandroković, Gordan	M	1967	
ParlaMint-HR-en_2017-11-08-0	ParlaMint-HR_2017-11-08-0.u56242	Minutes of the National Assembly of the Republic of Croatia, Term 9, Session 6	2017-11-08	Unicameralism	9. mandat	-	Zasedanje 6	2017-12-15	-	Reference	English	Regular	MP	Minister	HDZ	Hrvatska demokratska zajednica	Coalition	Centre-right	TolušićTomislav	Tolušić, Tomislav	M	1979	
ParlaMint-HR-en_2017-11-08-0	ParlaMint-HR_2017-11-08-0.u56243	Minutes of the National Assembly of the Republic of Croatia, Term 9, Session 6	2017-11-08	Unicameralism	9. mandat	-	Zasedanje 6	2017-12-15	-	Reference	English	Chairperson	MP	notMinister	HDZ	Hrvatska demokratska zajednica	Coalition	Centre-right	JandrokovićGordan	Jandroković, Gordan	M	1967	
ParlaMint-HR-en_2017-11-08-0	ParlaMint-HR_2017-11-08-0.u56244	Minutes of the National Assembly of the Republic of Croatia, Term 9, Session 6	2017-11-08	Unicameralism	9. mandat	-	Zasedanje 6	2017-12-15	-	Reference	English	Regular	MP	notMinister	SDP	Socijaldemokratska partija Hrvatske	Coalition	Centre-left	MateljanDamir	Mateljan, Damir	M	1970	
ParlaMint-HR-en_2017-11-08-0	ParlaMint-HR_2017-11-08-0.u56245	Minutes of the National Assembly of the Republic of Croatia, Term 9, Session 6	2017-11-08	Unicameralism	9. mandat	-	Zasedanje 6	2017-12-15	-	Reference	English	Chairperson	MP	notMinister	HDZ	Hrvatska demokratska zajednica	Coalition	Centre-right	JandrokovićGordan	Jandroković, Gordan	M	1967	
ParlaMint-HR-en_2017-11-08-0	ParlaMint-HR_2017-11-08-0.u56246	Minutes of the National Assembly of the Republic of Croatia, Term 9, Session 6	2017-11-08	Unicameralism	9. mandat	-	Zasedanje 6	2017-12-15	-	Reference	English	Regular	MP	notMinister	HDZ	Hrvatska demokratska zajednica	Coalition	Centre-right	KovačMiro	Kovač, Miro	M	1968	
ParlaMint-HR-en_2017-11-08-0	ParlaMint-HR_2017-11-08-0.u56247	Minutes of the National Assembly of the Republic of Croatia, Term 9, Session 6	2017-11-08	Unicameralism	9. mandat	-	Zasedanje 6	2017-12-15	-	Reference	English	Chairperson	MP	notMinister	HDZ	Hrvatska demokratska zajednica	Coalition	Centre-right	JandrokovićGordan	Jandroković, Gordan	M	1967	
ParlaMint-HR-en_2017-11-08-0	ParlaMint-HR_2017-11-08-0.u56248	Minutes of the National Assembly of the Republic of Croatia, Term 9, Session 6	2017-11-08	Unicameralism	9. mandat	-	Zasedanje 6	2017-12-15	-	Reference	English	Regular	notMP	Minister	-	-	-	-	PejčinovićBurićMarija	Pejčinović Burić, Marija	F	1963	
ParlaMint-HR-en_2017-11-08-0	ParlaMint-HR_2017-11-08-0.u56249	Minutes of the National Assembly of the Republic of Croatia, Term 9, Session 6	2017-11-08	Unicameralism	9. mandat	-	Zasedanje 6	2017-12-15	-	Reference	English	Chairperson	MP	notMinister	HDZ	Hrvatska demokratska zajednica	Coalition	Centre-right	JandrokovićGordan	Jandroković, Gordan	M	1967	
ParlaMint-HR-en_2017-11-08-0	ParlaMint-HR_2017-11-08-0.u56250	Minutes of the National Assembly of the Republic of Croatia, Term 9, Session 6	2017-11-08	Unicameralism	9. mandat	-	Zasedanje 6	2017-12-15	-	Reference	English	Regular	MP	notMinister	HDZ	Hrvatska demokratska zajednica	Coalition	Centre-right	KovačMiro	Kovač, Miro	M	1968	
ParlaMint-HR-en_2017-11-08-0	ParlaMint-HR_2017-11-08-0.u56251	Minutes of the National Assembly of the Republic of Croatia, Term 9, Session 6	2017-11-08	Unicameralism	9. mandat	-	Zasedanje 6	2017-12-15	-	Reference	English	Chairperson	MP	notMinister	HDZ	Hrvatska demokratska zajednica	Coalition	Centre-right	JandrokovićGordan	Jandroković, Gordan	M	1967	
ParlaMint-HR-en_2017-11-08-0	ParlaMint-HR_2017-11-08-0.u56252	Minutes of the National Assembly of the Republic of Croatia, Term 9, Session 6	2017-11-08	Unicameralism	9. mandat	-	Zasedanje 6	2017-12-15	-	Reference	English	Regular	MP	notMinister	MOST	Most nezavisnih lista	Opposition	Centre-right to right	PetrovBožo	Petrov, Božo	M	1979	
ParlaMint-HR-en_2017-11-08-0	ParlaMint-HR_2017-11-08-0.u56253	Minutes of the National Assembly of the Republic of Croatia, Term 9, Session 6	2017-11-08	Unicameralism	9. mandat	-	Zasedanje 6	2017-12-15	-	Reference	English	Chairperson	MP	notMinister	HDZ	Hrvatska demokratska zajednica	Coalition	Centre-right	JandrokovićGordan	Jandroković, Gordan	M	1967	
ParlaMint-HR-en_2017-11-08-0	ParlaMint-HR_2017-11-08-0.u56254	Minutes of the National Assembly of the Republic of Croatia, Term 9, Session 6	2017-11-08	Unicameralism	9. mandat	-	Zasedanje 6	2017-12-15	-	Reference	English	Regular	MP	notMinister	HDZ	Hrvatska demokratska zajednica	Coalition	Centre-right	PlenkovićAndrej	Plenković, Andrej	M	1970	
ParlaMint-HR-en_2017-11-08-0	ParlaMint-HR_2017-11-08-0.u56255	Minutes of the National Assembly of the Republic of Croatia, Term 9, Session 6	2017-11-08	Unicameralism	9. mandat	-	Zasedanje 6	2017-12-15	-	Reference	English	Chairperson	MP	notMinister	HDZ	Hrvatska demokratska zajednica	Coalition	Centre-right	JandrokovićGordan	Jandroković, Gordan	M	1967	
ParlaMint-HR-en_2017-11-08-0	ParlaMint-HR_2017-11-08-0.u56256	Minutes of the National Assembly of the Republic of Croatia, Term 9, Session 6	2017-11-08	Unicameralism	9. mandat	-	Zasedanje 6	2017-12-15	-	Reference	English	Regular	MP	notMinister	MOST	Most nezavisnih lista	Opposition	Centre-right to right	PetrovBožo	Petrov, Božo	M	1979	
ParlaMint-HR-en_2017-11-08-0	ParlaMint-HR_2017-11-08-0.u56257	Minutes of the National Assembly of the Republic of Croatia, Term 9, Session 6	2017-11-08	Unicameralism	9. mandat	-	Zasedanje 6	2017-12-15	-	Reference	English	Chairperson	MP	notMinister	HDZ	Hrvatska demokratska zajednica	Coalition	Centre-right	JandrokovićGordan	Jandroković, Gordan	M	1967	
ParlaMint-HR-en_2017-11-08-0	ParlaMint-HR_2017-11-08-0.u56258	Minutes of the National Assembly of the Republic of Croatia, Term 9, Session 6	2017-11-08	Unicameralism	9. mandat	-	Zasedanje 6	2017-12-15	-	Reference	English	Regular	MP	notMinister	MOST	Most nezavisnih lista	Opposition	Centre-right to right	StrenjaLinićInes	Strenja-Linić, Ines	F	1965	
ParlaMint-HR-en_2017-11-08-0	ParlaMint-HR_2017-11-08-0.u56259	Minutes of the National Assembly of the Republic of Croatia, Term 9, Session 6	2017-11-08	Unicameralism	9. mandat	-	Zasedanje 6	2017-12-15	-	Reference	English	Chairperson	MP	notMinister	HDZ	Hrvatska demokratska zajednica	Coalition	Centre-right	JandrokovićGordan	Jandroković, Gordan	M	1967	
ParlaMint-HR-en_2017-11-08-0	ParlaMint-HR_2017-11-08-0.u56260	Minutes of the National Assembly of the Republic of Croatia, Term 9, Session 6	2017-11-08	Unicameralism	9. mandat	-	Zasedanje 6	2017-12-15	-	Reference	English	Regular	notMP	Minister	-	-	-	-	DalićMartina	Dalić, Martina	F	1967	
ParlaMint-HR-en_2017-11-08-0	ParlaMint-HR_2017-11-08-0.u56261	Minutes of the National Assembly of the Republic of Croatia, Term 9, Session 6	2017-11-08	Unicameralism	9. mandat	-	Zasedanje 6	2017-12-15	-	Reference	English	Chairperson	MP	notMinister	HDZ	Hrvatska demokratska zajednica	Coalition	Centre-right	JandrokovićGordan	Jandroković, Gordan	M	1967	
ParlaMint-HR-en_2017-11-08-0	ParlaMint-HR_2017-11-08-0.u56262	Minutes of the National Assembly of the Republic of Croatia, Term 9, Session 6	2017-11-08	Unicameralism	9. mandat	-	Zasedanje 6	2017-12-15	-	Reference	English	Regular	MP	notMinister	MOST	Most nezavisnih lista	Opposition	Centre-right to right	StrenjaLinićInes	Strenja-Linić, Ines	F	1965	
ParlaMint-HR-en_2017-11-08-0	ParlaMint-HR_2017-11-08-0.u56263	Minutes of the National Assembly of the Republic of Croatia, Term 9, Session 6	2017-11-08	Unicameralism	9. mandat	-	Zasedanje 6	2017-12-15	-	Reference	English	Chairperson	MP	notMinister	HDZ	Hrvatska demokratska zajednica	Coalition	Centre-right	JandrokovićGordan	Jandroković, Gordan	M	1967	
ParlaMint-HR-en_2017-11-08-0	ParlaMint-HR_2017-11-08-0.u56264	Minutes of the National Assembly of the Republic of Croatia, Term 9, Session 6	2017-11-08	Unicameralism	9. mandat	-	Zasedanje 6	2017-12-15	-	Reference	English	Regular	MP	notMinister	HDZ	Hrvatska demokratska zajednica	Coalition	Centre-right	KirinIvan	Kirin, Ivan	M	1951	
ParlaMint-HR-en_2017-11-08-0	ParlaMint-HR_2017-11-08-0.u56265	Minutes of the National Assembly of the Republic of Croatia, Term 9, Session 6	2017-11-08	Unicameralism	9. mandat	-	Zasedanje 6	2017-12-15	-	Reference	English	Chairperson	MP	notMinister	HDZ	Hrvatska demokratska zajednica	Coalition	Centre-right	JandrokovićGordan	Jandroković, Gordan	M	1967	
ParlaMint-HR-en_2017-11-08-0	ParlaMint-HR_2017-11-08-0.u56266	Minutes of the National Assembly of the Republic of Croatia, Term 9, Session 6	2017-11-08	Unicameralism	9. mandat	-	Zasedanje 6	2017-12-15	-	Reference	English	Regular	MP	notMinister	HDZ	Hrvatska demokratska zajednica	Coalition	Centre-right	PlenkovićAndrej	Plenković, Andrej	M	1970	
ParlaMint-HR-en_2017-11-08-0	ParlaMint-HR_2017-11-08-0.u56267	Minutes of the National Assembly of the Republic of Croatia, Term 9, Session 6	2017-11-08	Unicameralism	9. mandat	-	Zasedanje 6	2017-12-15	-	Reference	English	Chairperson	MP	notMinister	HDZ	Hrvatska demokratska zajednica	Coalition	Centre-right	JandrokovićGordan	Jandroković, Gordan	M	1967	
ParlaMint-HR-en_2017-11-08-0	ParlaMint-HR_2017-11-08-0.u56268	Minutes of the National Assembly of the Republic of Croatia, Term 9, Session 6	2017-11-08	Unicameralism	9. mandat	-	Zasedanje 6	2017-12-15	-	Reference	English	Regular	MP	notMinister	HDZ	Hrvatska demokratska zajednica	Coalition	Centre-right	KirinIvan	Kirin, Ivan	M	1951	
ParlaMint-HR-en_2017-11-08-0	ParlaMint-HR_2017-11-08-0.u56269	Minutes of the National Assembly of the Republic of Croatia, Term 9, Session 6	2017-11-08	Unicameralism	9. mandat	-	Zasedanje 6	2017-12-15	-	Reference	English	Chairperson	MP	notMinister	HDZ	Hrvatska demokratska zajednica	Coalition	Centre-right	JandrokovićGordan	Jandroković, Gordan	M	1967	
ParlaMint-HR-en_2017-11-08-0	ParlaMint-HR_2017-11-08-0.u56270	Minutes of the National Assembly of the Republic of Croatia, Term 9, Session 6	2017-11-08	Unicameralism	9. mandat	-	Zasedanje 6	2017-12-15	-	Reference	English	Regular	MP	notMinister	GLAS	Građansko-liberalni savez	Opposition	Centre-left	MrakTaritašAnka	Mrak-Taritaš, Anka	F	1959	
ParlaMint-HR-en_2017-11-08-0	ParlaMint-HR_2017-11-08-0.u56271	Minutes of the National Assembly of the Republic of Croatia, Term 9, Session 6	2017-11-08	Unicameralism	9. mandat	-	Zasedanje 6	2017-12-15	-	Reference	English	Chairperson	MP	notMinister	HDZ	Hrvatska demokratska zajednica	Coalition	Centre-right	JandrokovićGordan	Jandroković, Gordan	M	1967	
ParlaMint-HR-en_2017-11-08-0	ParlaMint-HR_2017-11-08-0.u56272	Minutes of the National Assembly of the Republic of Croatia, Term 9, Session 6	2017-11-08	Unicameralism	9. mandat	-	Zasedanje 6	2017-12-15	-	Reference	English	Regular	MP	notMinister	HDZ	Hrvatska demokratska zajednica	Coalition	Centre-right	PlenkovićAndrej	Plenković, Andrej	M	1970	
ParlaMint-HR-en_2017-11-08-0	ParlaMint-HR_2017-11-08-0.u56273	Minutes of the National Assembly of the Republic of Croatia, Term 9, Session 6	2017-11-08	Unicameralism	9. mandat	-	Zasedanje 6	2017-12-15	-	Reference	English	Chairperson	MP	notMinister	HDZ	Hrvatska demokratska zajednica	Coalition	Centre-right	JandrokovićGordan	Jandroković, Gordan	M	1967	
ParlaMint-HR-en_2017-11-08-0	ParlaMint-HR_2017-11-08-0.u56274	Minutes of the National Assembly of the Republic of Croatia, Term 9, Session 6	2017-11-08	Unicameralism	9. mandat	-	Zasedanje 6	2017-12-15	-	Reference	English	Regular	MP	notMinister	GLAS	Građansko-liberalni savez	Opposition	Centre-left	MrakTaritašAnka	Mrak-Taritaš, Anka	F	1959	
ParlaMint-HR-en_2017-11-08-0	ParlaMint-HR_2017-11-08-0.u56275	Minutes of the National Assembly of the Republic of Croatia, Term 9, Session 6	2017-11-08	Unicameralism	9. mandat	-	Zasedanje 6	2017-12-15	-	Reference	English	Chairperson	MP	notMinister	HDZ	Hrvatska demokratska zajednica	Coalition	Centre-right	JandrokovićGordan	Jandroković, Gordan	M	1967	
ParlaMint-HR-en_2017-11-08-0	ParlaMint-HR_2017-11-08-0.u56276	Minutes of the National Assembly of the Republic of Croatia, Term 9, Session 6	2017-11-08	Unicameralism	9. mandat	-	Zasedanje 6	2017-12-15	-	Reference	English	Regular	MP	notMinister	SDP	Socijaldemokratska partija Hrvatske	Coalition	Centre-left	JovanovićŽeljko	Jovanović, Željko	M	1965	
ParlaMint-HR-en_2017-11-08-0	ParlaMint-HR_2017-11-08-0.u56277	Minutes of the National Assembly of the Republic of Croatia, Term 9, Session 6	2017-11-08	Unicameralism	9. mandat	-	Zasedanje 6	2017-12-15	-	Reference	English	Chairperson	MP	notMinister	HDZ	Hrvatska demokratska zajednica	Coalition	Centre-right	ReinerŽeljko	Reiner, Željko	M	1953	
ParlaMint-HR-en_2017-11-08-0	ParlaMint-HR_2017-11-08-0.u56278	Minutes of the National Assembly of the Republic of Croatia, Term 9, Session 6	2017-11-08	Unicameralism	9. mandat	-	Zasedanje 6	2017-12-15	-	Reference	English	Regular	MP	Minister	HDZ	Hrvatska demokratska zajednica	Coalition	Centre-right	KujundžićMilan	Kujundžić, Milan	M	1957	
ParlaMint-HR-en_2017-11-08-0	ParlaMint-HR_2017-11-08-0.u56279	Minutes of the National Assembly of the Republic of Croatia, Term 9, Session 6	2017-11-08	Unicameralism	9. mandat	-	Zasedanje 6	2017-12-15	-	Reference	English	Chairperson	MP	notMinister	HDZ	Hrvatska demokratska zajednica	Coalition	Centre-right	ReinerŽeljko	Reiner, Željko	M	1953	
ParlaMint-HR-en_2017-11-08-0	ParlaMint-HR_2017-11-08-0.u56280	Minutes of the National Assembly of the Republic of Croatia, Term 9, Session 6	2017-11-08	Unicameralism	9. mandat	-	Zasedanje 6	2017-12-15	-	Reference	English	Regular	MP	notMinister	MOST	Most nezavisnih lista	Opposition	Centre-right to right	StrenjaLinićInes	Strenja-Linić, Ines	F	1965	
ParlaMint-HR-en_2017-11-08-0	ParlaMint-HR_2017-11-08-0.u56281	Minutes of the National Assembly of the Republic of Croatia, Term 9, Session 6	2017-11-08	Unicameralism	9. mandat	-	Zasedanje 6	2017-12-15	-	Reference	English	Chairperson	MP	notMinister	HDZ	Hrvatska demokratska zajednica	Coalition	Centre-right	ReinerŽeljko	Reiner, Željko	M	1953	
ParlaMint-HR-en_2017-11-08-0	ParlaMint-HR_2017-11-08-0.u56282	Minutes of the National Assembly of the Republic of Croatia, Term 9, Session 6	2017-11-08	Unicameralism	9. mandat	-	Zasedanje 6	2017-12-15	-	Reference	English	Regular	MP	notMinister	SDP	Socijaldemokratska partija Hrvatske	Coalition	Centre-left	JovanovićŽeljko	Jovanović, Željko	M	1965	
ParlaMint-HR-en_2017-11-08-0	ParlaMint-HR_2017-11-08-0.u56283	Minutes of the National Assembly of the Republic of Croatia, Term 9, Session 6	2017-11-08	Unicameralism	9. mandat	-	Zasedanje 6	2017-12-15	-	Reference	English	Chairperson	MP	notMinister	HDZ	Hrvatska demokratska zajednica	Coalition	Centre-right	ReinerŽeljko	Reiner, Željko	M	1953	
ParlaMint-HR-en_2017-11-08-0	ParlaMint-HR_2017-11-08-0.u56284	Minutes of the National Assembly of the Republic of Croatia, Term 9, Session 6	2017-11-08	Unicameralism	9. mandat	-	Zasedanje 6	2017-12-15	-	Reference	English	Regular	MP	notMinister	SDP	Socijaldemokratska partija Hrvatske	Coalition	Centre-left	JovanovićŽeljko	Jovanović, Željko	M	1965	
ParlaMint-HR-en_2017-11-08-0	ParlaMint-HR_2017-11-08-0.u56285	Minutes of the National Assembly of the Republic of Croatia, Term 9, Session 6	2017-11-08	Unicameralism	9. mandat	-	Zasedanje 6	2017-12-15	-	Reference	English	Chairperson	MP	notMinister	HDZ	Hrvatska demokratska zajednica	Coalition	Centre-right	ReinerŽeljko	Reiner, Željko	M	1953	
ParlaMint-HR-en_2017-11-08-0	ParlaMint-HR_2017-11-08-0.u56286	Minutes of the National Assembly of the Republic of Croatia, Term 9, Session 6	2017-11-08	Unicameralism	9. mandat	-	Zasedanje 6	2017-12-15	-	Reference	English	Regular	MP	notMinister	SDP	Socijaldemokratska partija Hrvatske	Coalition	Centre-left	JovanovićŽeljko	Jovanović, Željko	M	1965	
ParlaMint-HR-en_2017-11-08-0	ParlaMint-HR_2017-11-08-0.u56287	Minutes of the National Assembly of the Republic of Croatia, Term 9, Session 6	2017-11-08	Unicameralism	9. mandat	-	Zasedanje 6	2017-12-15	-	Reference	English	Chairperson	MP	notMinister	HDZ	Hrvatska demokratska zajednica	Coalition	Centre-right	ReinerŽeljko	Reiner, Željko	M	1953	
ParlaMint-HR-en_2017-11-08-0	ParlaMint-HR_2017-11-08-0.u56288	Minutes of the National Assembly of the Republic of Croatia, Term 9, Session 6	2017-11-08	Unicameralism	9. mandat	-	Zasedanje 6	2017-12-15	-	Reference	English	Regular	MP	notMinister	SDP	Socijaldemokratska partija Hrvatske	Coalition	Centre-left	JovanovićŽeljko	Jovanović, Željko	M	1965	
ParlaMint-HR-en_2017-11-08-0	ParlaMint-HR_2017-11-08-0.u56289	Minutes of the National Assembly of the Republic of Croatia, Term 9, Session 6	2017-11-08	Unicameralism	9. mandat	-	Zasedanje 6	2017-12-15	-	Reference	English	Chairperson	MP	notMinister	HDZ	Hrvatska demokratska zajednica	Coalition	Centre-right	ReinerŽeljko	Reiner, Željko	M	1953	
ParlaMint-HR-en_2017-11-08-0	ParlaMint-HR_2017-11-08-0.u56290	Minutes of the National Assembly of the Republic of Croatia, Term 9, Session 6	2017-11-08	Unicameralism	9. mandat	-	Zasedanje 6	2017-12-15	-	Reference	English	Regular	MP	notMinister	SDP	Socijaldemokratska partija Hrvatske	Coalition	Centre-left	JovanovićŽeljko	Jovanović, Željko	M	1965	
ParlaMint-HR-en_2017-11-08-0	ParlaMint-HR_2017-11-08-0.u56291	Minutes of the National Assembly of the Republic of Croatia, Term 9, Session 6	2017-11-08	Unicameralism	9. mandat	-	Zasedanje 6	2017-12-15	-	Reference	English	Chairperson	MP	notMinister	HDZ	Hrvatska demokratska zajednica	Coalition	Centre-right	ReinerŽeljko	Reiner, Željko	M	1953	
ParlaMint-HR-en_2017-11-08-0	ParlaMint-HR_2017-11-08-0.u56292	Minutes of the National Assembly of the Republic of Croatia, Term 9, Session 6	2017-11-08	Unicameralism	9. mandat	-	Zasedanje 6	2017-12-15	-	Reference	English	Regular	MP	notMinister	SDP	Socijaldemokratska partija Hrvatske	Coalition	Centre-left	JovanovićŽeljko	Jovanović, Željko	M	1965	
ParlaMint-HR-en_2017-11-08-0	ParlaMint-HR_2017-11-08-0.u56293	Minutes of the National Assembly of the Republic of Croatia, Term 9, Session 6	2017-11-08	Unicameralism	9. mandat	-	Zasedanje 6	2017-12-15	-	Reference	English	Chairperson	MP	notMinister	HDZ	Hrvatska demokratska zajednica	Coalition	Centre-right	ReinerŽeljko	Reiner, Željko	M	1953	
ParlaMint-HR-en_2017-11-08-0	ParlaMint-HR_2017-11-08-0.u56294	Minutes of the National Assembly of the Republic of Croatia, Term 9, Session 6	2017-11-08	Unicameralism	9. mandat	-	Zasedanje 6	2017-12-15	-	Reference	English	Regular	MP	notMinister	SDP	Socijaldemokratska partija Hrvatske	Coalition	Centre-left	JovanovićŽeljko	Jovanović, Željko	M	1965	
ParlaMint-HR-en_2017-11-08-0	ParlaMint-HR_2017-11-08-0.u56295	Minutes of the National Assembly of the Republic of Croatia, Term 9, Session 6	2017-11-08	Unicameralism	9. mandat	-	Zasedanje 6	2017-12-15	-	Reference	English	Chairperson	MP	notMinister	HDZ	Hrvatska demokratska zajednica	Coalition	Centre-right	ReinerŽeljko	Reiner, Željko	M	1953	
ParlaMint-HR-en_2017-11-08-0	ParlaMint-HR_2017-11-08-0.u56296	Minutes of the National Assembly of the Republic of Croatia, Term 9, Session 6	2017-11-08	Unicameralism	9. mandat	-	Zasedanje 6	2017-12-15	-	Reference	English	Regular	MP	notMinister	SDP	Socijaldemokratska partija Hrvatske	Coalition	Centre-left	JovanovićŽeljko	Jovanović, Željko	M	1965	
ParlaMint-HR-en_2017-11-08-0	ParlaMint-HR_2017-11-08-0.u56297	Minutes of the National Assembly of the Republic of Croatia, Term 9, Session 6	2017-11-08	Unicameralism	9. mandat	-	Zasedanje 6	2017-12-15	-	Reference	English	Chairperson	MP	notMinister	HDZ	Hrvatska demokratska zajednica	Coalition	Centre-right	ReinerŽeljko	Reiner, Željko	M	1953	
ParlaMint-HR-en_2017-11-08-0	ParlaMint-HR_2017-11-08-0.u56298	Minutes of the National Assembly of the Republic of Croatia, Term 9, Session 6	2017-11-08	Unicameralism	9. mandat	-	Zasedanje 6	2017-12-15	-	Reference	English	Regular	MP	notMinister	SDP	Socijaldemokratska partija Hrvatske	Coalition	Centre-left	JovanovićŽeljko	Jovanović, Željko	M	1965	
ParlaMint-HR-en_2017-11-08-0	ParlaMint-HR_2017-11-08-0.u56299	Minutes of the National Assembly of the Republic of Croatia, Term 9, Session 6	2017-11-08	Unicameralism	9. mandat	-	Zasedanje 6	2017-12-15	-	Reference	English	Chairperson	MP	notMinister	HDZ	Hrvatska demokratska zajednica	Coalition	Centre-right	ReinerŽeljko	Reiner, Željko	M	1953	
ParlaMint-HR-en_2017-11-08-0	ParlaMint-HR_2017-11-08-0.u56300	Minutes of the National Assembly of the Republic of Croatia, Term 9, Session 6	2017-11-08	Unicameralism	9. mandat	-	Zasedanje 6	2017-12-15	-	Reference	English	Regular	MP	notMinister	SDP	Socijaldemokratska partija Hrvatske	Coalition	Centre-left	JovanovićŽeljko	Jovanović, Željko	M	1965	
ParlaMint-HR-en_2017-11-08-0	ParlaMint-HR_2017-11-08-0.u56301	Minutes of the National Assembly of the Republic of Croatia, Term 9, Session 6	2017-11-08	Unicameralism	9. mandat	-	Zasedanje 6	2017-12-15	-	Reference	English	Chairperson	MP	notMinister	HDZ	Hrvatska demokratska zajednica	Coalition	Centre-right	ReinerŽeljko	Reiner, Željko	M	1953	
ParlaMint-HR-en_2017-11-08-0	ParlaMint-HR_2017-11-08-0.u56302	Minutes of the National Assembly of the Republic of Croatia, Term 9, Session 6	2017-11-08	Unicameralism	9. mandat	-	Zasedanje 6	2017-12-15	-	Reference	English	Regular	MP	notMinister	SDP	Socijaldemokratska partija Hrvatske	Coalition	Centre-left	JovanovićŽeljko	Jovanović, Željko	M	1965	
ParlaMint-HR-en_2017-11-08-0	ParlaMint-HR_2017-11-08-0.u56303	Minutes of the National Assembly of the Republic of Croatia, Term 9, Session 6	2017-11-08	Unicameralism	9. mandat	-	Zasedanje 6	2017-12-15	-	Reference	English	Chairperson	MP	notMinister	HDZ	Hrvatska demokratska zajednica	Coalition	Centre-right	ReinerŽeljko	Reiner, Željko	M	1953	
ParlaMint-HR-en_2017-11-08-0	ParlaMint-HR_2017-11-08-0.u56304	Minutes of the National Assembly of the Republic of Croatia, Term 9, Session 6	2017-11-08	Unicameralism	9. mandat	-	Zasedanje 6	2017-12-15	-	Reference	English	Regular	MP	notMinister	HDZ	Hrvatska demokratska zajednica	Coalition	Centre-right	TotgergeliMiro	Totgergeli, Miro	M	1971	
ParlaMint-HR-en_2017-11-08-0	ParlaMint-HR_2017-11-08-0.u56305	Minutes of the National Assembly of the Republic of Croatia, Term 9, Session 6	2017-11-08	Unicameralism	9. mandat	-	Zasedanje 6	2017-12-15	-	Reference	English	Chairperson	MP	notMinister	HDZ	Hrvatska demokratska zajednica	Coalition	Centre-right	ReinerŽeljko	Reiner, Željko	M	1953	
ParlaMint-HR-en_2017-11-08-0	ParlaMint-HR_2017-11-08-0.u56306	Minutes of the National Assembly of the Republic of Croatia, Term 9, Session 6	2017-11-08	Unicameralism	9. mandat	-	Zasedanje 6	2017-12-15	-	Reference	English	Regular	notMP	Minister	-	-	-	-	PavićMarko	Pavić, Marko	M	1979	
ParlaMint-HR-en_2017-11-08-0	ParlaMint-HR_2017-11-08-0.u56307	Minutes of the National Assembly of the Republic of Croatia, Term 9, Session 6	2017-11-08	Unicameralism	9. mandat	-	Zasedanje 6	2017-12-15	-	Reference	English	Chairperson	MP	notMinister	HDZ	Hrvatska demokratska zajednica	Coalition	Centre-right	ReinerŽeljko	Reiner, Željko	M	1953	
ParlaMint-HR-en_2017-11-08-0	ParlaMint-HR_2017-11-08-0.u56308	Minutes of the National Assembly of the Republic of Croatia, Term 9, Session 6	2017-11-08	Unicameralism	9. mandat	-	Zasedanje 6	2017-12-15	-	Reference	English	Regular	MP	notMinister	HDZ	Hrvatska demokratska zajednica	Coalition	Centre-right	TotgergeliMiro	Totgergeli, Miro	M	1971	
ParlaMint-HR-en_2017-11-08-0	ParlaMint-HR_2017-11-08-0.u56309	Minutes of the National Assembly of the Republic of Croatia, Term 9, Session 6	2017-11-08	Unicameralism	9. mandat	-	Zasedanje 6	2017-12-15	-	Reference	English	Chairperson	MP	notMinister	HDZ	Hrvatska demokratska zajednica	Coalition	Centre-right	ReinerŽeljko	Reiner, Željko	M	1953	
ParlaMint-HR-en_2017-11-08-0	ParlaMint-HR_2017-11-08-0.u56310	Minutes of the National Assembly of the Republic of Croatia, Term 9, Session 6	2017-11-08	Unicameralism	9. mandat	-	Zasedanje 6	2017-12-15	-	Reference	English	Regular	MP	notMinister	HDZ	Hrvatska demokratska zajednica	Coalition	Centre-right	StričakAnđelko	Stričak, Anđelko	M	1973	
ParlaMint-HR-en_2017-11-08-0	ParlaMint-HR_2017-11-08-0.u56311	Minutes of the National Assembly of the Republic of Croatia, Term 9, Session 6	2017-11-08	Unicameralism	9. mandat	-	Zasedanje 6	2017-12-15	-	Reference	English	Chairperson	MP	notMinister	HDZ	Hrvatska demokratska zajednica	Coalition	Centre-right	ReinerŽeljko	Reiner, Željko	M	1953	
ParlaMint-HR-en_2017-11-08-0	ParlaMint-HR_2017-11-08-0.u56312	Minutes of the National Assembly of the Republic of Croatia, Term 9, Session 6	2017-11-08	Unicameralism	9. mandat	-	Zasedanje 6	2017-12-15	-	Reference	English	Regular	MP	Minister	HDZ	Hrvatska demokratska zajednica	Coalition	Centre-right	TolušićTomislav	Tolušić, Tomislav	M	1979	
ParlaMint-HR-en_2017-11-08-0	ParlaMint-HR_2017-11-08-0.u56313	Minutes of the National Assembly of the Republic of Croatia, Term 9, Session 6	2017-11-08	Unicameralism	9. mandat	-	Zasedanje 6	2017-12-15	-	Reference	English	Chairperson	MP	notMinister	HDZ	Hrvatska demokratska zajednica	Coalition	Centre-right	ReinerŽeljko	Reiner, Željko	M	1953	
ParlaMint-HR-en_2017-11-08-0	ParlaMint-HR_2017-11-08-0.u56314	Minutes of the National Assembly of the Republic of Croatia, Term 9, Session 6	2017-11-08	Unicameralism	9. mandat	-	Zasedanje 6	2017-12-15	-	Reference	English	Regular	MP	notMinister	HDZ	Hrvatska demokratska zajednica	Coalition	Centre-right	StričakAnđelko	Stričak, Anđelko	M	1973	
ParlaMint-HR-en_2017-11-08-0	ParlaMint-HR_2017-11-08-0.u56315	Minutes of the National Assembly of the Republic of Croatia, Term 9, Session 6	2017-11-08	Unicameralism	9. mandat	-	Zasedanje 6	2017-12-15	-	Reference	English	Chairperson	MP	notMinister	HDZ	Hrvatska demokratska zajednica	Coalition	Centre-right	ReinerŽeljko	Reiner, Željko	M	1953	
ParlaMint-HR-en_2017-11-08-0	ParlaMint-HR_2017-11-08-0.u56316	Minutes of the National Assembly of the Republic of Croatia, Term 9, Session 6	2017-11-08	Unicameralism	9. mandat	-	Zasedanje 6	2017-12-15	-	Reference	English	Regular	MP	notMinister	SMSH	Stranka međugeneracijske solidarnosti Hrvatske	Opposition	-	VardaKažimir	Varda, Kažimir	M	1944	
ParlaMint-HR-en_2017-11-08-0	ParlaMint-HR_2017-11-08-0.u56317	Minutes of the National Assembly of the Republic of Croatia, Term 9, Session 6	2017-11-08	Unicameralism	9. mandat	-	Zasedanje 6	2017-12-15	-	Reference	English	Chairperson	MP	notMinister	HDZ	Hrvatska demokratska zajednica	Coalition	Centre-right	JandrokovićGordan	Jandroković, Gordan	M	1967	
ParlaMint-HR-en_2017-11-08-0	ParlaMint-HR_2017-11-08-0.u56318	Minutes of the National Assembly of the Republic of Croatia, Term 9, Session 6	2017-11-08	Unicameralism	9. mandat	-	Zasedanje 6	2017-12-15	-	Reference	English	Regular	notMP	Minister	-	-	-	-	PavićMarko	Pavić, Marko	M	1979	
ParlaMint-HR-en_2017-11-08-0	ParlaMint-HR_2017-11-08-0.u56319	Minutes of the National Assembly of the Republic of Croatia, Term 9, Session 6	2017-11-08	Unicameralism	9. mandat	-	Zasedanje 6	2017-12-15	-	Reference	English	Chairperson	MP	notMinister	HDZ	Hrvatska demokratska zajednica	Coalition	Centre-right	JandrokovićGordan	Jandroković, Gordan	M	1967	
ParlaMint-HR-en_2017-11-08-0	ParlaMint-HR_2017-11-08-0.u56320	Minutes of the National Assembly of the Republic of Croatia, Term 9, Session 6	2017-11-08	Unicameralism	9. mandat	-	Zasedanje 6	2017-12-15	-	Reference	English	Regular	MP	notMinister	SMSH	Stranka međugeneracijske solidarnosti Hrvatske	Opposition	-	VardaKažimir	Varda, Kažimir	M	1944	
ParlaMint-HR-en_2017-11-08-0	ParlaMint-HR_2017-11-08-0.u56321	Minutes of the National Assembly of the Republic of Croatia, Term 9, Session 6	2017-11-08	Unicameralism	9. mandat	-	Zasedanje 6	2017-12-15	-	Reference	English	Chairperson	MP	notMinister	HDZ	Hrvatska demokratska zajednica	Coalition	Centre-right	JandrokovićGordan	Jandroković, Gordan	M	1967	
ParlaMint-HR-en_2017-11-08-0	ParlaMint-HR_2017-11-08-0.u56322	Minutes of the National Assembly of the Republic of Croatia, Term 9, Session 6	2017-11-08	Unicameralism	9. mandat	-	Zasedanje 6	2017-12-15	-	Reference	English	Regular	MP	notMinister	nezavisni	nezavisni	-	-	HasanbegovićZlatko	Hasanbegović, Zlatko	M	1973	
ParlaMint-HR-en_2017-11-08-0	ParlaMint-HR_2017-11-08-0.u56323	Minutes of the National Assembly of the Republic of Croatia, Term 9, Session 6	2017-11-08	Unicameralism	9. mandat	-	Zasedanje 6	2017-12-15	-	Reference	English	Chairperson	MP	notMinister	HDZ	Hrvatska demokratska zajednica	Coalition	Centre-right	JandrokovićGordan	Jandroković, Gordan	M	1967	
ParlaMint-HR-en_2017-11-08-0	ParlaMint-HR_2017-11-08-0.u56324	Minutes of the National Assembly of the Republic of Croatia, Term 9, Session 6	2017-11-08	Unicameralism	9. mandat	-	Zasedanje 6	2017-12-15	-	Reference	English	Regular	MP	notMinister	HDZ	Hrvatska demokratska zajednica	Coalition	Centre-right	PlenkovićAndrej	Plenković, Andrej	M	1970	
ParlaMint-HR-en_2017-11-08-0	ParlaMint-HR_2017-11-08-0.u56325	Minutes of the National Assembly of the Republic of Croatia, Term 9, Session 6	2017-11-08	Unicameralism	9. mandat	-	Zasedanje 6	2017-12-15	-	Reference	English	Chairperson	MP	notMinister	HDZ	Hrvatska demokratska zajednica	Coalition	Centre-right	JandrokovićGordan	Jandroković, Gordan	M	1967	
ParlaMint-HR-en_2017-11-08-0	ParlaMint-HR_2017-11-08-0.u56326	Minutes of the National Assembly of the Republic of Croatia, Term 9, Session 6	2017-11-08	Unicameralism	9. mandat	-	Zasedanje 6	2017-12-15	-	Reference	English	Regular	MP	notMinister	nezavisni	nezavisni	-	-	HasanbegovićZlatko	Hasanbegović, Zlatko	M	1973	
ParlaMint-HR-en_2017-11-08-0	ParlaMint-HR_2017-11-08-0.u56327	Minutes of the National Assembly of the Republic of Croatia, Term 9, Session 6	2017-11-08	Unicameralism	9. mandat	-	Zasedanje 6	2017-12-15	-	Reference	English	Chairperson	MP	notMinister	HDZ	Hrvatska demokratska zajednica	Coalition	Centre-right	JandrokovićGordan	Jandroković, Gordan	M	1967	
ParlaMint-HR-en_2017-11-08-0	ParlaMint-HR_2017-11-08-0.u56328	Minutes of the National Assembly of the Republic of Croatia, Term 9, Session 6	2017-11-08	Unicameralism	9. mandat	-	Zasedanje 6	2017-12-15	-	Reference	English	Regular	MP	notMinister	MOST	Most nezavisnih lista	Opposition	Centre-right to right	DobrovićSlaven	Dobrović, Slaven	M	1967	
ParlaMint-HR-en_2017-11-08-0	ParlaMint-HR_2017-11-08-0.u56329	Minutes of the National Assembly of the Republic of Croatia, Term 9, Session 6	2017-11-08	Unicameralism	9. mandat	-	Zasedanje 6	2017-12-15	-	Reference	English	Chairperson	MP	notMinister	HDZ	Hrvatska demokratska zajednica	Coalition	Centre-right	JandrokovićGordan	Jandroković, Gordan	M	1967	
ParlaMint-HR-en_2017-11-08-0	ParlaMint-HR_2017-11-08-0.u56330	Minutes of the National Assembly of the Republic of Croatia, Term 9, Session 6	2017-11-08	Unicameralism	9. mandat	-	Zasedanje 6	2017-12-15	-	Reference	English	Regular	MP	notMinister	HDZ	Hrvatska demokratska zajednica	Coalition	Centre-right	PlenkovićAndrej	Plenković, Andrej	M	1970	
ParlaMint-HR-en_2017-11-08-0	ParlaMint-HR_2017-11-08-0.u56331	Minutes of the National Assembly of the Republic of Croatia, Term 9, Session 6	2017-11-08	Unicameralism	9. mandat	-	Zasedanje 6	2017-12-15	-	Reference	English	Chairperson	MP	notMinister	HDZ	Hrvatska demokratska zajednica	Coalition	Centre-right	JandrokovićGordan	Jandroković, Gordan	M	1967	
ParlaMint-HR-en_2017-11-08-0	ParlaMint-HR_2017-11-08-0.u56332	Minutes of the National Assembly of the Republic of Croatia, Term 9, Session 6	2017-11-08	Unicameralism	9. mandat	-	Zasedanje 6	2017-12-15	-	Reference	English	Regular	MP	notMinister	MOST	Most nezavisnih lista	Opposition	Centre-right to right	DobrovićSlaven	Dobrović, Slaven	M	1967	
ParlaMint-HR-en_2017-11-08-0	ParlaMint-HR_2017-11-08-0.u56333	Minutes of the National Assembly of the Republic of Croatia, Term 9, Session 6	2017-11-08	Unicameralism	9. mandat	-	Zasedanje 6	2017-12-15	-	Reference	English	Chairperson	MP	notMinister	HDZ	Hrvatska demokratska zajednica	Coalition	Centre-right	JandrokovićGordan	Jandroković, Gordan	M	1967	
ParlaMint-HR-en_2017-11-08-0	ParlaMint-HR_2017-11-08-0.u56334	Minutes of the National Assembly of the Republic of Croatia, Term 9, Session 6	2017-11-08	Unicameralism	9. mandat	-	Zasedanje 6	2017-12-15	-	Reference	English	Regular	MP	notMinister	MOST	Most nezavisnih lista	Opposition	Centre-right to right	PanenićTomislav	Panenić, Tomislav	M	1973	
ParlaMint-HR-en_2017-11-08-0	ParlaMint-HR_2017-11-08-0.u56335	Minutes of the National Assembly of the Republic of Croatia, Term 9, Session 6	2017-11-08	Unicameralism	9. mandat	-	Zasedanje 6	2017-12-15	-	Reference	English	Chairperson	MP	notMinister	HDZ	Hrvatska demokratska zajednica	Coalition	Centre-right	JandrokovićGordan	Jandroković, Gordan	M	1967	
ParlaMint-HR-en_2017-11-08-0	ParlaMint-HR_2017-11-08-0.u56336	Minutes of the National Assembly of the Republic of Croatia, Term 9, Session 6	2017-11-08	Unicameralism	9. mandat	-	Zasedanje 6	2017-12-15	-	Reference	English	Regular	MP	notMinister	HDZ	Hrvatska demokratska zajednica	Coalition	Centre-right	PlenkovićAndrej	Plenković, Andrej	M	1970	
ParlaMint-HR-en_2017-11-08-0	ParlaMint-HR_2017-11-08-0.u56337	Minutes of the National Assembly of the Republic of Croatia, Term 9, Session 6	2017-11-08	Unicameralism	9. mandat	-	Zasedanje 6	2017-12-15	-	Reference	English	Chairperson	MP	notMinister	HDZ	Hrvatska demokratska zajednica	Coalition	Centre-right	JandrokovićGordan	Jandroković, Gordan	M	1967	
ParlaMint-HR-en_2017-11-08-0	ParlaMint-HR_2017-11-08-0.u56338	Minutes of the National Assembly of the Republic of Croatia, Term 9, Session 6	2017-11-08	Unicameralism	9. mandat	-	Zasedanje 6	2017-12-15	-	Reference	English	Regular	MP	notMinister	MOST	Most nezavisnih lista	Opposition	Centre-right to right	PanenićTomislav	Panenić, Tomislav	M	1973	
ParlaMint-HR-en_2017-11-08-0	ParlaMint-HR_2017-11-08-0.u56339	Minutes of the National Assembly of the Republic of Croatia, Term 9, Session 6	2017-11-08	Unicameralism	9. mandat	-	Zasedanje 6	2017-12-15	-	Reference	English	Chairperson	MP	notMinister	HDZ	Hrvatska demokratska zajednica	Coalition	Centre-right	JandrokovićGordan	Jandroković, Gordan	M	1967	
ParlaMint-HR-en_2017-11-08-0	ParlaMint-HR_2017-11-08-0.u56340	Minutes of the National Assembly of the Republic of Croatia, Term 9, Session 6	2017-11-08	Unicameralism	9. mandat	-	Zasedanje 6	2017-12-15	-	Reference	English	Regular	MP	notMinister	SDP	Socijaldemokratska partija Hrvatske	Coalition	Centre-left	MarasGordan	Maras, Gordan	M	1974	
ParlaMint-HR-en_2017-11-08-0	ParlaMint-HR_2017-11-08-0.u56341	Minutes of the National Assembly of the Republic of Croatia, Term 9, Session 6	2017-11-08	Unicameralism	9. mandat	-	Zasedanje 6	2017-12-15	-	Reference	English	Chairperson	MP	notMinister	HDZ	Hrvatska demokratska zajednica	Coalition	Centre-right	JandrokovićGordan	Jandroković, Gordan	M	1967	
ParlaMint-HR-en_2017-11-08-0	ParlaMint-HR_2017-11-08-0.u56342	Minutes of the National Assembly of the Republic of Croatia, Term 9, Session 6	2017-11-08	Unicameralism	9. mandat	-	Zasedanje 6	2017-12-15	-	Reference	English	Regular	MP	notMinister	HDZ	Hrvatska demokratska zajednica	Coalition	Centre-right	PlenkovićAndrej	Plenković, Andrej	M	1970	
ParlaMint-HR-en_2017-11-08-0	ParlaMint-HR_2017-11-08-0.u56343	Minutes of the National Assembly of the Republic of Croatia, Term 9, Session 6	2017-11-08	Unicameralism	9. mandat	-	Zasedanje 6	2017-12-15	-	Reference	English	Chairperson	MP	notMinister	HDZ	Hrvatska demokratska zajednica	Coalition	Centre-right	JandrokovićGordan	Jandroković, Gordan	M	1967	
ParlaMint-HR-en_2017-11-08-0	ParlaMint-HR_2017-11-08-0.u56344	Minutes of the National Assembly of the Republic of Croatia, Term 9, Session 6	2017-11-08	Unicameralism	9. mandat	-	Zasedanje 6	2017-12-15	-	Reference	English	Regular	MP	notMinister	SDP	Socijaldemokratska partija Hrvatske	Coalition	Centre-left	MarasGordan	Maras, Gordan	M	1974	
ParlaMint-HR-en_2017-11-08-0	ParlaMint-HR_2017-11-08-0.u56345	Minutes of the National Assembly of the Republic of Croatia, Term 9, Session 6	2017-11-08	Unicameralism	9. mandat	-	Zasedanje 6	2017-12-15	-	Reference	English	Chairperson	MP	notMinister	HDZ	Hrvatska demokratska zajednica	Coalition	Centre-right	JandrokovićGordan	Jandroković, Gordan	M	1967	
ParlaMint-HR-en_2017-11-08-0	ParlaMint-HR_2017-11-08-0.u56346	Minutes of the National Assembly of the Republic of Croatia, Term 9, Session 6	2017-11-08	Unicameralism	9. mandat	-	Zasedanje 6	2017-12-15	-	Reference	English	Regular	MP	notMinister	nezavisni	nezavisni	-	-	JankovicsRobert	Jankovics, Robert	M	1975	
ParlaMint-HR-en_2017-11-08-0	ParlaMint-HR_2017-11-08-0.u56347	Minutes of the National Assembly of the Republic of Croatia, Term 9, Session 6	2017-11-08	Unicameralism	9. mandat	-	Zasedanje 6	2017-12-15	-	Reference	English	Chairperson	MP	notMinister	HDZ	Hrvatska demokratska zajednica	Coalition	Centre-right	JandrokovićGordan	Jandroković, Gordan	M	1967	
ParlaMint-HR-en_2017-11-08-0	ParlaMint-HR_2017-11-08-0.u56348	Minutes of the National Assembly of the Republic of Croatia, Term 9, Session 6	2017-11-08	Unicameralism	9. mandat	-	Zasedanje 6	2017-12-15	-	Reference	English	Regular	notMP	Minister	-	-	-	-	PejčinovićBurićMarija	Pejčinović Burić, Marija	F	1963	
ParlaMint-HR-en_2017-11-08-0	ParlaMint-HR_2017-11-08-0.u56349	Minutes of the National Assembly of the Republic of Croatia, Term 9, Session 6	2017-11-08	Unicameralism	9. mandat	-	Zasedanje 6	2017-12-15	-	Reference	English	Chairperson	MP	notMinister	HDZ	Hrvatska demokratska zajednica	Coalition	Centre-right	JandrokovićGordan	Jandroković, Gordan	M	1967	
ParlaMint-HR-en_2017-11-08-0	ParlaMint-HR_2017-11-08-0.u56350	Minutes of the National Assembly of the Republic of Croatia, Term 9, Session 6	2017-11-08	Unicameralism	9. mandat	-	Zasedanje 6	2017-12-15	-	Reference	English	Regular	MP	notMinister	nezavisni	nezavisni	-	-	JankovicsRobert	Jankovics, Robert	M	1975	
ParlaMint-HR-en_2017-11-08-0	ParlaMint-HR_2017-11-08-0.u56351	Minutes of the National Assembly of the Republic of Croatia, Term 9, Session 6	2017-11-08	Unicameralism	9. mandat	-	Zasedanje 6	2017-12-15	-	Reference	English	Chairperson	MP	notMinister	HDZ	Hrvatska demokratska zajednica	Coalition	Centre-right	JandrokovićGordan	Jandroković, Gordan	M	1967	
ParlaMint-HR-en_2017-11-08-0	ParlaMint-HR_2017-11-08-0.u56352	Minutes of the National Assembly of the Republic of Croatia, Term 9, Session 6	2017-11-08	Unicameralism	9. mandat	-	Zasedanje 6	2017-12-15	-	Reference	English	Regular	MP	notMinister	SDP	Socijaldemokratska partija Hrvatske	Coalition	Centre-left	GlavaševićBojan	Glavašević, Bojan	M	1984	
ParlaMint-HR-en_2017-11-08-0	ParlaMint-HR_2017-11-08-0.u56353	Minutes of the National Assembly of the Republic of Croatia, Term 9, Session 6	2017-11-08	Unicameralism	9. mandat	-	Zasedanje 6	2017-12-15	-	Reference	English	Chairperson	MP	notMinister	HDZ	Hrvatska demokratska zajednica	Coalition	Centre-right	JandrokovićGordan	Jandroković, Gordan	M	1967	
ParlaMint-HR-en_2017-11-08-0	ParlaMint-HR_2017-11-08-0.u56354	Minutes of the National Assembly of the Republic of Croatia, Term 9, Session 6	2017-11-08	Unicameralism	9. mandat	-	Zasedanje 6	2017-12-15	-	Reference	English	Regular	notMP	Minister	-	-	-	-	PejčinovićBurićMarija	Pejčinović Burić, Marija	F	1963	
ParlaMint-HR-en_2017-11-08-0	ParlaMint-HR_2017-11-08-0.u56355	Minutes of the National Assembly of the Republic of Croatia, Term 9, Session 6	2017-11-08	Unicameralism	9. mandat	-	Zasedanje 6	2017-12-15	-	Reference	English	Chairperson	MP	notMinister	HDZ	Hrvatska demokratska zajednica	Coalition	Centre-right	ReinerŽeljko	Reiner, Željko	M	1953	
ParlaMint-HR-en_2017-11-08-0	ParlaMint-HR_2017-11-08-0.u56356	Minutes of the National Assembly of the Republic of Croatia, Term 9, Session 6	2017-11-08	Unicameralism	9. mandat	-	Zasedanje 6	2017-12-15	-	Reference	English	Regular	MP	notMinister	SDP	Socijaldemokratska partija Hrvatske	Coalition	Centre-left	GlavaševićBojan	Glavašević, Bojan	M	1984	
ParlaMint-HR-en_2017-11-08-0	ParlaMint-HR_2017-11-08-0.u56357	Minutes of the National Assembly of the Republic of Croatia, Term 9, Session 6	2017-11-08	Unicameralism	9. mandat	-	Zasedanje 6	2017-12-15	-	Reference	English	Chairperson	MP	notMinister	HDZ	Hrvatska demokratska zajednica	Coalition	Centre-right	ReinerŽeljko	Reiner, Željko	M	1953	
ParlaMint-HR-en_2017-11-08-0	ParlaMint-HR_2017-11-08-0.u56358	Minutes of the National Assembly of the Republic of Croatia, Term 9, Session 6	2017-11-08	Unicameralism	9. mandat	-	Zasedanje 6	2017-12-15	-	Reference	English	Regular	MP	notMinister	HDZ	Hrvatska demokratska zajednica	Coalition	Centre-right	JuričevMartinčevBranka	Juričev-Martinčev, Branka	F	1965	
ParlaMint-HR-en_2017-11-08-0	ParlaMint-HR_2017-11-08-0.u56359	Minutes of the National Assembly of the Republic of Croatia, Term 9, Session 6	2017-11-08	Unicameralism	9. mandat	-	Zasedanje 6	2017-12-15	-	Reference	English	Chairperson	MP	notMinister	HDZ	Hrvatska demokratska zajednica	Coalition	Centre-right	ReinerŽeljko	Reiner, Željko	M	1953	
ParlaMint-HR-en_2017-11-08-0	ParlaMint-HR_2017-11-08-0.u56360	Minutes of the National Assembly of the Republic of Croatia, Term 9, Session 6	2017-11-08	Unicameralism	9. mandat	-	Zasedanje 6	2017-12-15	-	Reference	English	Regular	notMP	Minister	-	-	-	-	ŽalacGabrijela	Žalac, Gabrijela	U	-	
ParlaMint-HR-en_2017-11-08-0	ParlaMint-HR_2017-11-08-0.u56361	Minutes of the National Assembly of the Republic of Croatia, Term 9, Session 6	2017-11-08	Unicameralism	9. mandat	-	Zasedanje 6	2017-12-15	-	Reference	English	Chairperson	MP	notMinister	HDZ	Hrvatska demokratska zajednica	Coalition	Centre-right	ReinerŽeljko	Reiner, Željko	M	1953	
ParlaMint-HR-en_2017-11-08-0	ParlaMint-HR_2017-11-08-0.u56362	Minutes of the National Assembly of the Republic of Croatia, Term 9, Session 6	2017-11-08	Unicameralism	9. mandat	-	Zasedanje 6	2017-12-15	-	Reference	English	Regular	MP	notMinister	HDZ	Hrvatska demokratska zajednica	Coalition	Centre-right	JuričevMartinčevBranka	Juričev-Martinčev, Branka	F	1965	
ParlaMint-HR-en_2017-11-08-0	ParlaMint-HR_2017-11-08-0.u56363	Minutes of the National Assembly of the Republic of Croatia, Term 9, Session 6	2017-11-08	Unicameralism	9. mandat	-	Zasedanje 6	2017-12-15	-	Reference	English	Chairperson	MP	notMinister	HDZ	Hrvatska demokratska zajednica	Coalition	Centre-right	ReinerŽeljko	Reiner, Željko	M	1953	
ParlaMint-HR-en_2017-11-08-0	ParlaMint-HR_2017-11-08-0.u56364	Minutes of the National Assembly of the Republic of Croatia, Term 9, Session 6	2017-11-08	Unicameralism	9. mandat	-	Zasedanje 6	2017-12-15	-	Reference	English	Regular	MP	notMinister	HDZ	Hrvatska demokratska zajednica	Coalition	Centre-right	JosićŽeljka	Josić, Željka	F	1978	
ParlaMint-HR-en_2017-11-08-0	ParlaMint-HR_2017-11-08-0.u56365	Minutes of the National Assembly of the Republic of Croatia, Term 9, Session 6	2017-11-08	Unicameralism	9. mandat	-	Zasedanje 6	2017-12-15	-	Reference	English	Chairperson	MP	notMinister	HDZ	Hrvatska demokratska zajednica	Coalition	Centre-right	ReinerŽeljko	Reiner, Željko	M	1953	
ParlaMint-HR-en_2017-11-08-0	ParlaMint-HR_2017-11-08-0.u56366	Minutes of the National Assembly of the Republic of Croatia, Term 9, Session 6	2017-11-08	Unicameralism	9. mandat	-	Zasedanje 6	2017-12-15	-	Reference	English	Regular	MP	Minister	HDZ	Hrvatska demokratska zajednica	Coalition	Centre-right	MarićGoran	Marić, Goran	M	1959	
ParlaMint-HR-en_2017-11-08-0	ParlaMint-HR_2017-11-08-0.u56367	Minutes of the National Assembly of the Republic of Croatia, Term 9, Session 6	2017-11-08	Unicameralism	9. mandat	-	Zasedanje 6	2017-12-15	-	Reference	English	Chairperson	MP	notMinister	HDZ	Hrvatska demokratska zajednica	Coalition	Centre-right	ReinerŽeljko	Reiner, Željko	M	1953	
ParlaMint-HR-en_2017-11-08-0	ParlaMint-HR_2017-11-08-0.u56368	Minutes of the National Assembly of the Republic of Croatia, Term 9, Session 6	2017-11-08	Unicameralism	9. mandat	-	Zasedanje 6	2017-12-15	-	Reference	English	Regular	MP	notMinister	HDZ	Hrvatska demokratska zajednica	Coalition	Centre-right	JosićŽeljka	Josić, Željka	F	1978	
ParlaMint-HR-en_2017-11-08-0	ParlaMint-HR_2017-11-08-0.u56369	Minutes of the National Assembly of the Republic of Croatia, Term 9, Session 6	2017-11-08	Unicameralism	9. mandat	-	Zasedanje 6	2017-12-15	-	Reference	English	Chairperson	MP	notMinister	HDZ	Hrvatska demokratska zajednica	Coalition	Centre-right	ReinerŽeljko	Reiner, Željko	M	1953	
ParlaMint-HR-en_2017-11-08-0	ParlaMint-HR_2017-11-08-0.u56370	Minutes of the National Assembly of the Republic of Croatia, Term 9, Session 6	2017-11-08	Unicameralism	9. mandat	-	Zasedanje 6	2017-12-15	-	Reference	English	Regular	MP	notMinister	HDZ	Hrvatska demokratska zajednica	Coalition	Centre-right	BedekovićVesna	Bedeković, Vesna	F	1966	
ParlaMint-HR-en_2017-11-08-0	ParlaMint-HR_2017-11-08-0.u56371	Minutes of the National Assembly of the Republic of Croatia, Term 9, Session 6	2017-11-08	Unicameralism	9. mandat	-	Zasedanje 6	2017-12-15	-	Reference	English	Chairperson	MP	notMinister	HDZ	Hrvatska demokratska zajednica	Coalition	Centre-right	ReinerŽeljko	Reiner, Željko	M	1953	
ParlaMint-HR-en_2017-11-08-0	ParlaMint-HR_2017-11-08-0.u56372	Minutes of the National Assembly of the Republic of Croatia, Term 9, Session 6	2017-11-08	Unicameralism	9. mandat	-	Zasedanje 6	2017-12-15	-	Reference	English	Regular	notMP	Minister	-	-	-	-	ObuljenKoržinekNina	Obuljen Koržinek, Nina	F	1970	
ParlaMint-HR-en_2017-11-08-0	ParlaMint-HR_2017-11-08-0.u56373	Minutes of the National Assembly of the Republic of Croatia, Term 9, Session 6	2017-11-08	Unicameralism	9. mandat	-	Zasedanje 6	2017-12-15	-	Reference	English	Chairperson	MP	notMinister	HDZ	Hrvatska demokratska zajednica	Coalition	Centre-right	ReinerŽeljko	Reiner, Željko	M	1953	
ParlaMint-HR-en_2017-11-08-0	ParlaMint-HR_2017-11-08-0.u56374	Minutes of the National Assembly of the Republic of Croatia, Term 9, Session 6	2017-11-08	Unicameralism	9. mandat	-	Zasedanje 6	2017-12-15	-	Reference	English	Regular	MP	notMinister	HDZ	Hrvatska demokratska zajednica	Coalition	Centre-right	BedekovićVesna	Bedeković, Vesna	F	1966	
ParlaMint-HR-en_2017-11-08-0	ParlaMint-HR_2017-11-08-0.u56375	Minutes of the National Assembly of the Republic of Croatia, Term 9, Session 6	2017-11-08	Unicameralism	9. mandat	-	Zasedanje 6	2017-12-15	-	Reference	English	Chairperson	MP	notMinister	HDZ	Hrvatska demokratska zajednica	Coalition	Centre-right	ReinerŽeljko	Reiner, Željko	M	1953	
ParlaMint-HR-en_2017-11-08-0	ParlaMint-HR_2017-11-08-0.u56376	Minutes of the National Assembly of the Republic of Croatia, Term 9, Session 6	2017-11-08	Unicameralism	9. mandat	-	Zasedanje 6	2017-12-15	-	Reference	English	Regular	MP	notMinister	HDZ	Hrvatska demokratska zajednica	Coalition	Centre-right	ĆosićPero	Ćosić, Pero	M	1959	
ParlaMint-HR-en_2017-11-08-0	ParlaMint-HR_2017-11-08-0.u56377	Minutes of the National Assembly of the Republic of Croatia, Term 9, Session 6	2017-11-08	Unicameralism	9. mandat	-	Zasedanje 6	2017-12-15	-	Reference	English	Chairperson	MP	notMinister	HDZ	Hrvatska demokratska zajednica	Coalition	Centre-right	ReinerŽeljko	Reiner, Željko	M	1953	
ParlaMint-HR-en_2017-11-08-0	ParlaMint-HR_2017-11-08-0.u56378	Minutes of the National Assembly of the Republic of Croatia, Term 9, Session 6	2017-11-08	Unicameralism	9. mandat	-	Zasedanje 6	2017-12-15	-	Reference	English	Regular	MP	Minister	nezavisni	nezavisni	-	-	MarićZdravko	Marić, Zdravko	M	1977	
ParlaMint-HR-en_2017-11-08-0	ParlaMint-HR_2017-11-08-0.u56379	Minutes of the National Assembly of the Republic of Croatia, Term 9, Session 6	2017-11-08	Unicameralism	9. mandat	-	Zasedanje 6	2017-12-15	-	Reference	English	Chairperson	MP	notMinister	HDZ	Hrvatska demokratska zajednica	Coalition	Centre-right	ReinerŽeljko	Reiner, Željko	M	1953	
ParlaMint-HR-en_2017-11-08-0	ParlaMint-HR_2017-11-08-0.u56380	Minutes of the National Assembly of the Republic of Croatia, Term 9, Session 6	2017-11-08	Unicameralism	9. mandat	-	Zasedanje 6	2017-12-15	-	Reference	English	Regular	MP	notMinister	HDZ	Hrvatska demokratska zajednica	Coalition	Centre-right	ĆosićPero	Ćosić, Pero	M	1959	
ParlaMint-HR-en_2017-11-08-0	ParlaMint-HR_2017-11-08-0.u56381	Minutes of the National Assembly of the Republic of Croatia, Term 9, Session 6	2017-11-08	Unicameralism	9. mandat	-	Zasedanje 6	2017-12-15	-	Reference	English	Chairperson	MP	notMinister	HDZ	Hrvatska demokratska zajednica	Coalition	Centre-right	ReinerŽeljko	Reiner, Željko	M	1953	
ParlaMint-HR-en_2017-11-08-0	ParlaMint-HR_2017-11-08-0.u56382	Minutes of the National Assembly of the Republic of Croatia, Term 9, Session 6	2017-11-08	Unicameralism	9. mandat	-	Zasedanje 6	2017-12-15	-	Reference	English	Regular	MP	notMinister	HNS	Hrvatska narodna stranka	Coalition	Centre to centre-left	MakarBožica	Makar, Božica	F	1959	
ParlaMint-HR-en_2017-11-08-0	ParlaMint-HR_2017-11-08-0.u56383	Minutes of the National Assembly of the Republic of Croatia, Term 9, Session 6	2017-11-08	Unicameralism	9. mandat	-	Zasedanje 6	2017-12-15	-	Reference	English	Chairperson	MP	notMinister	HDZ	Hrvatska demokratska zajednica	Coalition	Centre-right	ReinerŽeljko	Reiner, Željko	M	1953	
ParlaMint-HR-en_2017-11-08-0	ParlaMint-HR_2017-11-08-0.u56384	Minutes of the National Assembly of the Republic of Croatia, Term 9, Session 6	2017-11-08	Unicameralism	9. mandat	-	Zasedanje 6	2017-12-15	-	Reference	English	Regular	notMP	Minister	-	-	-	-	DivjakBlaženka	Divjak, Blaženka	U	-	
ParlaMint-HR-en_2017-11-08-0	ParlaMint-HR_2017-11-08-0.u56385	Minutes of the National Assembly of the Republic of Croatia, Term 9, Session 6	2017-11-08	Unicameralism	9. mandat	-	Zasedanje 6	2017-12-15	-	Reference	English	Chairperson	MP	notMinister	HDZ	Hrvatska demokratska zajednica	Coalition	Centre-right	ReinerŽeljko	Reiner, Željko	M	1953	
ParlaMint-HR-en_2017-11-08-0	ParlaMint-HR_2017-11-08-0.u56386	Minutes of the National Assembly of the Republic of Croatia, Term 9, Session 6	2017-11-08	Unicameralism	9. mandat	-	Zasedanje 6	2017-12-15	-	Reference	English	Regular	MP	notMinister	HNS	Hrvatska narodna stranka	Coalition	Centre to centre-left	MakarBožica	Makar, Božica	F	1959	
ParlaMint-HR-en_2017-11-08-0	ParlaMint-HR_2017-11-08-0.u56387	Minutes of the National Assembly of the Republic of Croatia, Term 9, Session 6	2017-11-08	Unicameralism	9. mandat	-	Zasedanje 6	2017-12-15	-	Reference	English	Chairperson	MP	notMinister	HDZ	Hrvatska demokratska zajednica	Coalition	Centre-right	ReinerŽeljko	Reiner, Željko	M	1953	
ParlaMint-HR-en_2017-11-08-0	ParlaMint-HR_2017-11-08-0.u56388	Minutes of the National Assembly of the Republic of Croatia, Term 9, Session 6	2017-11-08	Unicameralism	9. mandat	-	Zasedanje 6	2017-12-15	-	Reference	English	Regular	MP	notMinister	HDZ	Hrvatska demokratska zajednica	Coalition	Centre-right	SokolTomislav	Sokol, Tomislav	M	1982	
ParlaMint-HR-en_2017-11-08-0	ParlaMint-HR_2017-11-08-0.u56389	Minutes of the National Assembly of the Republic of Croatia, Term 9, Session 6	2017-11-08	Unicameralism	9. mandat	-	Zasedanje 6	2017-12-15	-	Reference	English	Chairperson	MP	notMinister	HDZ	Hrvatska demokratska zajednica	Coalition	Centre-right	ReinerŽeljko	Reiner, Željko	M	1953	
ParlaMint-HR-en_2017-11-08-0	ParlaMint-HR_2017-11-08-0.u56390	Minutes of the National Assembly of the Republic of Croatia, Term 9, Session 6	2017-11-08	Unicameralism	9. mandat	-	Zasedanje 6	2017-12-15	-	Reference	English	Regular	MP	Minister	HDZ	Hrvatska demokratska zajednica	Coalition	Centre-right	BošnjakovićDražen	Bošnjaković, Dražen	M	1961	
ParlaMint-HR-en_2017-11-08-0	ParlaMint-HR_2017-11-08-0.u56391	Minutes of the National Assembly of the Republic of Croatia, Term 9, Session 6	2017-11-08	Unicameralism	9. mandat	-	Zasedanje 6	2017-12-15	-	Reference	English	Chairperson	MP	notMinister	HDZ	Hrvatska demokratska zajednica	Coalition	Centre-right	JandrokovićGordan	Jandroković, Gordan	M	1967	
ParlaMint-HR-en_2017-11-08-0	ParlaMint-HR_2017-11-08-0.u56392	Minutes of the National Assembly of the Republic of Croatia, Term 9, Session 6	2017-11-08	Unicameralism	9. mandat	-	Zasedanje 6	2017-12-15	-	Reference	English	Regular	MP	notMinister	HDZ	Hrvatska demokratska zajednica	Coalition	Centre-right	SokolTomislav	Sokol, Tomislav	M	1982	
ParlaMint-HR-en_2017-11-08-0	ParlaMint-HR_2017-11-08-0.u56393	Minutes of the National Assembly of the Republic of Croatia, Term 9, Session 6	2017-11-08	Unicameralism	9. mandat	-	Zasedanje 6	2017-12-15	-	Reference	English	Chairperson	MP	notMinister	HDZ	Hrvatska demokratska zajednica	Coalition	Centre-right	JandrokovićGordan	Jandroković, Gordan	M	1967	
ParlaMint-HR-en_2017-11-08-0	ParlaMint-HR_2017-11-08-0.u56394	Minutes of the National Assembly of the Republic of Croatia, Term 9, Session 6	2017-11-08	Unicameralism	9. mandat	-	Zasedanje 6	2017-12-15	-	Reference	English	Regular	MP	notMinister	Živi zid	Živi zid	Coalition	-	SinčićIvanVilibor	Sinčić, Ivan Vilibor	M	1990	
ParlaMint-HR-en_2017-11-08-0	ParlaMint-HR_2017-11-08-0.u56395	Minutes of the National Assembly of the Republic of Croatia, Term 9, Session 6	2017-11-08	Unicameralism	9. mandat	-	Zasedanje 6	2017-12-15	-	Reference	English	Chairperson	MP	notMinister	HDZ	Hrvatska demokratska zajednica	Coalition	Centre-right	JandrokovićGordan	Jandroković, Gordan	M	1967	
ParlaMint-HR-en_2017-11-08-0	ParlaMint-HR_2017-11-08-0.u56396	Minutes of the National Assembly of the Republic of Croatia, Term 9, Session 6	2017-11-08	Unicameralism	9. mandat	-	Zasedanje 6	2017-12-15	-	Reference	English	Regular	MP	Minister	nezavisni	nezavisni	-	-	MarićZdravko	Marić, Zdravko	M	1977	
ParlaMint-HR-en_2017-11-08-0	ParlaMint-HR_2017-11-08-0.u56397	Minutes of the National Assembly of the Republic of Croatia, Term 9, Session 6	2017-11-08	Unicameralism	9. mandat	-	Zasedanje 6	2017-12-15	-	Reference	English	Chairperson	MP	notMinister	HDZ	Hrvatska demokratska zajednica	Coalition	Centre-right	JandrokovićGordan	Jandroković, Gordan	M	1967	
ParlaMint-HR-en_2017-11-08-0	ParlaMint-HR_2017-11-08-0.u56398	Minutes of the National Assembly of the Republic of Croatia, Term 9, Session 6	2017-11-08	Unicameralism	9. mandat	-	Zasedanje 6	2017-12-15	-	Reference	English	Regular	MP	notMinister	Živi zid	Živi zid	Coalition	-	SinčićIvanVilibor	Sinčić, Ivan Vilibor	M	1990	
ParlaMint-HR-en_2017-11-08-0	ParlaMint-HR_2017-11-08-0.u56399	Minutes of the National Assembly of the Republic of Croatia, Term 9, Session 6	2017-11-08	Unicameralism	9. mandat	-	Zasedanje 6	2017-12-15	-	Reference	English	Chairperson	MP	notMinister	HDZ	Hrvatska demokratska zajednica	Coalition	Centre-right	JandrokovićGordan	Jandroković, Gordan	M	1967	
ParlaMint-HR-en_2017-11-08-0	ParlaMint-HR_2017-11-08-0.u56400	Minutes of the National Assembly of the Republic of Croatia, Term 9, Session 6	2017-11-08	Unicameralism	9. mandat	-	Zasedanje 6	2017-12-15	-	Reference	English	Regular	MP	notMinister	HDZ	Hrvatska demokratska zajednica	Coalition	Centre-right	KopićVlatko	Kopić, Vlatko	M	1973	
ParlaMint-HR-en_2017-11-08-0	ParlaMint-HR_2017-11-08-0.u56401	Minutes of the National Assembly of the Republic of Croatia, Term 9, Session 6	2017-11-08	Unicameralism	9. mandat	-	Zasedanje 6	2017-12-15	-	Reference	English	Chairperson	MP	notMinister	HDZ	Hrvatska demokratska zajednica	Coalition	Centre-right	JandrokovićGordan	Jandroković, Gordan	M	1967	
ParlaMint-HR-en_2017-11-08-0	ParlaMint-HR_2017-11-08-0.u56402	Minutes of the National Assembly of the Republic of Croatia, Term 9, Session 6	2017-11-08	Unicameralism	9. mandat	-	Zasedanje 6	2017-12-15	-	Reference	English	Regular	MP	Minister	HDZ	Hrvatska demokratska zajednica	Coalition	Centre-right	KujundžićMilan	Kujundžić, Milan	M	1957	
ParlaMint-HR-en_2017-11-08-0	ParlaMint-HR_2017-11-08-0.u56403	Minutes of the National Assembly of the Republic of Croatia, Term 9, Session 6	2017-11-08	Unicameralism	9. mandat	-	Zasedanje 6	2017-12-15	-	Reference	English	Chairperson	MP	notMinister	HDZ	Hrvatska demokratska zajednica	Coalition	Centre-right	JandrokovićGordan	Jandroković, Gordan	M	1967	
ParlaMint-HR-en_2017-11-08-0	ParlaMint-HR_2017-11-08-0.u56404	Minutes of the National Assembly of the Republic of Croatia, Term 9, Session 6	2017-11-08	Unicameralism	9. mandat	-	Zasedanje 6	2017-12-15	-	Reference	English	Regular	MP	notMinister	HDZ	Hrvatska demokratska zajednica	Coalition	Centre-right	KopićVlatko	Kopić, Vlatko	M	1973	
ParlaMint-HR-en_2017-11-08-0	ParlaMint-HR_2017-11-08-0.u56405	Minutes of the National Assembly of the Republic of Croatia, Term 9, Session 6	2017-11-08	Unicameralism	9. mandat	-	Zasedanje 6	2017-12-15	-	Reference	English	Chairperson	MP	notMinister	HDZ	Hrvatska demokratska zajednica	Coalition	Centre-right	JandrokovićGordan	Jandroković, Gordan	M	1967	
ParlaMint-HR-en_2017-11-08-0	ParlaMint-HR_2017-11-08-0.u56406	Minutes of the National Assembly of the Republic of Croatia, Term 9, Session 6	2017-11-08	Unicameralism	9. mandat	-	Zasedanje 6	2017-12-15	-	Reference	English	Regular	MP	notMinister	SDP	Socijaldemokratska partija Hrvatske	Coalition	Centre-left	VidovićFranko	Vidović, Franko	M	1967	
ParlaMint-HR-en_2017-11-08-0	ParlaMint-HR_2017-11-08-0.u56407	Minutes of the National Assembly of the Republic of Croatia, Term 9, Session 6	2017-11-08	Unicameralism	9. mandat	-	Zasedanje 6	2017-12-15	-	Reference	English	Chairperson	MP	notMinister	HDZ	Hrvatska demokratska zajednica	Coalition	Centre-right	JandrokovićGordan	Jandroković, Gordan	M	1967	
ParlaMint-HR-en_2017-11-08-0	ParlaMint-HR_2017-11-08-0.u56408	Minutes of the National Assembly of the Republic of Croatia, Term 9, Session 6	2017-11-08	Unicameralism	9. mandat	-	Zasedanje 6	2017-12-15	-	Reference	English	Regular	MP	Minister	HDZ	Hrvatska demokratska zajednica	Coalition	Centre-right	MedvedTomo	Medved, Tomo	M	1968	
ParlaMint-HR-en_2017-11-08-0	ParlaMint-HR_2017-11-08-0.u56409	Minutes of the National Assembly of the Republic of Croatia, Term 9, Session 6	2017-11-08	Unicameralism	9. mandat	-	Zasedanje 6	2017-12-15	-	Reference	English	Chairperson	MP	notMinister	HDZ	Hrvatska demokratska zajednica	Coalition	Centre-right	JandrokovićGordan	Jandroković, Gordan	M	1967	
ParlaMint-HR-en_2017-11-08-0	ParlaMint-HR_2017-11-08-0.u56410	Minutes of the National Assembly of the Republic of Croatia, Term 9, Session 6	2017-11-08	Unicameralism	9. mandat	-	Zasedanje 6	2017-12-15	-	Reference	English	Regular	MP	notMinister	SDP	Socijaldemokratska partija Hrvatske	Coalition	Centre-left	VidovićFranko	Vidović, Franko	M	1967	
ParlaMint-HR-en_2017-11-08-0	ParlaMint-HR_2017-11-08-0.u56411	Minutes of the National Assembly of the Republic of Croatia, Term 9, Session 6	2017-11-08	Unicameralism	9. mandat	-	Zasedanje 6	2017-12-15	-	Reference	English	Chairperson	MP	notMinister	HDZ	Hrvatska demokratska zajednica	Coalition	Centre-right	JandrokovićGordan	Jandroković, Gordan	M	1967	
ParlaMint-HR-en_2017-11-08-0	ParlaMint-HR_2017-11-08-0.u56412	Minutes of the National Assembly of the Republic of Croatia, Term 9, Session 6	2017-11-08	Unicameralism	9. mandat	-	Zasedanje 6	2017-12-15	-	Reference	English	Regular	MP	notMinister	HSS	Hrvatska seljačka stranka	Coalition	Centre to centre-right	VlaovićDavor	Vlaović, Davor	M	1963	
ParlaMint-HR-en_2017-11-08-0	ParlaMint-HR_2017-11-08-0.u56413	Minutes of the National Assembly of the Republic of Croatia, Term 9, Session 6	2017-11-08	Unicameralism	9. mandat	-	Zasedanje 6	2017-12-15	-	Reference	English	Chairperson	MP	notMinister	HDZ	Hrvatska demokratska zajednica	Coalition	Centre-right	JandrokovićGordan	Jandroković, Gordan	M	1967	
ParlaMint-HR-en_2017-11-08-0	ParlaMint-HR_2017-11-08-0.u56414	Minutes of the National Assembly of the Republic of Croatia, Term 9, Session 6	2017-11-08	Unicameralism	9. mandat	-	Zasedanje 6	2017-12-15	-	Reference	English	Regular	MP	notMinister	HDZ	Hrvatska demokratska zajednica	Coalition	Centre-right	PlenkovićAndrej	Plenković, Andrej	M	1970	
ParlaMint-HR-en_2017-11-08-0	ParlaMint-HR_2017-11-08-0.u56415	Minutes of the National Assembly of the Republic of Croatia, Term 9, Session 6	2017-11-08	Unicameralism	9. mandat	-	Zasedanje 6	2017-12-15	-	Reference	English	Chairperson	MP	notMinister	HDZ	Hrvatska demokratska zajednica	Coalition	Centre-right	JandrokovićGordan	Jandroković, Gordan	M	1967	
ParlaMint-HR-en_2017-11-08-0	ParlaMint-HR_2017-11-08-0.u56416	Minutes of the National Assembly of the Republic of Croatia, Term 9, Session 6	2017-11-08	Unicameralism	9. mandat	-	Zasedanje 6	2017-12-15	-	Reference	English	Regular	MP	notMinister	HSS	Hrvatska seljačka stranka	Coalition	Centre to centre-right	VlaovićDavor	Vlaović, Davor	M	1963	
ParlaMint-HR-en_2017-11-08-0	ParlaMint-HR_2017-11-08-0.u56417	Minutes of the National Assembly of the Republic of Croatia, Term 9, Session 6	2017-11-08	Unicameralism	9. mandat	-	Zasedanje 6	2017-12-15	-	Reference	English	Chairperson	MP	notMinister	HDZ	Hrvatska demokratska zajednica	Coalition	Centre-right	JandrokovićGordan	Jandroković, Gordan	M	1967	
ParlaMint-HR-en_2017-11-08-0	ParlaMint-HR_2017-11-08-0.u56418	Minutes of the National Assembly of the Republic of Croatia, Term 9, Session 6	2017-11-08	Unicameralism	9. mandat	-	Zasedanje 6	2017-12-15	-	Reference	English	Regular	MP	notMinister	HDZ	Hrvatska demokratska zajednica	Coalition	Centre-right	BorićJosip	Borić, Josip	M	1972	
ParlaMint-HR-en_2017-11-08-0	ParlaMint-HR_2017-11-08-0.u56419	Minutes of the National Assembly of the Republic of Croatia, Term 9, Session 6	2017-11-08	Unicameralism	9. mandat	-	Zasedanje 6	2017-12-15	-	Reference	English	Chairperson	MP	notMinister	HDZ	Hrvatska demokratska zajednica	Coalition	Centre-right	JandrokovićGordan	Jandroković, Gordan	M	1967	
ParlaMint-HR-en_2017-11-08-0	ParlaMint-HR_2017-11-08-0.u56420	Minutes of the National Assembly of the Republic of Croatia, Term 9, Session 6	2017-11-08	Unicameralism	9. mandat	-	Zasedanje 6	2017-12-15	-	Reference	English	Regular	MP	Minister	HDZ	Hrvatska demokratska zajednica	Coalition	Centre-right	ButkovićOleg	Butković, Oleg	M	1979	
ParlaMint-HR-en_2017-11-08-0	ParlaMint-HR_2017-11-08-0.u56421	Minutes of the National Assembly of the Republic of Croatia, Term 9, Session 6	2017-11-08	Unicameralism	9. mandat	-	Zasedanje 6	2017-12-15	-	Reference	English	Chairperson	MP	notMinister	HDZ	Hrvatska demokratska zajednica	Coalition	Centre-right	JandrokovićGordan	Jandroković, Gordan	M	1967	
ParlaMint-HR-en_2017-11-08-0	ParlaMint-HR_2017-11-08-0.u56422	Minutes of the National Assembly of the Republic of Croatia, Term 9, Session 6	2017-11-08	Unicameralism	9. mandat	-	Zasedanje 6	2017-12-15	-	Reference	English	Regular	MP	notMinister	HDZ	Hrvatska demokratska zajednica	Coalition	Centre-right	BorićJosip	Borić, Josip	M	1972	
ParlaMint-HR-en_2017-11-08-0	ParlaMint-HR_2017-11-08-0.u56423	Minutes of the National Assembly of the Republic of Croatia, Term 9, Session 6	2017-11-08	Unicameralism	9. mandat	-	Zasedanje 6	2017-12-15	-	Reference	English	Chairperson	MP	notMinister	HDZ	Hrvatska demokratska zajednica	Coalition	Centre-right	JandrokovićGordan	Jandroković, Gordan	M	1967	
ParlaMint-HR-en_2017-11-08-0	ParlaMint-HR_2017-11-08-0.u56424	Minutes of the National Assembly of the Republic of Croatia, Term 9, Session 6	2017-11-08	Unicameralism	9. mandat	-	Zasedanje 6	2017-12-15	-	Reference	English	Regular	MP	notMinister	SDP	Socijaldemokratska partija Hrvatske	Coalition	Centre-left	VešligajMarko	Vešligaj, Marko	M	1982	
ParlaMint-HR-en_2017-11-08-0	ParlaMint-HR_2017-11-08-0.u56425	Minutes of the National Assembly of the Republic of Croatia, Term 9, Session 6	2017-11-08	Unicameralism	9. mandat	-	Zasedanje 6	2017-12-15	-	Reference	English	Chairperson	MP	notMinister	HDZ	Hrvatska demokratska zajednica	Coalition	Centre-right	JandrokovićGordan	Jandroković, Gordan	M	1967	
ParlaMint-HR-en_2017-11-08-0	ParlaMint-HR_2017-11-08-0.u56426	Minutes of the National Assembly of the Republic of Croatia, Term 9, Session 6	2017-11-08	Unicameralism	9. mandat	-	Zasedanje 6	2017-12-15	-	Reference	English	Regular	MP	notMinister	HDZ	Hrvatska demokratska zajednica	Coalition	Centre-right	PlenkovićAndrej	Plenković, Andrej	M	1970	
ParlaMint-HR-en_2017-11-08-0	ParlaMint-HR_2017-11-08-0.u56427	Minutes of the National Assembly of the Republic of Croatia, Term 9, Session 6	2017-11-08	Unicameralism	9. mandat	-	Zasedanje 6	2017-12-15	-	Reference	English	Chairperson	MP	notMinister	HDZ	Hrvatska demokratska zajednica	Coalition	Centre-right	JandrokovićGordan	Jandroković, Gordan	M	1967	
ParlaMint-HR-en_2017-11-08-0	ParlaMint-HR_2017-11-08-0.u56428	Minutes of the National Assembly of the Republic of Croatia, Term 9, Session 6	2017-11-08	Unicameralism	9. mandat	-	Zasedanje 6	2017-12-15	-	Reference	English	Regular	MP	notMinister	SDP	Socijaldemokratska partija Hrvatske	Coalition	Centre-left	VešligajMarko	Vešligaj, Marko	M	1982	
ParlaMint-HR-en_2017-11-08-0	ParlaMint-HR_2017-11-08-0.u56429	Minutes of the National Assembly of the Republic of Croatia, Term 9, Session 6	2017-11-08	Unicameralism	9. mandat	-	Zasedanje 6	2017-12-15	-	Reference	English	Chairperson	MP	notMinister	HDZ	Hrvatska demokratska zajednica	Coalition	Centre-right	JandrokovićGordan	Jandroković, Gordan	M	1967	
ParlaMint-HR-en_2017-11-08-0	ParlaMint-HR_2017-11-08-0.u56430	Minutes of the National Assembly of the Republic of Croatia, Term 9, Session 6	2017-11-08	Unicameralism	9. mandat	-	Zasedanje 6	2017-12-15	-	Reference	English	Regular	MP	notMinister	HRAST	Hrvatski rast	Coalition	Right	ZekanovićHrvoje	Zekanović, Hrvoje	M	1974	
ParlaMint-HR-en_2017-11-08-0	ParlaMint-HR_2017-11-08-0.u56431	Minutes of the National Assembly of the Republic of Croatia, Term 9, Session 6	2017-11-08	Unicameralism	9. mandat	-	Zasedanje 6	2017-12-15	-	Reference	English	Chairperson	MP	notMinister	HDZ	Hrvatska demokratska zajednica	Coalition	Centre-right	JandrokovićGordan	Jandroković, Gordan	M	1967	
ParlaMint-HR-en_2017-11-08-0	ParlaMint-HR_2017-11-08-0.u56432	Minutes of the National Assembly of the Republic of Croatia, Term 9, Session 6	2017-11-08	Unicameralism	9. mandat	-	Zasedanje 6	2017-12-15	-	Reference	English	Regular	notMP	Minister	-	-	-	-	MurganićNada	Murganić, Nada	F	1958	
ParlaMint-HR-en_2017-11-08-0	ParlaMint-HR_2017-11-08-0.u56433	Minutes of the National Assembly of the Republic of Croatia, Term 9, Session 6	2017-11-08	Unicameralism	9. mandat	-	Zasedanje 6	2017-12-15	-	Reference	English	Chairperson	MP	notMinister	HDZ	Hrvatska demokratska zajednica	Coalition	Centre-right	JandrokovićGordan	Jandroković, Gordan	M	1967	
ParlaMint-HR-en_2017-11-08-0	ParlaMint-HR_2017-11-08-0.u56434	Minutes of the National Assembly of the Republic of Croatia, Term 9, Session 6	2017-11-08	Unicameralism	9. mandat	-	Zasedanje 6	2017-12-15	-	Reference	English	Regular	notMP	Minister	-	-	-	-	MurganićNada	Murganić, Nada	F	1958	
ParlaMint-HR-en_2017-11-08-0	ParlaMint-HR_2017-11-08-0.u56435	Minutes of the National Assembly of the Republic of Croatia, Term 9, Session 6	2017-11-08	Unicameralism	9. mandat	-	Zasedanje 6	2017-12-15	-	Reference	English	Chairperson	MP	notMinister	HDZ	Hrvatska demokratska zajednica	Coalition	Centre-right	JandrokovićGordan	Jandroković, Gordan	M	1967	
ParlaMint-HR-en_2017-11-08-0	ParlaMint-HR_2017-11-08-0.u56436	Minutes of the National Assembly of the Republic of Croatia, Term 9, Session 6	2017-11-08	Unicameralism	9. mandat	-	Zasedanje 6	2017-12-15	-	Reference	English	Regular	MP	notMinister	HRAST	Hrvatski rast	Coalition	Right	ZekanovićHrvoje	Zekanović, Hrvoje	M	1974	
ParlaMint-HR-en_2017-11-08-0	ParlaMint-HR_2017-11-08-0.u56437	Minutes of the National Assembly of the Republic of Croatia, Term 9, Session 6	2017-11-08	Unicameralism	9. mandat	-	Zasedanje 6	2017-12-15	-	Reference	English	Chairperson	MP	notMinister	HDZ	Hrvatska demokratska zajednica	Coalition	Centre-right	JandrokovićGordan	Jandroković, Gordan	M	1967	
ParlaMint-HR-en_2017-11-08-0	ParlaMint-HR_2017-11-08-0.u56439	Minutes of the National Assembly of the Republic of Croatia, Term 9, Session 6	2017-11-08	Unicameralism	9. mandat	-	Zasedanje 6	2017-12-15	-	Reference	English	Regular	MP	notMinister	HDZ	Hrvatska demokratska zajednica	Coalition	Centre-right	PlenkovićAndrej	Plenković, Andrej	M	1970	
ParlaMint-HR-en_2017-11-08-0	ParlaMint-HR_2017-11-08-0.u56440	Minutes of the National Assembly of the Republic of Croatia, Term 9, Session 6	2017-11-08	Unicameralism	9. mandat	-	Zasedanje 6	2017-12-15	-	Reference	English	Chairperson	MP	notMinister	HDZ	Hrvatska demokratska zajednica	Coalition	Centre-right	JandrokovićGordan	Jandroković, Gordan	M	1967	
ParlaMint-HR-en_2017-11-08-0	ParlaMint-HR_2017-11-08-0.u56441	Minutes of the National Assembly of the Republic of Croatia, Term 9, Session 6	2017-11-08	Unicameralism	9. mandat	-	Zasedanje 6	2017-12-15	-	Reference	English	Regular	MP	notMinister	MOST	Most nezavisnih lista	Opposition	Centre-right to right	SladoljevMarko	Sladoljev, Marko	M	1973	
ParlaMint-HR-en_2017-11-08-0	ParlaMint-HR_2017-11-08-0.u56442	Minutes of the National Assembly of the Republic of Croatia, Term 9, Session 6	2017-11-08	Unicameralism	9. mandat	-	Zasedanje 6	2017-12-15	-	Reference	English	Chairperson	MP	notMinister	HDZ	Hrvatska demokratska zajednica	Coalition	Centre-right	JandrokovićGordan	Jandroković, Gordan	M	1967	
ParlaMint-HR-en_2017-11-08-0	ParlaMint-HR_2017-11-08-0.u56443	Minutes of the National Assembly of the Republic of Croatia, Term 9, Session 6	2017-11-08	Unicameralism	9. mandat	-	Zasedanje 6	2017-12-15	-	Reference	English	Regular	MP	notMinister	HDZ	Hrvatska demokratska zajednica	Coalition	Centre-right	PlenkovićAndrej	Plenković, Andrej	M	1970	
ParlaMint-HR-en_2017-11-08-0	ParlaMint-HR_2017-11-08-0.u56444	Minutes of the National Assembly of the Republic of Croatia, Term 9, Session 6	2017-11-08	Unicameralism	9. mandat	-	Zasedanje 6	2017-12-15	-	Reference	English	Chairperson	MP	notMinister	HDZ	Hrvatska demokratska zajednica	Coalition	Centre-right	JandrokovićGordan	Jandroković, Gordan	M	1967	
ParlaMint-HR-en_2017-11-08-0	ParlaMint-HR_2017-11-08-0.u56445	Minutes of the National Assembly of the Republic of Croatia, Term 9, Session 6	2017-11-08	Unicameralism	9. mandat	-	Zasedanje 6	2017-12-15	-	Reference	English	Regular	MP	notMinister	nezavisni	nezavisni	-	-	VučetićMarko	Vučetić, Marko	M	1977	
ParlaMint-HR-en_2017-11-08-0	ParlaMint-HR_2017-11-08-0.u56446	Minutes of the National Assembly of the Republic of Croatia, Term 9, Session 6	2017-11-08	Unicameralism	9. mandat	-	Zasedanje 6	2017-12-15	-	Reference	English	Chairperson	MP	notMinister	HDZ	Hrvatska demokratska zajednica	Coalition	Centre-right	JandrokovićGordan	Jandroković, Gordan	M	1967	
ParlaMint-HR-en_2017-11-08-0	ParlaMint-HR_2017-11-08-0.u56447	Minutes of the National Assembly of the Republic of Croatia, Term 9, Session 6	2017-11-08	Unicameralism	9. mandat	-	Zasedanje 6	2017-12-15	-	Reference	English	Regular	MP	notMinister	HDZ	Hrvatska demokratska zajednica	Coalition	Centre-right	PlenkovićAndrej	Plenković, Andrej	M	1970	
ParlaMint-HR-en_2017-11-08-0	ParlaMint-HR_2017-11-08-0.u56448	Minutes of the National Assembly of the Republic of Croatia, Term 9, Session 6	2017-11-08	Unicameralism	9. mandat	-	Zasedanje 6	2017-12-15	-	Reference	English	Chairperson	MP	notMinister	HDZ	Hrvatska demokratska zajednica	Coalition	Centre-right	JandrokovićGordan	Jandroković, Gordan	M	1967	
ParlaMint-HR-en_2017-11-08-0	ParlaMint-HR_2017-11-08-0.u56449	Minutes of the National Assembly of the Republic of Croatia, Term 9, Session 6	2017-11-08	Unicameralism	9. mandat	-	Zasedanje 6	2017-12-15	-	Reference	English	Regular	MP	notMinister	MOST	Most nezavisnih lista	Opposition	Centre-right to right	BuljMiro	Bulj, Miro	M	1972	
ParlaMint-HR-en_2017-11-08-0	ParlaMint-HR_2017-11-08-0.u56450	Minutes of the National Assembly of the Republic of Croatia, Term 9, Session 6	2017-11-08	Unicameralism	9. mandat	-	Zasedanje 6	2017-12-15	-	Reference	English	Chairperson	MP	notMinister	HDZ	Hrvatska demokratska zajednica	Coalition	Centre-right	JandrokovićGordan	Jandroković, Gordan	M	1967	
ParlaMint-HR-en_2017-11-08-0	ParlaMint-HR_2017-11-08-0.u56451	Minutes of the National Assembly of the Republic of Croatia, Term 9, Session 6	2017-11-08	Unicameralism	9. mandat	-	Zasedanje 6	2017-12-15	-	Reference	English	Regular	MP	notMinister	MOST	Most nezavisnih lista	Opposition	Centre-right to right	BuljMiro	Bulj, Miro	M	1972	
ParlaMint-HR-en_2017-11-08-0	ParlaMint-HR_2017-11-08-0.u56452	Minutes of the National Assembly of the Republic of Croatia, Term 9, Session 6	2017-11-08	Unicameralism	9. mandat	-	Zasedanje 6	2017-12-15	-	Reference	English	Chairperson	MP	notMinister	HDZ	Hrvatska demokratska zajednica	Coalition	Centre-right	JandrokovićGordan	Jandroković, Gordan	M	1967	
ParlaMint-HR-en_2017-11-08-0	ParlaMint-HR_2017-11-08-0.u56453	Minutes of the National Assembly of the Republic of Croatia, Term 9, Session 6	2017-11-08	Unicameralism	9. mandat	-	Zasedanje 6	2017-12-15	-	Reference	English	Regular	MP	notMinister	HDZ	Hrvatska demokratska zajednica	Coalition	Centre-right	PlenkovićAndrej	Plenković, Andrej	M	1970	
ParlaMint-HR-en_2017-11-08-0	ParlaMint-HR_2017-11-08-0.u56454	Minutes of the National Assembly of the Republic of Croatia, Term 9, Session 6	2017-11-08	Unicameralism	9. mandat	-	Zasedanje 6	2017-12-15	-	Reference	English	Chairperson	MP	notMinister	HDZ	Hrvatska demokratska zajednica	Coalition	Centre-right	JandrokovićGordan	Jandroković, Gordan	M	1967	
ParlaMint-HR-en_2017-11-08-0	ParlaMint-HR_2017-11-08-0.u56455	Minutes of the National Assembly of the Republic of Croatia, Term 9, Session 6	2017-11-08	Unicameralism	9. mandat	-	Zasedanje 6	2017-12-15	-	Reference	English	Regular	MP	notMinister	nezavisni	nezavisni	-	-	ŽagarTomislav	Žagar, Tomislav	M	1969	
ParlaMint-HR-en_2017-11-08-0	ParlaMint-HR_2017-11-08-0.u56456	Minutes of the National Assembly of the Republic of Croatia, Term 9, Session 6	2017-11-08	Unicameralism	9. mandat	-	Zasedanje 6	2017-12-15	-	Reference	English	Regular	MP	notMinister	HDZ	Hrvatska demokratska zajednica	Coalition	Centre-right	PlenkovićAndrej	Plenković, Andrej	M	1970	
ParlaMint-HR-en_2017-11-08-0	ParlaMint-HR_2017-11-08-0.u56457	Minutes of the National Assembly of the Republic of Croatia, Term 9, Session 6	2017-11-08	Unicameralism	9. mandat	-	Zasedanje 6	2017-12-15	-	Reference	English	Chairperson	MP	notMinister	HDZ	Hrvatska demokratska zajednica	Coalition	Centre-right	JandrokovićGordan	Jandroković, Gordan	M	1967	
ParlaMint-HR-en_2017-11-08-0	ParlaMint-HR_2017-11-08-0.u56458	Minutes of the National Assembly of the Republic of Croatia, Term 9, Session 6	2017-11-08	Unicameralism	9. mandat	-	Zasedanje 6	2017-12-15	-	Reference	English	Regular	MP	notMinister	MOST	Most nezavisnih lista	Opposition	Centre-right to right	PanenićTomislav	Panenić, Tomislav	M	1973	
ParlaMint-HR-en_2017-11-08-0	ParlaMint-HR_2017-11-08-0.u56459	Minutes of the National Assembly of the Republic of Croatia, Term 9, Session 6	2017-11-08	Unicameralism	9. mandat	-	Zasedanje 6	2017-12-15	-	Reference	English	Chairperson	MP	notMinister	HDZ	Hrvatska demokratska zajednica	Coalition	Centre-right	JandrokovićGordan	Jandroković, Gordan	M	1967	
ParlaMint-HR-en_2017-11-08-0	ParlaMint-HR_2017-11-08-0.u56460	Minutes of the National Assembly of the Republic of Croatia, Term 9, Session 6	2017-11-08	Unicameralism	9. mandat	-	Zasedanje 6	2017-12-15	-	Reference	English	Regular	MP	notMinister	MOST	Most nezavisnih lista	Opposition	Centre-right to right	StrenjaLinićInes	Strenja-Linić, Ines	F	1965	
ParlaMint-HR-en_2017-11-08-0	ParlaMint-HR_2017-11-08-0.u56461	Minutes of the National Assembly of the Republic of Croatia, Term 9, Session 6	2017-11-08	Unicameralism	9. mandat	-	Zasedanje 6	2017-12-15	-	Reference	English	Chairperson	MP	notMinister	HDZ	Hrvatska demokratska zajednica	Coalition	Centre-right	JandrokovićGordan	Jandroković, Gordan	M	1967	
ParlaMint-HR-en_2017-11-08-0	ParlaMint-HR_2017-11-08-0.u56462	Minutes of the National Assembly of the Republic of Croatia, Term 9, Session 6	2017-11-08	Unicameralism	9. mandat	-	Zasedanje 6	2017-12-15	-	Reference	English	Regular	MP	notMinister	HDZ	Hrvatska demokratska zajednica	Coalition	Centre-right	PlenkovićAndrej	Plenković, Andrej	M	1970	
ParlaMint-HR-en_2017-11-08-0	ParlaMint-HR_2017-11-08-0.u56463	Minutes of the National Assembly of the Republic of Croatia, Term 9, Session 6	2017-11-08	Unicameralism	9. mandat	-	Zasedanje 6	2017-12-15	-	Reference	English	Chairperson	MP	notMinister	HDZ	Hrvatska demokratska zajednica	Coalition	Centre-right	JandrokovićGordan	Jandroković, Gordan	M	1967	
ParlaMint-HR-en_2017-11-08-0	ParlaMint-HR_2017-11-08-0.u56464	Minutes of the National Assembly of the Republic of Croatia, Term 9, Session 6	2017-11-08	Unicameralism	9. mandat	-	Zasedanje 6	2017-12-15	-	Reference	English	Regular	MP	notMinister	MOST	Most nezavisnih lista	Opposition	Centre-right to right	PodolnjakRobert	Podolnjak, Robert	M	1958	
ParlaMint-HR-en_2017-11-08-0	ParlaMint-HR_2017-11-08-0.u56465	Minutes of the National Assembly of the Republic of Croatia, Term 9, Session 6	2017-11-08	Unicameralism	9. mandat	-	Zasedanje 6	2017-12-15	-	Reference	English	Chairperson	MP	notMinister	HDZ	Hrvatska demokratska zajednica	Coalition	Centre-right	JandrokovićGordan	Jandroković, Gordan	M	1967	
ParlaMint-HR-en_2017-11-08-0	ParlaMint-HR_2017-11-08-0.u56466	Minutes of the National Assembly of the Republic of Croatia, Term 9, Session 6	2017-11-08	Unicameralism	9. mandat	-	Zasedanje 6	2017-12-15	-	Reference	English	Regular	MP	notMinister	HDZ	Hrvatska demokratska zajednica	Coalition	Centre-right	PlenkovićAndrej	Plenković, Andrej	M	1970	
ParlaMint-HR-en_2017-11-08-0	ParlaMint-HR_2017-11-08-0.u56467	Minutes of the National Assembly of the Republic of Croatia, Term 9, Session 6	2017-11-08	Unicameralism	9. mandat	-	Zasedanje 6	2017-12-15	-	Reference	English	Chairperson	MP	notMinister	HDZ	Hrvatska demokratska zajednica	Coalition	Centre-right	JandrokovićGordan	Jandroković, Gordan	M	1967	
ParlaMint-HR-en_2017-11-08-0	ParlaMint-HR_2017-11-08-0.u56468	Minutes of the National Assembly of the Republic of Croatia, Term 9, Session 6	2017-11-08	Unicameralism	9. mandat	-	Zasedanje 6	2017-12-15	-	Reference	English	Regular	MP	notMinister	SDP	Socijaldemokratska partija Hrvatske	Coalition	Centre-left	GlavaševićBojan	Glavašević, Bojan	M	1984	
ParlaMint-HR-en_2017-11-08-0	ParlaMint-HR_2017-11-08-0.u56469	Minutes of the National Assembly of the Republic of Croatia, Term 9, Session 6	2017-11-08	Unicameralism	9. mandat	-	Zasedanje 6	2017-12-15	-	Reference	English	Chairperson	MP	notMinister	HDZ	Hrvatska demokratska zajednica	Coalition	Centre-right	JandrokovićGordan	Jandroković, Gordan	M	1967	
ParlaMint-HR-en_2017-11-08-0	ParlaMint-HR_2017-11-08-0.u56470	Minutes of the National Assembly of the Republic of Croatia, Term 9, Session 6	2017-11-08	Unicameralism	9. mandat	-	Zasedanje 6	2017-12-15	-	Reference	English	Regular	MP	notMinister	HDZ	Hrvatska demokratska zajednica	Coalition	Centre-right	PlenkovićAndrej	Plenković, Andrej	M	1970	
ParlaMint-HR-en_2017-11-08-0	ParlaMint-HR_2017-11-08-0.u56471	Minutes of the National Assembly of the Republic of Croatia, Term 9, Session 6	2017-11-08	Unicameralism	9. mandat	-	Zasedanje 6	2017-12-15	-	Reference	English	Chairperson	MP	notMinister	HDZ	Hrvatska demokratska zajednica	Coalition	Centre-right	JandrokovićGordan	Jandroković, Gordan	M	1967	
ParlaMint-HR-en_2017-11-08-0	ParlaMint-HR_2017-11-08-0.u56472	Minutes of the National Assembly of the Republic of Croatia, Term 9, Session 6	2017-11-08	Unicameralism	9. mandat	-	Zasedanje 6	2017-12-15	-	Reference	English	Regular	MP	notMinister	SDP	Socijaldemokratska partija Hrvatske	Coalition	Centre-left	KlisovićJoško	Klisović, Joško	M	1968	
ParlaMint-HR-en_2017-11-08-0	ParlaMint-HR_2017-11-08-0.u56473	Minutes of the National Assembly of the Republic of Croatia, Term 9, Session 6	2017-11-08	Unicameralism	9. mandat	-	Zasedanje 6	2017-12-15	-	Reference	English	Chairperson	MP	notMinister	HDZ	Hrvatska demokratska zajednica	Coalition	Centre-right	JandrokovićGordan	Jandroković, Gordan	M	1967	
ParlaMint-HR-en_2017-11-08-0	ParlaMint-HR_2017-11-08-0.u56474	Minutes of the National Assembly of the Republic of Croatia, Term 9, Session 6	2017-11-08	Unicameralism	9. mandat	-	Zasedanje 6	2017-12-15	-	Reference	English	Regular	MP	notMinister	HDZ	Hrvatska demokratska zajednica	Coalition	Centre-right	PlenkovićAndrej	Plenković, Andrej	M	1970	
ParlaMint-HR-en_2017-11-08-0	ParlaMint-HR_2017-11-08-0.u56475	Minutes of the National Assembly of the Republic of Croatia, Term 9, Session 6	2017-11-08	Unicameralism	9. mandat	-	Zasedanje 6	2017-12-15	-	Reference	English	Chairperson	MP	notMinister	HDZ	Hrvatska demokratska zajednica	Coalition	Centre-right	JandrokovićGordan	Jandroković, Gordan	M	1967	
ParlaMint-HR-en_2017-11-08-0	ParlaMint-HR_2017-11-08-0.u56476	Minutes of the National Assembly of the Republic of Croatia, Term 9, Session 6	2017-11-08	Unicameralism	9. mandat	-	Zasedanje 6	2017-12-15	-	Reference	English	Regular	MP	notMinister	Živi zid	Živi zid	Coalition	-	PernarIvan	Pernar, Ivan	M	1985	
ParlaMint-HR-en_2017-11-08-0	ParlaMint-HR_2017-11-08-0.u56477	Minutes of the National Assembly of the Republic of Croatia, Term 9, Session 6	2017-11-08	Unicameralism	9. mandat	-	Zasedanje 6	2017-12-15	-	Reference	English	Chairperson	MP	notMinister	HDZ	Hrvatska demokratska zajednica	Coalition	Centre-right	JandrokovićGordan	Jandroković, Gordan	M	1967	
ParlaMint-HR-en_2017-11-08-0	ParlaMint-HR_2017-11-08-0.u56478	Minutes of the National Assembly of the Republic of Croatia, Term 9, Session 6	2017-11-08	Unicameralism	9. mandat	-	Zasedanje 6	2017-12-15	-	Reference	English	Regular	MP	notMinister	HDZ	Hrvatska demokratska zajednica	Coalition	Centre-right	PlenkovićAndrej	Plenković, Andrej	M	1970	
ParlaMint-HR-en_2017-11-08-0	ParlaMint-HR_2017-11-08-0.u56479	Minutes of the National Assembly of the Republic of Croatia, Term 9, Session 6	2017-11-08	Unicameralism	9. mandat	-	Zasedanje 6	2017-12-15	-	Reference	English	Chairperson	MP	notMinister	HDZ	Hrvatska demokratska zajednica	Coalition	Centre-right	JandrokovićGordan	Jandroković, Gordan	M	1967	
ParlaMint-HR-en_2017-11-08-0	ParlaMint-HR_2017-11-08-0.u56480	Minutes of the National Assembly of the Republic of Croatia, Term 9, Session 6	2017-11-08	Unicameralism	9. mandat	-	Zasedanje 6	2017-12-15	-	Reference	English	Regular	MP	notMinister	HDS	Hrvatska demokršćanska stranka	Coalition	Centre-right to right	DodigGoran	Dodig, Goran	M	1947	
ParlaMint-HR-en_2017-11-08-0	ParlaMint-HR_2017-11-08-0.u56481	Minutes of the National Assembly of the Republic of Croatia, Term 9, Session 6	2017-11-08	Unicameralism	9. mandat	-	Zasedanje 6	2017-12-15	-	Reference	English	Chairperson	MP	notMinister	HDZ	Hrvatska demokratska zajednica	Coalition	Centre-right	ReinerŽeljko	Reiner, Željko	M	1953	
ParlaMint-HR-en_2017-11-08-0	ParlaMint-HR_2017-11-08-0.u56482	Minutes of the National Assembly of the Republic of Croatia, Term 9, Session 6	2017-11-08	Unicameralism	9. mandat	-	Zasedanje 6	2017-12-15	-	Reference	English	Regular	MP	notMinister	SDP	Socijaldemokratska partija Hrvatske	Coalition	Centre-left	ParićDarko	Parić, Darko	M	1977	
ParlaMint-HR-en_2017-11-08-0	ParlaMint-HR_2017-11-08-0.u56483	Minutes of the National Assembly of the Republic of Croatia, Term 9, Session 6	2017-11-08	Unicameralism	9. mandat	-	Zasedanje 6	2017-12-15	-	Reference	English	Chairperson	MP	notMinister	HDZ	Hrvatska demokratska zajednica	Coalition	Centre-right	ReinerŽeljko	Reiner, Željko	M	1953	
ParlaMint-HR-en_2017-11-08-0	ParlaMint-HR_2017-11-08-0.u56484	Minutes of the National Assembly of the Republic of Croatia, Term 9, Session 6	2017-11-08	Unicameralism	9. mandat	-	Zasedanje 6	2017-12-15	-	Reference	English	Regular	MP	notMinister	HDS	Hrvatska demokršćanska stranka	Coalition	Centre-right to right	DodigGoran	Dodig, Goran	M	1947	
ParlaMint-HR-en_2017-11-08-0	ParlaMint-HR_2017-11-08-0.u56485	Minutes of the National Assembly of the Republic of Croatia, Term 9, Session 6	2017-11-08	Unicameralism	9. mandat	-	Zasedanje 6	2017-12-15	-	Reference	English	Chairperson	MP	notMinister	HDZ	Hrvatska demokratska zajednica	Coalition	Centre-right	ReinerŽeljko	Reiner, Željko	M	1953	
ParlaMint-HR-en_2017-11-08-0	ParlaMint-HR_2017-11-08-0.u56486	Minutes of the National Assembly of the Republic of Croatia, Term 9, Session 6	2017-11-08	Unicameralism	9. mandat	-	Zasedanje 6	2017-12-15	-	Reference	English	Regular	MP	notMinister	SDP	Socijaldemokratska partija Hrvatske	Coalition	Centre-left	GlavaševićBojan	Glavašević, Bojan	M	1984	
ParlaMint-HR-en_2017-11-08-0	ParlaMint-HR_2017-11-08-0.u56487	Minutes of the National Assembly of the Republic of Croatia, Term 9, Session 6	2017-11-08	Unicameralism	9. mandat	-	Zasedanje 6	2017-12-15	-	Reference	English	Chairperson	MP	notMinister	HDZ	Hrvatska demokratska zajednica	Coalition	Centre-right	ReinerŽeljko	Reiner, Željko	M	1953	
ParlaMint-HR-en_2017-11-08-0	ParlaMint-HR_2017-11-08-0.u56488	Minutes of the National Assembly of the Republic of Croatia, Term 9, Session 6	2017-11-08	Unicameralism	9. mandat	-	Zasedanje 6	2017-12-15	-	Reference	English	Regular	MP	notMinister	HDS	Hrvatska demokršćanska stranka	Coalition	Centre-right to right	DodigGoran	Dodig, Goran	M	1947	
ParlaMint-HR-en_2017-11-08-0	ParlaMint-HR_2017-11-08-0.u56489	Minutes of the National Assembly of the Republic of Croatia, Term 9, Session 6	2017-11-08	Unicameralism	9. mandat	-	Zasedanje 6	2017-12-15	-	Reference	English	Chairperson	MP	notMinister	HDZ	Hrvatska demokratska zajednica	Coalition	Centre-right	ReinerŽeljko	Reiner, Željko	M	1953	
ParlaMint-HR-en_2017-11-08-0	ParlaMint-HR_2017-11-08-0.u56490	Minutes of the National Assembly of the Republic of Croatia, Term 9, Session 6	2017-11-08	Unicameralism	9. mandat	-	Zasedanje 6	2017-12-15	-	Reference	English	Regular	MP	notMinister	GLAS	Građansko-liberalni savez	Opposition	Centre-left	PusićVesna	Pusić, Vesna	F	1953	
ParlaMint-HR-en_2017-11-08-0	ParlaMint-HR_2017-11-08-0.u56491	Minutes of the National Assembly of the Republic of Croatia, Term 9, Session 6	2017-11-08	Unicameralism	9. mandat	-	Zasedanje 6	2017-12-15	-	Reference	English	Chairperson	MP	notMinister	HDZ	Hrvatska demokratska zajednica	Coalition	Centre-right	ReinerŽeljko	Reiner, Željko	M	1953	
ParlaMint-HR-en_2017-11-08-0	ParlaMint-HR_2017-11-08-0.u56492	Minutes of the National Assembly of the Republic of Croatia, Term 9, Session 6	2017-11-08	Unicameralism	9. mandat	-	Zasedanje 6	2017-12-15	-	Reference	English	Regular	MP	notMinister	Živi zid	Živi zid	Coalition	-	PernarIvan	Pernar, Ivan	M	1985	
ParlaMint-HR-en_2017-11-08-0	ParlaMint-HR_2017-11-08-0.u56493	Minutes of the National Assembly of the Republic of Croatia, Term 9, Session 6	2017-11-08	Unicameralism	9. mandat	-	Zasedanje 6	2017-12-15	-	Reference	English	Chairperson	MP	notMinister	HDZ	Hrvatska demokratska zajednica	Coalition	Centre-right	ReinerŽeljko	Reiner, Željko	M	1953	
ParlaMint-HR-en_2017-11-08-0	ParlaMint-HR_2017-11-08-0.u56494	Minutes of the National Assembly of the Republic of Croatia, Term 9, Session 6	2017-11-08	Unicameralism	9. mandat	-	Zasedanje 6	2017-12-15	-	Reference	English	Regular	MP	notMinister	GLAS	Građansko-liberalni savez	Opposition	Centre-left	PusićVesna	Pusić, Vesna	F	1953	
ParlaMint-HR-en_2017-11-08-0	ParlaMint-HR_2017-11-08-0.u56495	Minutes of the National Assembly of the Republic of Croatia, Term 9, Session 6	2017-11-08	Unicameralism	9. mandat	-	Zasedanje 6	2017-12-15	-	Reference	English	Chairperson	MP	notMinister	HDZ	Hrvatska demokratska zajednica	Coalition	Centre-right	ReinerŽeljko	Reiner, Željko	M	1953	
ParlaMint-HR-en_2017-11-08-0	ParlaMint-HR_2017-11-08-0.u56496	Minutes of the National Assembly of the Republic of Croatia, Term 9, Session 6	2017-11-08	Unicameralism	9. mandat	-	Zasedanje 6	2017-12-15	-	Reference	English	Regular	MP	notMinister	SDP	Socijaldemokratska partija Hrvatske	Coalition	Centre-left	GlavaševićBojan	Glavašević, Bojan	M	1984	
ParlaMint-HR-en_2017-11-08-0	ParlaMint-HR_2017-11-08-0.u56497	Minutes of the National Assembly of the Republic of Croatia, Term 9, Session 6	2017-11-08	Unicameralism	9. mandat	-	Zasedanje 6	2017-12-15	-	Reference	English	Chairperson	MP	notMinister	HDZ	Hrvatska demokratska zajednica	Coalition	Centre-right	ReinerŽeljko	Reiner, Željko	M	1953	
ParlaMint-HR-en_2017-11-08-0	ParlaMint-HR_2017-11-08-0.u56498	Minutes of the National Assembly of the Republic of Croatia, Term 9, Session 6	2017-11-08	Unicameralism	9. mandat	-	Zasedanje 6	2017-12-15	-	Reference	English	Regular	MP	notMinister	GLAS	Građansko-liberalni savez	Opposition	Centre-left	PusićVesna	Pusić, Vesna	F	1953	
ParlaMint-HR-en_2017-11-08-0	ParlaMint-HR_2017-11-08-0.u56499	Minutes of the National Assembly of the Republic of Croatia, Term 9, Session 6	2017-11-08	Unicameralism	9. mandat	-	Zasedanje 6	2017-12-15	-	Reference	English	Chairperson	MP	notMinister	HDZ	Hrvatska demokratska zajednica	Coalition	Centre-right	ReinerŽeljko	Reiner, Željko	M	1953	
ParlaMint-HR-en_2017-11-08-0	ParlaMint-HR_2017-11-08-0.u56500	Minutes of the National Assembly of the Republic of Croatia, Term 9, Session 6	2017-11-08	Unicameralism	9. mandat	-	Zasedanje 6	2017-12-15	-	Reference	English	Regular	MP	notMinister	HDZ	Hrvatska demokratska zajednica	Coalition	Centre-right	MiloševićDomagojIvan	Milošević, Domagoj Ivan	M	1970	
ParlaMint-HR-en_2017-11-08-0	ParlaMint-HR_2017-11-08-0.u56501	Minutes of the National Assembly of the Republic of Croatia, Term 9, Session 6	2017-11-08	Unicameralism	9. mandat	-	Zasedanje 6	2017-12-15	-	Reference	English	Chairperson	MP	notMinister	HDZ	Hrvatska demokratska zajednica	Coalition	Centre-right	ReinerŽeljko	Reiner, Željko	M	1953	
ParlaMint-HR-en_2017-11-08-0	ParlaMint-HR_2017-11-08-0.u56502	Minutes of the National Assembly of the Republic of Croatia, Term 9, Session 6	2017-11-08	Unicameralism	9. mandat	-	Zasedanje 6	2017-12-15	-	Reference	English	Regular	MP	notMinister	SDP	Socijaldemokratska partija Hrvatske	Coalition	Centre-left	GlavaševićBojan	Glavašević, Bojan	M	1984	
ParlaMint-HR-en_2017-11-08-0	ParlaMint-HR_2017-11-08-0.u56503	Minutes of the National Assembly of the Republic of Croatia, Term 9, Session 6	2017-11-08	Unicameralism	9. mandat	-	Zasedanje 6	2017-12-15	-	Reference	English	Chairperson	MP	notMinister	HDZ	Hrvatska demokratska zajednica	Coalition	Centre-right	ReinerŽeljko	Reiner, Željko	M	1953	
ParlaMint-HR-en_2017-11-08-0	ParlaMint-HR_2017-11-08-0.u56504	Minutes of the National Assembly of the Republic of Croatia, Term 9, Session 6	2017-11-08	Unicameralism	9. mandat	-	Zasedanje 6	2017-12-15	-	Reference	English	Regular	MP	notMinister	HDZ	Hrvatska demokratska zajednica	Coalition	Centre-right	MiloševićDomagojIvan	Milošević, Domagoj Ivan	M	1970	
ParlaMint-HR-en_2017-11-08-0	ParlaMint-HR_2017-11-08-0.u56505	Minutes of the National Assembly of the Republic of Croatia, Term 9, Session 6	2017-11-08	Unicameralism	9. mandat	-	Zasedanje 6	2017-12-15	-	Reference	English	Chairperson	MP	notMinister	HDZ	Hrvatska demokratska zajednica	Coalition	Centre-right	ReinerŽeljko	Reiner, Željko	M	1953	
ParlaMint-HR-en_2017-11-08-0	ParlaMint-HR_2017-11-08-0.u56506	Minutes of the National Assembly of the Republic of Croatia, Term 9, Session 6	2017-11-08	Unicameralism	9. mandat	-	Zasedanje 6	2017-12-15	-	Reference	English	Regular	MP	notMinister	nezavisni	nezavisni	-	-	ŽagarTomislav	Žagar, Tomislav	M	1969	
ParlaMint-HR-en_2017-11-08-0	ParlaMint-HR_2017-11-08-0.u56507	Minutes of the National Assembly of the Republic of Croatia, Term 9, Session 6	2017-11-08	Unicameralism	9. mandat	-	Zasedanje 6	2017-12-15	-	Reference	English	Chairperson	MP	notMinister	HDZ	Hrvatska demokratska zajednica	Coalition	Centre-right	ReinerŽeljko	Reiner, Željko	M	1953	
ParlaMint-HR-en_2017-11-08-0	ParlaMint-HR_2017-11-08-0.u56508	Minutes of the National Assembly of the Republic of Croatia, Term 9, Session 6	2017-11-08	Unicameralism	9. mandat	-	Zasedanje 6	2017-12-15	-	Reference	English	Regular	MP	notMinister	HDZ	Hrvatska demokratska zajednica	Coalition	Centre-right	MiloševićDomagojIvan	Milošević, Domagoj Ivan	M	1970	
ParlaMint-HR-en_2017-11-08-0	ParlaMint-HR_2017-11-08-0.u56509	Minutes of the National Assembly of the Republic of Croatia, Term 9, Session 6	2017-11-08	Unicameralism	9. mandat	-	Zasedanje 6	2017-12-15	-	Reference	English	Chairperson	MP	notMinister	HDZ	Hrvatska demokratska zajednica	Coalition	Centre-right	ReinerŽeljko	Reiner, Željko	M	1953	
ParlaMint-HR-en_2017-11-08-0	ParlaMint-HR_2017-11-08-0.u56510	Minutes of the National Assembly of the Republic of Croatia, Term 9, Session 6	2017-11-08	Unicameralism	9. mandat	-	Zasedanje 6	2017-12-15	-	Reference	English	Regular	MP	notMinister	SDP	Socijaldemokratska partija Hrvatske	Coalition	Centre-left	ParićDarko	Parić, Darko	M	1977	
ParlaMint-HR-en_2017-11-08-0	ParlaMint-HR_2017-11-08-0.u56511	Minutes of the National Assembly of the Republic of Croatia, Term 9, Session 6	2017-11-08	Unicameralism	9. mandat	-	Zasedanje 6	2017-12-15	-	Reference	English	Chairperson	MP	notMinister	HDZ	Hrvatska demokratska zajednica	Coalition	Centre-right	ReinerŽeljko	Reiner, Željko	M	1953	
ParlaMint-HR-en_2017-11-08-0	ParlaMint-HR_2017-11-08-0.u56512	Minutes of the National Assembly of the Republic of Croatia, Term 9, Session 6	2017-11-08	Unicameralism	9. mandat	-	Zasedanje 6	2017-12-15	-	Reference	English	Regular	MP	notMinister	HDZ	Hrvatska demokratska zajednica	Coalition	Centre-right	MiloševićDomagojIvan	Milošević, Domagoj Ivan	M	1970	
ParlaMint-HR-en_2017-11-08-0	ParlaMint-HR_2017-11-08-0.u56513	Minutes of the National Assembly of the Republic of Croatia, Term 9, Session 6	2017-11-08	Unicameralism	9. mandat	-	Zasedanje 6	2017-12-15	-	Reference	English	Chairperson	MP	notMinister	HDZ	Hrvatska demokratska zajednica	Coalition	Centre-right	ReinerŽeljko	Reiner, Željko	M	1953	
ParlaMint-HR-en_2017-11-08-0	ParlaMint-HR_2017-11-08-0.u56514	Minutes of the National Assembly of the Republic of Croatia, Term 9, Session 6	2017-11-08	Unicameralism	9. mandat	-	Zasedanje 6	2017-12-15	-	Reference	English	Regular	MP	notMinister	HDZ	Hrvatska demokratska zajednica	Coalition	Centre-right	BabićAnte	Babić, Ante	M	1966	
ParlaMint-HR-en_2017-11-08-0	ParlaMint-HR_2017-11-08-0.u56515	Minutes of the National Assembly of the Republic of Croatia, Term 9, Session 6	2017-11-08	Unicameralism	9. mandat	-	Zasedanje 6	2017-12-15	-	Reference	English	Chairperson	MP	notMinister	HDZ	Hrvatska demokratska zajednica	Coalition	Centre-right	ReinerŽeljko	Reiner, Željko	M	1953	
ParlaMint-HR-en_2017-11-08-0	ParlaMint-HR_2017-11-08-0.u56516	Minutes of the National Assembly of the Republic of Croatia, Term 9, Session 6	2017-11-08	Unicameralism	9. mandat	-	Zasedanje 6	2017-12-15	-	Reference	English	Regular	MP	notMinister	HDZ	Hrvatska demokratska zajednica	Coalition	Centre-right	MiloševićDomagojIvan	Milošević, Domagoj Ivan	M	1970	
ParlaMint-HR-en_2017-11-08-0	ParlaMint-HR_2017-11-08-0.u56517	Minutes of the National Assembly of the Republic of Croatia, Term 9, Session 6	2017-11-08	Unicameralism	9. mandat	-	Zasedanje 6	2017-12-15	-	Reference	English	Chairperson	MP	notMinister	HDZ	Hrvatska demokratska zajednica	Coalition	Centre-right	ReinerŽeljko	Reiner, Željko	M	1953	
ParlaMint-HR-en_2017-11-08-0	ParlaMint-HR_2017-11-08-0.u56518	Minutes of the National Assembly of the Republic of Croatia, Term 9, Session 6	2017-11-08	Unicameralism	9. mandat	-	Zasedanje 6	2017-12-15	-	Reference	English	Regular	MP	notMinister	HDZ	Hrvatska demokratska zajednica	Coalition	Centre-right	SokolTomislav	Sokol, Tomislav	M	1982	
ParlaMint-HR-en_2017-11-08-0	ParlaMint-HR_2017-11-08-0.u56519	Minutes of the National Assembly of the Republic of Croatia, Term 9, Session 6	2017-11-08	Unicameralism	9. mandat	-	Zasedanje 6	2017-12-15	-	Reference	English	Chairperson	MP	notMinister	HDZ	Hrvatska demokratska zajednica	Coalition	Centre-right	ReinerŽeljko	Reiner, Željko	M	1953	
ParlaMint-HR-en_2017-11-08-0	ParlaMint-HR_2017-11-08-0.u56520	Minutes of the National Assembly of the Republic of Croatia, Term 9, Session 6	2017-11-08	Unicameralism	9. mandat	-	Zasedanje 6	2017-12-15	-	Reference	English	Regular	MP	notMinister	HDZ	Hrvatska demokratska zajednica	Coalition	Centre-right	MiloševićDomagojIvan	Milošević, Domagoj Ivan	M	1970	
ParlaMint-HR-en_2017-11-08-0	ParlaMint-HR_2017-11-08-0.u56521	Minutes of the National Assembly of the Republic of Croatia, Term 9, Session 6	2017-11-08	Unicameralism	9. mandat	-	Zasedanje 6	2017-12-15	-	Reference	English	Chairperson	MP	notMinister	HDZ	Hrvatska demokratska zajednica	Coalition	Centre-right	ReinerŽeljko	Reiner, Željko	M	1953	
ParlaMint-HR-en_2017-11-08-0	ParlaMint-HR_2017-11-08-0.u56522	Minutes of the National Assembly of the Republic of Croatia, Term 9, Session 6	2017-11-08	Unicameralism	9. mandat	-	Zasedanje 6	2017-12-15	-	Reference	English	Regular	MP	notMinister	MOST	Most nezavisnih lista	Opposition	Centre-right to right	BuljMiro	Bulj, Miro	M	1972	
ParlaMint-HR-en_2017-11-08-0	ParlaMint-HR_2017-11-08-0.u56523	Minutes of the National Assembly of the Republic of Croatia, Term 9, Session 6	2017-11-08	Unicameralism	9. mandat	-	Zasedanje 6	2017-12-15	-	Reference	English	Chairperson	MP	notMinister	HDZ	Hrvatska demokratska zajednica	Coalition	Centre-right	ReinerŽeljko	Reiner, Željko	M	1953	
ParlaMint-HR-en_2017-11-08-0	ParlaMint-HR_2017-11-08-0.u56524	Minutes of the National Assembly of the Republic of Croatia, Term 9, Session 6	2017-11-08	Unicameralism	9. mandat	-	Zasedanje 6	2017-12-15	-	Reference	English	Regular	MP	notMinister	HDZ	Hrvatska demokratska zajednica	Coalition	Centre-right	MiloševićDomagojIvan	Milošević, Domagoj Ivan	M	1970	
ParlaMint-HR-en_2017-11-08-0	ParlaMint-HR_2017-11-08-0.u56525	Minutes of the National Assembly of the Republic of Croatia, Term 9, Session 6	2017-11-08	Unicameralism	9. mandat	-	Zasedanje 6	2017-12-15	-	Reference	English	Chairperson	MP	notMinister	HDZ	Hrvatska demokratska zajednica	Coalition	Centre-right	ReinerŽeljko	Reiner, Željko	M	1953	
ParlaMint-HR-en_2017-11-08-0	ParlaMint-HR_2017-11-08-0.u56526	Minutes of the National Assembly of the Republic of Croatia, Term 9, Session 6	2017-11-08	Unicameralism	9. mandat	-	Zasedanje 6	2017-12-15	-	Reference	English	Regular	MP	notMinister	SDP	Socijaldemokratska partija Hrvatske	Coalition	Centre-left	GlavaševićBojan	Glavašević, Bojan	M	1984	
ParlaMint-HR-en_2017-11-08-0	ParlaMint-HR_2017-11-08-0.u56527	Minutes of the National Assembly of the Republic of Croatia, Term 9, Session 6	2017-11-08	Unicameralism	9. mandat	-	Zasedanje 6	2017-12-15	-	Reference	English	Regular	MP	notMinister	SDP	Socijaldemokratska partija Hrvatske	Coalition	Centre-left	ParićDarko	Parić, Darko	M	1977	
ParlaMint-HR-en_2017-11-08-0	ParlaMint-HR_2017-11-08-0.u56528	Minutes of the National Assembly of the Republic of Croatia, Term 9, Session 6	2017-11-08	Unicameralism	9. mandat	-	Zasedanje 6	2017-12-15	-	Reference	English	Chairperson	MP	notMinister	HDZ	Hrvatska demokratska zajednica	Coalition	Centre-right	ReinerŽeljko	Reiner, Željko	M	1953	
ParlaMint-HR-en_2017-11-08-0	ParlaMint-HR_2017-11-08-0.u56529	Minutes of the National Assembly of the Republic of Croatia, Term 9, Session 6	2017-11-08	Unicameralism	9. mandat	-	Zasedanje 6	2017-12-15	-	Reference	English	Regular	MP	notMinister	Živi zid	Živi zid	Coalition	-	PernarIvan	Pernar, Ivan	M	1985	
ParlaMint-HR-en_2017-11-08-0	ParlaMint-HR_2017-11-08-0.u56530	Minutes of the National Assembly of the Republic of Croatia, Term 9, Session 6	2017-11-08	Unicameralism	9. mandat	-	Zasedanje 6	2017-12-15	-	Reference	English	Chairperson	MP	notMinister	HDZ	Hrvatska demokratska zajednica	Coalition	Centre-right	ReinerŽeljko	Reiner, Željko	M	1953	
ParlaMint-HR-en_2017-11-08-0	ParlaMint-HR_2017-11-08-0.u56531	Minutes of the National Assembly of the Republic of Croatia, Term 9, Session 6	2017-11-08	Unicameralism	9. mandat	-	Zasedanje 6	2017-12-15	-	Reference	English	Regular	MP	notMinister	SDP	Socijaldemokratska partija Hrvatske	Coalition	Centre-left	GlavaševićBojan	Glavašević, Bojan	M	1984	
ParlaMint-HR-en_2017-11-08-0	ParlaMint-HR_2017-11-08-0.u56532	Minutes of the National Assembly of the Republic of Croatia, Term 9, Session 6	2017-11-08	Unicameralism	9. mandat	-	Zasedanje 6	2017-12-15	-	Reference	English	Chairperson	MP	notMinister	HDZ	Hrvatska demokratska zajednica	Coalition	Centre-right	ReinerŽeljko	Reiner, Željko	M	1953	
ParlaMint-HR-en_2017-11-08-0	ParlaMint-HR_2017-11-08-0.u56533	Minutes of the National Assembly of the Republic of Croatia, Term 9, Session 6	2017-11-08	Unicameralism	9. mandat	-	Zasedanje 6	2017-12-15	-	Reference	English	Regular	MP	notMinister	GLAS	Građansko-liberalni savez	Opposition	Centre-left	PusićVesna	Pusić, Vesna	F	1953	
ParlaMint-HR-en_2017-11-08-0	ParlaMint-HR_2017-11-08-0.u56534	Minutes of the National Assembly of the Republic of Croatia, Term 9, Session 6	2017-11-08	Unicameralism	9. mandat	-	Zasedanje 6	2017-12-15	-	Reference	English	Chairperson	MP	notMinister	HDZ	Hrvatska demokratska zajednica	Coalition	Centre-right	ReinerŽeljko	Reiner, Željko	M	1953	
ParlaMint-HR-en_2017-11-08-0	ParlaMint-HR_2017-11-08-0.u56535	Minutes of the National Assembly of the Republic of Croatia, Term 9, Session 6	2017-11-08	Unicameralism	9. mandat	-	Zasedanje 6	2017-12-15	-	Reference	English	Regular	MP	notMinister	SDP	Socijaldemokratska partija Hrvatske	Coalition	Centre-left	GlavaševićBojan	Glavašević, Bojan	M	1984	
ParlaMint-HR-en_2017-11-08-0	ParlaMint-HR_2017-11-08-0.u56536	Minutes of the National Assembly of the Republic of Croatia, Term 9, Session 6	2017-11-08	Unicameralism	9. mandat	-	Zasedanje 6	2017-12-15	-	Reference	English	Chairperson	MP	notMinister	HDZ	Hrvatska demokratska zajednica	Coalition	Centre-right	ReinerŽeljko	Reiner, Željko	M	1953	
ParlaMint-HR-en_2017-11-08-0	ParlaMint-HR_2017-11-08-0.u56537	Minutes of the National Assembly of the Republic of Croatia, Term 9, Session 6	2017-11-08	Unicameralism	9. mandat	-	Zasedanje 6	2017-12-15	-	Reference	English	Regular	MP	notMinister	HDZ	Hrvatska demokratska zajednica	Coalition	Centre-right	StierDavorIvo	Stier, Davor Ivo	M	1972	
ParlaMint-HR-en_2017-11-08-0	ParlaMint-HR_2017-11-08-0.u56538	Minutes of the National Assembly of the Republic of Croatia, Term 9, Session 6	2017-11-08	Unicameralism	9. mandat	-	Zasedanje 6	2017-12-15	-	Reference	English	Chairperson	MP	notMinister	HDZ	Hrvatska demokratska zajednica	Coalition	Centre-right	ReinerŽeljko	Reiner, Željko	M	1953	
ParlaMint-HR-en_2017-11-08-0	ParlaMint-HR_2017-11-08-0.u56539	Minutes of the National Assembly of the Republic of Croatia, Term 9, Session 6	2017-11-08	Unicameralism	9. mandat	-	Zasedanje 6	2017-12-15	-	Reference	English	Regular	MP	notMinister	SDP	Socijaldemokratska partija Hrvatske	Coalition	Centre-left	GlavaševićBojan	Glavašević, Bojan	M	1984	
ParlaMint-HR-en_2017-11-08-0	ParlaMint-HR_2017-11-08-0.u56540	Minutes of the National Assembly of the Republic of Croatia, Term 9, Session 6	2017-11-08	Unicameralism	9. mandat	-	Zasedanje 6	2017-12-15	-	Reference	English	Chairperson	MP	notMinister	HDZ	Hrvatska demokratska zajednica	Coalition	Centre-right	ReinerŽeljko	Reiner, Željko	M	1953	
ParlaMint-HR-en_2017-11-08-0	ParlaMint-HR_2017-11-08-0.u56541	Minutes of the National Assembly of the Republic of Croatia, Term 9, Session 6	2017-11-08	Unicameralism	9. mandat	-	Zasedanje 6	2017-12-15	-	Reference	English	Regular	MP	notMinister	HDZ	Hrvatska demokratska zajednica	Coalition	Centre-right	KovačMiro	Kovač, Miro	M	1968	
ParlaMint-HR-en_2017-11-08-0	ParlaMint-HR_2017-11-08-0.u56542	Minutes of the National Assembly of the Republic of Croatia, Term 9, Session 6	2017-11-08	Unicameralism	9. mandat	-	Zasedanje 6	2017-12-15	-	Reference	English	Chairperson	MP	notMinister	HDZ	Hrvatska demokratska zajednica	Coalition	Centre-right	ReinerŽeljko	Reiner, Željko	M	1953	
ParlaMint-HR-en_2017-11-08-0	ParlaMint-HR_2017-11-08-0.u56543	Minutes of the National Assembly of the Republic of Croatia, Term 9, Session 6	2017-11-08	Unicameralism	9. mandat	-	Zasedanje 6	2017-12-15	-	Reference	English	Regular	MP	notMinister	SDP	Socijaldemokratska partija Hrvatske	Coalition	Centre-left	GlavaševićBojan	Glavašević, Bojan	M	1984	
ParlaMint-HR-en_2017-11-08-0	ParlaMint-HR_2017-11-08-0.u56544	Minutes of the National Assembly of the Republic of Croatia, Term 9, Session 6	2017-11-08	Unicameralism	9. mandat	-	Zasedanje 6	2017-12-15	-	Reference	English	Chairperson	MP	notMinister	HDZ	Hrvatska demokratska zajednica	Coalition	Centre-right	ReinerŽeljko	Reiner, Željko	M	1953	
ParlaMint-HR-en_2017-11-08-0	ParlaMint-HR_2017-11-08-0.u56545	Minutes of the National Assembly of the Republic of Croatia, Term 9, Session 6	2017-11-08	Unicameralism	9. mandat	-	Zasedanje 6	2017-12-15	-	Reference	English	Regular	MP	notMinister	HDZ	Hrvatska demokratska zajednica	Coalition	Centre-right	MiloševićDomagojIvan	Milošević, Domagoj Ivan	M	1970	
ParlaMint-HR-en_2017-11-08-0	ParlaMint-HR_2017-11-08-0.u56546	Minutes of the National Assembly of the Republic of Croatia, Term 9, Session 6	2017-11-08	Unicameralism	9. mandat	-	Zasedanje 6	2017-12-15	-	Reference	English	Chairperson	MP	notMinister	HDZ	Hrvatska demokratska zajednica	Coalition	Centre-right	ReinerŽeljko	Reiner, Željko	M	1953	
ParlaMint-HR-en_2017-11-08-0	ParlaMint-HR_2017-11-08-0.u56547	Minutes of the National Assembly of the Republic of Croatia, Term 9, Session 6	2017-11-08	Unicameralism	9. mandat	-	Zasedanje 6	2017-12-15	-	Reference	English	Regular	MP	notMinister	SDP	Socijaldemokratska partija Hrvatske	Coalition	Centre-left	GlavaševićBojan	Glavašević, Bojan	M	1984	
ParlaMint-HR-en_2017-11-08-0	ParlaMint-HR_2017-11-08-0.u56548	Minutes of the National Assembly of the Republic of Croatia, Term 9, Session 6	2017-11-08	Unicameralism	9. mandat	-	Zasedanje 6	2017-12-15	-	Reference	English	Chairperson	MP	notMinister	HDZ	Hrvatska demokratska zajednica	Coalition	Centre-right	JandrokovićGordan	Jandroković, Gordan	M	1967	
ParlaMint-HR-en_2017-11-08-0	ParlaMint-HR_2017-11-08-0.u56549	Minutes of the National Assembly of the Republic of Croatia, Term 9, Session 6	2017-11-08	Unicameralism	9. mandat	-	Zasedanje 6	2017-12-15	-	Reference	English	Regular	MP	notMinister	GLAS	Građansko-liberalni savez	Opposition	Centre-left	PusićVesna	Pusić, Vesna	F	1953	
ParlaMint-HR-en_2017-11-08-0	ParlaMint-HR_2017-11-08-0.u56550	Minutes of the National Assembly of the Republic of Croatia, Term 9, Session 6	2017-11-08	Unicameralism	9. mandat	-	Zasedanje 6	2017-12-15	-	Reference	English	Chairperson	MP	notMinister	HDZ	Hrvatska demokratska zajednica	Coalition	Centre-right	JandrokovićGordan	Jandroković, Gordan	M	1967	
ParlaMint-HR-en_2017-11-08-0	ParlaMint-HR_2017-11-08-0.u56551	Minutes of the National Assembly of the Republic of Croatia, Term 9, Session 6	2017-11-08	Unicameralism	9. mandat	-	Zasedanje 6	2017-12-15	-	Reference	English	Regular	MP	notMinister	SDP	Socijaldemokratska partija Hrvatske	Coalition	Centre-left	ParićDarko	Parić, Darko	M	1977	
ParlaMint-HR-en_2017-11-08-0	ParlaMint-HR_2017-11-08-0.u56552	Minutes of the National Assembly of the Republic of Croatia, Term 9, Session 6	2017-11-08	Unicameralism	9. mandat	-	Zasedanje 6	2017-12-15	-	Reference	English	Chairperson	MP	notMinister	HDZ	Hrvatska demokratska zajednica	Coalition	Centre-right	JandrokovićGordan	Jandroković, Gordan	M	1967	
ParlaMint-HR-en_2017-11-08-0	ParlaMint-HR_2017-11-08-0.u56553	Minutes of the National Assembly of the Republic of Croatia, Term 9, Session 6	2017-11-08	Unicameralism	9. mandat	-	Zasedanje 6	2017-12-15	-	Reference	English	Regular	MP	notMinister	HDZ	Hrvatska demokratska zajednica	Coalition	Centre-right	PerićGrozdana	Perić, Grozdana	F	1961	
ParlaMint-HR-en_2017-11-08-0	ParlaMint-HR_2017-11-08-0.u56554	Minutes of the National Assembly of the Republic of Croatia, Term 9, Session 6	2017-11-08	Unicameralism	9. mandat	-	Zasedanje 6	2017-12-15	-	Reference	English	Chairperson	MP	notMinister	HDZ	Hrvatska demokratska zajednica	Coalition	Centre-right	JandrokovićGordan	Jandroković, Gordan	M	1967	
ParlaMint-HR-en_2017-11-08-0	ParlaMint-HR_2017-11-08-0.u56555	Minutes of the National Assembly of the Republic of Croatia, Term 9, Session 6	2017-11-08	Unicameralism	9. mandat	-	Zasedanje 6	2017-12-15	-	Reference	English	Regular	MP	notMinister	SDP	Socijaldemokratska partija Hrvatske	Coalition	Centre-left	ParićDarko	Parić, Darko	M	1977	
ParlaMint-HR-en_2017-11-08-0	ParlaMint-HR_2017-11-08-0.u56556	Minutes of the National Assembly of the Republic of Croatia, Term 9, Session 6	2017-11-08	Unicameralism	9. mandat	-	Zasedanje 6	2017-12-15	-	Reference	English	Chairperson	MP	notMinister	HDZ	Hrvatska demokratska zajednica	Coalition	Centre-right	JandrokovićGordan	Jandroković, Gordan	M	1967	
ParlaMint-HR-en_2017-11-08-0	ParlaMint-HR_2017-11-08-0.u56557	Minutes of the National Assembly of the Republic of Croatia, Term 9, Session 6	2017-11-08	Unicameralism	9. mandat	-	Zasedanje 6	2017-12-15	-	Reference	English	Regular	MP	notMinister	MOST	Most nezavisnih lista	Opposition	Centre-right to right	PanenićTomislav	Panenić, Tomislav	M	1973	
ParlaMint-HR-en_2017-11-08-0	ParlaMint-HR_2017-11-08-0.u56558	Minutes of the National Assembly of the Republic of Croatia, Term 9, Session 6	2017-11-08	Unicameralism	9. mandat	-	Zasedanje 6	2017-12-15	-	Reference	English	Chairperson	MP	notMinister	HDZ	Hrvatska demokratska zajednica	Coalition	Centre-right	JandrokovićGordan	Jandroković, Gordan	M	1967	
ParlaMint-HR-en_2017-11-08-0	ParlaMint-HR_2017-11-08-0.u56559	Minutes of the National Assembly of the Republic of Croatia, Term 9, Session 6	2017-11-08	Unicameralism	9. mandat	-	Zasedanje 6	2017-12-15	-	Reference	English	Regular	MP	notMinister	MOST	Most nezavisnih lista	Opposition	Centre-right to right	BuljMiro	Bulj, Miro	M	1972	
ParlaMint-HR-en_2017-11-08-0	ParlaMint-HR_2017-11-08-0.u56560	Minutes of the National Assembly of the Republic of Croatia, Term 9, Session 6	2017-11-08	Unicameralism	9. mandat	-	Zasedanje 6	2017-12-15	-	Reference	English	Chairperson	MP	notMinister	HDZ	Hrvatska demokratska zajednica	Coalition	Centre-right	JandrokovićGordan	Jandroković, Gordan	M	1967	
ParlaMint-HR-en_2017-11-08-0	ParlaMint-HR_2017-11-08-0.u56561	Minutes of the National Assembly of the Republic of Croatia, Term 9, Session 6	2017-11-08	Unicameralism	9. mandat	-	Zasedanje 6	2017-12-15	-	Reference	English	Regular	MP	notMinister	MOST	Most nezavisnih lista	Opposition	Centre-right to right	BuljMiro	Bulj, Miro	M	1972	
ParlaMint-HR-en_2017-11-08-0	ParlaMint-HR_2017-11-08-0.u56562	Minutes of the National Assembly of the Republic of Croatia, Term 9, Session 6	2017-11-08	Unicameralism	9. mandat	-	Zasedanje 6	2017-12-15	-	Reference	English	Chairperson	MP	notMinister	HDZ	Hrvatska demokratska zajednica	Coalition	Centre-right	JandrokovićGordan	Jandroković, Gordan	M	1967	
ParlaMint-HR-en_2017-11-08-0	ParlaMint-HR_2017-11-08-0.u56563	Minutes of the National Assembly of the Republic of Croatia, Term 9, Session 6	2017-11-08	Unicameralism	9. mandat	-	Zasedanje 6	2017-12-15	-	Reference	English	Regular	MP	notMinister	MOST	Most nezavisnih lista	Opposition	Centre-right to right	BuljMiro	Bulj, Miro	M	1972	
ParlaMint-HR-en_2017-11-08-0	ParlaMint-HR_2017-11-08-0.u56564	Minutes of the National Assembly of the Republic of Croatia, Term 9, Session 6	2017-11-08	Unicameralism	9. mandat	-	Zasedanje 6	2017-12-15	-	Reference	English	Chairperson	MP	notMinister	HDZ	Hrvatska demokratska zajednica	Coalition	Centre-right	JandrokovićGordan	Jandroković, Gordan	M	1967	
ParlaMint-HR-en_2017-11-08-0	ParlaMint-HR_2017-11-08-0.u56565	Minutes of the National Assembly of the Republic of Croatia, Term 9, Session 6	2017-11-08	Unicameralism	9. mandat	-	Zasedanje 6	2017-12-15	-	Reference	English	Regular	MP	notMinister	MOST	Most nezavisnih lista	Opposition	Centre-right to right	BuljMiro	Bulj, Miro	M	1972	
ParlaMint-HR-en_2017-11-08-0	ParlaMint-HR_2017-11-08-0.u56566	Minutes of the National Assembly of the Republic of Croatia, Term 9, Session 6	2017-11-08	Unicameralism	9. mandat	-	Zasedanje 6	2017-12-15	-	Reference	English	Chairperson	MP	notMinister	HDZ	Hrvatska demokratska zajednica	Coalition	Centre-right	JandrokovićGordan	Jandroković, Gordan	M	1967	
ParlaMint-HR-en_2017-11-08-0	ParlaMint-HR_2017-11-08-0.u56567	Minutes of the National Assembly of the Republic of Croatia, Term 9, Session 6	2017-11-08	Unicameralism	9. mandat	-	Zasedanje 6	2017-12-15	-	Reference	English	Regular	MP	notMinister	MOST	Most nezavisnih lista	Opposition	Centre-right to right	BuljMiro	Bulj, Miro	M	1972	
ParlaMint-HR-en_2017-11-08-0	ParlaMint-HR_2017-11-08-0.u56568	Minutes of the National Assembly of the Republic of Croatia, Term 9, Session 6	2017-11-08	Unicameralism	9. mandat	-	Zasedanje 6	2017-12-15	-	Reference	English	Chairperson	MP	notMinister	HDZ	Hrvatska demokratska zajednica	Coalition	Centre-right	JandrokovićGordan	Jandroković, Gordan	M	1967	
ParlaMint-HR-en_2017-11-08-0	ParlaMint-HR_2017-11-08-0.u56569	Minutes of the National Assembly of the Republic of Croatia, Term 9, Session 6	2017-11-08	Unicameralism	9. mandat	-	Zasedanje 6	2017-12-15	-	Reference	English	Regular	MP	notMinister	MOST	Most nezavisnih lista	Opposition	Centre-right to right	GrmojaNikola	Grmoja, Nikola	M	1981	
ParlaMint-HR-en_2017-11-08-0	ParlaMint-HR_2017-11-08-0.u56570	Minutes of the National Assembly of the Republic of Croatia, Term 9, Session 6	2017-11-08	Unicameralism	9. mandat	-	Zasedanje 6	2017-12-15	-	Reference	English	Chairperson	MP	notMinister	HDZ	Hrvatska demokratska zajednica	Coalition	Centre-right	JandrokovićGordan	Jandroković, Gordan	M	1967	
ParlaMint-HR-en_2017-11-08-0	ParlaMint-HR_2017-11-08-0.u56571	Minutes of the National Assembly of the Republic of Croatia, Term 9, Session 6	2017-11-08	Unicameralism	9. mandat	-	Zasedanje 6	2017-12-15	-	Reference	English	Regular	MP	notMinister	nezavisni	nezavisni	-	-	ŽagarTomislav	Žagar, Tomislav	M	1969	
ParlaMint-HR-en_2017-11-08-0	ParlaMint-HR_2017-11-08-0.u56572	Minutes of the National Assembly of the Republic of Croatia, Term 9, Session 6	2017-11-08	Unicameralism	9. mandat	-	Zasedanje 6	2017-12-15	-	Reference	English	Chairperson	MP	notMinister	HDZ	Hrvatska demokratska zajednica	Coalition	Centre-right	JandrokovićGordan	Jandroković, Gordan	M	1967	
ParlaMint-HR-en_2017-11-08-0	ParlaMint-HR_2017-11-08-0.u56573	Minutes of the National Assembly of the Republic of Croatia, Term 9, Session 6	2017-11-08	Unicameralism	9. mandat	-	Zasedanje 6	2017-12-15	-	Reference	English	Regular	MP	notMinister	MOST	Most nezavisnih lista	Opposition	Centre-right to right	PanenićTomislav	Panenić, Tomislav	M	1973	
ParlaMint-HR-en_2017-11-08-0	ParlaMint-HR_2017-11-08-0.u56574	Minutes of the National Assembly of the Republic of Croatia, Term 9, Session 6	2017-11-08	Unicameralism	9. mandat	-	Zasedanje 6	2017-12-15	-	Reference	English	Chairperson	MP	notMinister	HDZ	Hrvatska demokratska zajednica	Coalition	Centre-right	JandrokovićGordan	Jandroković, Gordan	M	1967	
ParlaMint-HR-en_2017-11-08-0	ParlaMint-HR_2017-11-08-0.u56575	Minutes of the National Assembly of the Republic of Croatia, Term 9, Session 6	2017-11-08	Unicameralism	9. mandat	-	Zasedanje 6	2017-12-15	-	Reference	English	Regular	MP	notMinister	HDZ	Hrvatska demokratska zajednica	Coalition	Centre-right	ReinerŽeljko	Reiner, Željko	M	1953	
ParlaMint-HR-en_2017-11-08-0	ParlaMint-HR_2017-11-08-0.u56576	Minutes of the National Assembly of the Republic of Croatia, Term 9, Session 6	2017-11-08	Unicameralism	9. mandat	-	Zasedanje 6	2017-12-15	-	Reference	English	Chairperson	MP	notMinister	HDZ	Hrvatska demokratska zajednica	Coalition	Centre-right	JandrokovićGordan	Jandroković, Gordan	M	1967	
ParlaMint-HR-en_2017-11-08-0	ParlaMint-HR_2017-11-08-0.u56577	Minutes of the National Assembly of the Republic of Croatia, Term 9, Session 6	2017-11-08	Unicameralism	9. mandat	-	Zasedanje 6	2017-12-15	-	Reference	English	Regular	MP	notMinister	MOST	Most nezavisnih lista	Opposition	Centre-right to right	PanenićTomislav	Panenić, Tomislav	M	1973	
ParlaMint-HR-en_2017-11-08-0	ParlaMint-HR_2017-11-08-0.u56578	Minutes of the National Assembly of the Republic of Croatia, Term 9, Session 6	2017-11-08	Unicameralism	9. mandat	-	Zasedanje 6	2017-12-15	-	Reference	English	Chairperson	MP	notMinister	HDZ	Hrvatska demokratska zajednica	Coalition	Centre-right	JandrokovićGordan	Jandroković, Gordan	M	1967	
ParlaMint-HR-en_2017-11-08-0	ParlaMint-HR_2017-11-08-0.u56579	Minutes of the National Assembly of the Republic of Croatia, Term 9, Session 6	2017-11-08	Unicameralism	9. mandat	-	Zasedanje 6	2017-12-15	-	Reference	English	Regular	MP	notMinister	Živi zid	Živi zid	Coalition	-	PernarIvan	Pernar, Ivan	M	1985	
ParlaMint-HR-en_2017-11-08-0	ParlaMint-HR_2017-11-08-0.u56580	Minutes of the National Assembly of the Republic of Croatia, Term 9, Session 6	2017-11-08	Unicameralism	9. mandat	-	Zasedanje 6	2017-12-15	-	Reference	English	Chairperson	MP	notMinister	HDZ	Hrvatska demokratska zajednica	Coalition	Centre-right	JandrokovićGordan	Jandroković, Gordan	M	1967	
ParlaMint-HR-en_2017-11-08-0	ParlaMint-HR_2017-11-08-0.u56581	Minutes of the National Assembly of the Republic of Croatia, Term 9, Session 6	2017-11-08	Unicameralism	9. mandat	-	Zasedanje 6	2017-12-15	-	Reference	English	Regular	MP	notMinister	Živi zid	Živi zid	Coalition	-	PernarIvan	Pernar, Ivan	M	1985	
ParlaMint-HR-en_2017-11-08-0	ParlaMint-HR_2017-11-08-0.u56582	Minutes of the National Assembly of the Republic of Croatia, Term 9, Session 6	2017-11-08	Unicameralism	9. mandat	-	Zasedanje 6	2017-12-15	-	Reference	English	Chairperson	MP	notMinister	HDZ	Hrvatska demokratska zajednica	Coalition	Centre-right	JandrokovićGordan	Jandroković, Gordan	M	1967	
ParlaMint-HR-en_2017-11-08-0	ParlaMint-HR_2017-11-08-0.u56583	Minutes of the National Assembly of the Republic of Croatia, Term 9, Session 6	2017-11-08	Unicameralism	9. mandat	-	Zasedanje 6	2017-12-15	-	Reference	English	Regular	MP	notMinister	Živi zid	Živi zid	Coalition	-	PernarIvan	Pernar, Ivan	M	1985	
ParlaMint-HR-en_2017-11-08-0	ParlaMint-HR_2017-11-08-0.u56584	Minutes of the National Assembly of the Republic of Croatia, Term 9, Session 6	2017-11-08	Unicameralism	9. mandat	-	Zasedanje 6	2017-12-15	-	Reference	English	Chairperson	MP	notMinister	HDZ	Hrvatska demokratska zajednica	Coalition	Centre-right	JandrokovićGordan	Jandroković, Gordan	M	1967	
ParlaMint-HR-en_2017-11-08-0	ParlaMint-HR_2017-11-08-0.u56585	Minutes of the National Assembly of the Republic of Croatia, Term 9, Session 6	2017-11-08	Unicameralism	9. mandat	-	Zasedanje 6	2017-12-15	-	Reference	English	Regular	MP	notMinister	SDP	Socijaldemokratska partija Hrvatske	Coalition	Centre-left	MarasGordan	Maras, Gordan	M	1974	
ParlaMint-HR-en_2017-11-08-0	ParlaMint-HR_2017-11-08-0.u56586	Minutes of the National Assembly of the Republic of Croatia, Term 9, Session 6	2017-11-08	Unicameralism	9. mandat	-	Zasedanje 6	2017-12-15	-	Reference	English	Chairperson	MP	notMinister	HDZ	Hrvatska demokratska zajednica	Coalition	Centre-right	JandrokovićGordan	Jandroković, Gordan	M	1967	
ParlaMint-HR-en_2017-11-08-0	ParlaMint-HR_2017-11-08-0.u56587	Minutes of the National Assembly of the Republic of Croatia, Term 9, Session 6	2017-11-08	Unicameralism	9. mandat	-	Zasedanje 6	2017-12-15	-	Reference	English	Regular	MP	notMinister	Živi zid	Živi zid	Coalition	-	PernarIvan	Pernar, Ivan	M	1985	
ParlaMint-HR-en_2017-11-08-0	ParlaMint-HR_2017-11-08-0.u56588	Minutes of the National Assembly of the Republic of Croatia, Term 9, Session 6	2017-11-08	Unicameralism	9. mandat	-	Zasedanje 6	2017-12-15	-	Reference	English	Chairperson	MP	notMinister	HDZ	Hrvatska demokratska zajednica	Coalition	Centre-right	JandrokovićGordan	Jandroković, Gordan	M	1967	
ParlaMint-HR-en_2017-11-08-0	ParlaMint-HR_2017-11-08-0.u56589	Minutes of the National Assembly of the Republic of Croatia, Term 9, Session 6	2017-11-08	Unicameralism	9. mandat	-	Zasedanje 6	2017-12-15	-	Reference	English	Regular	MP	notMinister	SDP	Socijaldemokratska partija Hrvatske	Coalition	Centre-left	MarasGordan	Maras, Gordan	M	1974	
ParlaMint-HR-en_2017-11-08-0	ParlaMint-HR_2017-11-08-0.u56590	Minutes of the National Assembly of the Republic of Croatia, Term 9, Session 6	2017-11-08	Unicameralism	9. mandat	-	Zasedanje 6	2017-12-15	-	Reference	English	Chairperson	MP	notMinister	HDZ	Hrvatska demokratska zajednica	Coalition	Centre-right	JandrokovićGordan	Jandroković, Gordan	M	1967	
ParlaMint-HR-en_2017-11-08-0	ParlaMint-HR_2017-11-08-0.u56591	Minutes of the National Assembly of the Republic of Croatia, Term 9, Session 6	2017-11-08	Unicameralism	9. mandat	-	Zasedanje 6	2017-12-15	-	Reference	English	Regular	MP	notMinister	SDP	Socijaldemokratska partija Hrvatske	Coalition	Centre-left	MarasGordan	Maras, Gordan	M	1974	
ParlaMint-HR-en_2017-11-08-0	ParlaMint-HR_2017-11-08-0.u56592	Minutes of the National Assembly of the Republic of Croatia, Term 9, Session 6	2017-11-08	Unicameralism	9. mandat	-	Zasedanje 6	2017-12-15	-	Reference	English	Chairperson	MP	notMinister	HDZ	Hrvatska demokratska zajednica	Coalition	Centre-right	JandrokovićGordan	Jandroković, Gordan	M	1967	
ParlaMint-HR-en_2017-11-08-0	ParlaMint-HR_2017-11-08-0.u56593	Minutes of the National Assembly of the Republic of Croatia, Term 9, Session 6	2017-11-08	Unicameralism	9. mandat	-	Zasedanje 6	2017-12-15	-	Reference	English	Regular	MP	notMinister	SDP	Socijaldemokratska partija Hrvatske	Coalition	Centre-left	MarasGordan	Maras, Gordan	M	1974	
ParlaMint-HR-en_2017-11-08-0	ParlaMint-HR_2017-11-08-0.u56594	Minutes of the National Assembly of the Republic of Croatia, Term 9, Session 6	2017-11-08	Unicameralism	9. mandat	-	Zasedanje 6	2017-12-15	-	Reference	English	Chairperson	MP	notMinister	HDZ	Hrvatska demokratska zajednica	Coalition	Centre-right	JandrokovićGordan	Jandroković, Gordan	M	1967	
ParlaMint-HR-en_2017-11-08-0	ParlaMint-HR_2017-11-08-0.u56595	Minutes of the National Assembly of the Republic of Croatia, Term 9, Session 6	2017-11-08	Unicameralism	9. mandat	-	Zasedanje 6	2017-12-15	-	Reference	English	Regular	MP	notMinister	SDP	Socijaldemokratska partija Hrvatske	Coalition	Centre-left	MarasGordan	Maras, Gordan	M	1974	
ParlaMint-HR-en_2017-11-08-0	ParlaMint-HR_2017-11-08-0.u56596	Minutes of the National Assembly of the Republic of Croatia, Term 9, Session 6	2017-11-08	Unicameralism	9. mandat	-	Zasedanje 6	2017-12-15	-	Reference	English	Chairperson	MP	notMinister	HDZ	Hrvatska demokratska zajednica	Coalition	Centre-right	JandrokovićGordan	Jandroković, Gordan	M	1967	
ParlaMint-HR-en_2017-11-08-0	ParlaMint-HR_2017-11-08-0.u56597	Minutes of the National Assembly of the Republic of Croatia, Term 9, Session 6	2017-11-08	Unicameralism	9. mandat	-	Zasedanje 6	2017-12-15	-	Reference	English	Regular	MP	notMinister	Živi zid	Živi zid	Coalition	-	BunjacBranimir	Bunjac, Branimir	M	1972	
ParlaMint-HR-en_2017-11-08-0	ParlaMint-HR_2017-11-08-0.u56598	Minutes of the National Assembly of the Republic of Croatia, Term 9, Session 6	2017-11-08	Unicameralism	9. mandat	-	Zasedanje 6	2017-12-15	-	Reference	English	Chairperson	MP	notMinister	HDZ	Hrvatska demokratska zajednica	Coalition	Centre-right	JandrokovićGordan	Jandroković, Gordan	M	1967	
ParlaMint-HR-en_2017-11-08-0	ParlaMint-HR_2017-11-08-0.u56599	Minutes of the National Assembly of the Republic of Croatia, Term 9, Session 6	2017-11-08	Unicameralism	9. mandat	-	Zasedanje 6	2017-12-15	-	Reference	English	Regular	MP	notMinister	Živi zid	Živi zid	Coalition	-	BunjacBranimir	Bunjac, Branimir	M	1972	
ParlaMint-HR-en_2017-11-08-0	ParlaMint-HR_2017-11-08-0.u56600	Minutes of the National Assembly of the Republic of Croatia, Term 9, Session 6	2017-11-08	Unicameralism	9. mandat	-	Zasedanje 6	2017-12-15	-	Reference	English	Chairperson	MP	notMinister	HDZ	Hrvatska demokratska zajednica	Coalition	Centre-right	JandrokovićGordan	Jandroković, Gordan	M	1967	
ParlaMint-HR-en_2017-11-08-0	ParlaMint-HR_2017-11-08-0.u56601	Minutes of the National Assembly of the Republic of Croatia, Term 9, Session 6	2017-11-08	Unicameralism	9. mandat	-	Zasedanje 6	2017-12-15	-	Reference	English	Regular	MP	notMinister	Živi zid	Živi zid	Coalition	-	PernarIvan	Pernar, Ivan	M	1985	
ParlaMint-HR-en_2017-11-08-0	ParlaMint-HR_2017-11-08-0.u56602	Minutes of the National Assembly of the Republic of Croatia, Term 9, Session 6	2017-11-08	Unicameralism	9. mandat	-	Zasedanje 6	2017-12-15	-	Reference	English	Chairperson	MP	notMinister	HDZ	Hrvatska demokratska zajednica	Coalition	Centre-right	JandrokovićGordan	Jandroković, Gordan	M	1967	
ParlaMint-HR-en_2017-11-08-0	ParlaMint-HR_2017-11-08-0.u56603	Minutes of the National Assembly of the Republic of Croatia, Term 9, Session 6	2017-11-08	Unicameralism	9. mandat	-	Zasedanje 6	2017-12-15	-	Reference	English	Regular	MP	notMinister	SDP	Socijaldemokratska partija Hrvatske	Coalition	Centre-left	BaukArsen	Bauk, Arsen	M	1973	
ParlaMint-HR-en_2017-11-08-0	ParlaMint-HR_2017-11-08-0.u56604	Minutes of the National Assembly of the Republic of Croatia, Term 9, Session 6	2017-11-08	Unicameralism	9. mandat	-	Zasedanje 6	2017-12-15	-	Reference	English	Chairperson	MP	notMinister	HDZ	Hrvatska demokratska zajednica	Coalition	Centre-right	JandrokovićGordan	Jandroković, Gordan	M	1967	
ParlaMint-HR-en_2017-11-08-0	ParlaMint-HR_2017-11-08-0.u56605	Minutes of the National Assembly of the Republic of Croatia, Term 9, Session 6	2017-11-08	Unicameralism	9. mandat	-	Zasedanje 6	2017-12-15	-	Reference	English	Regular	MP	notMinister	Živi zid	Živi zid	Coalition	-	PernarIvan	Pernar, Ivan	M	1985	
ParlaMint-HR-en_2017-11-08-0	ParlaMint-HR_2017-11-08-0.u56606	Minutes of the National Assembly of the Republic of Croatia, Term 9, Session 6	2017-11-08	Unicameralism	9. mandat	-	Zasedanje 6	2017-12-15	-	Reference	English	Chairperson	MP	notMinister	HDZ	Hrvatska demokratska zajednica	Coalition	Centre-right	JandrokovićGordan	Jandroković, Gordan	M	1967	
ParlaMint-HR-en_2017-11-08-0	ParlaMint-HR_2017-11-08-0.u56607	Minutes of the National Assembly of the Republic of Croatia, Term 9, Session 6	2017-11-08	Unicameralism	9. mandat	-	Zasedanje 6	2017-12-15	-	Reference	English	Regular	MP	notMinister	SDP	Socijaldemokratska partija Hrvatske	Coalition	Centre-left	MarasGordan	Maras, Gordan	M	1974	
ParlaMint-HR-en_2017-11-08-0	ParlaMint-HR_2017-11-08-0.u56608	Minutes of the National Assembly of the Republic of Croatia, Term 9, Session 6	2017-11-08	Unicameralism	9. mandat	-	Zasedanje 6	2017-12-15	-	Reference	English	Chairperson	MP	notMinister	HDZ	Hrvatska demokratska zajednica	Coalition	Centre-right	JandrokovićGordan	Jandroković, Gordan	M	1967	
ParlaMint-HR-en_2017-11-08-0	ParlaMint-HR_2017-11-08-0.u56609	Minutes of the National Assembly of the Republic of Croatia, Term 9, Session 6	2017-11-08	Unicameralism	9. mandat	-	Zasedanje 6	2017-12-15	-	Reference	English	Regular	MP	notMinister	Živi zid	Živi zid	Coalition	-	PernarIvan	Pernar, Ivan	M	1985	
ParlaMint-HR-en_2017-11-08-0	ParlaMint-HR_2017-11-08-0.u56610	Minutes of the National Assembly of the Republic of Croatia, Term 9, Session 6	2017-11-08	Unicameralism	9. mandat	-	Zasedanje 6	2017-12-15	-	Reference	English	Chairperson	MP	notMinister	HDZ	Hrvatska demokratska zajednica	Coalition	Centre-right	JandrokovićGordan	Jandroković, Gordan	M	1967	
ParlaMint-HR-en_2017-11-08-0	ParlaMint-HR_2017-11-08-0.u56611	Minutes of the National Assembly of the Republic of Croatia, Term 9, Session 6	2017-11-08	Unicameralism	9. mandat	-	Zasedanje 6	2017-12-15	-	Reference	English	Regular	MP	notMinister	Živi zid	Živi zid	Coalition	-	PernarIvan	Pernar, Ivan	M	1985	
ParlaMint-HR-en_2017-11-08-0	ParlaMint-HR_2017-11-08-0.u56612	Minutes of the National Assembly of the Republic of Croatia, Term 9, Session 6	2017-11-08	Unicameralism	9. mandat	-	Zasedanje 6	2017-12-15	-	Reference	English	Chairperson	MP	notMinister	HDZ	Hrvatska demokratska zajednica	Coalition	Centre-right	JandrokovićGordan	Jandroković, Gordan	M	1967	
ParlaMint-HR-en_2017-11-08-0	ParlaMint-HR_2017-11-08-0.u56613	Minutes of the National Assembly of the Republic of Croatia, Term 9, Session 6	2017-11-08	Unicameralism	9. mandat	-	Zasedanje 6	2017-12-15	-	Reference	English	Regular	MP	notMinister	Živi zid	Živi zid	Coalition	-	PernarIvan	Pernar, Ivan	M	1985	
ParlaMint-HR-en_2017-11-08-0	ParlaMint-HR_2017-11-08-0.u56614	Minutes of the National Assembly of the Republic of Croatia, Term 9, Session 6	2017-11-08	Unicameralism	9. mandat	-	Zasedanje 6	2017-12-15	-	Reference	English	Chairperson	MP	notMinister	HDZ	Hrvatska demokratska zajednica	Coalition	Centre-right	JandrokovićGordan	Jandroković, Gordan	M	1967	
ParlaMint-HR-en_2017-11-08-0	ParlaMint-HR_2017-11-08-0.u56615	Minutes of the National Assembly of the Republic of Croatia, Term 9, Session 6	2017-11-08	Unicameralism	9. mandat	-	Zasedanje 6	2017-12-15	-	Reference	English	Regular	MP	notMinister	HDZ	Hrvatska demokratska zajednica	Coalition	Centre-right	KlarićTomislav	Klarić, Tomislav	M	1964	
ParlaMint-HR-en_2017-11-08-0	ParlaMint-HR_2017-11-08-0.u56616	Minutes of the National Assembly of the Republic of Croatia, Term 9, Session 6	2017-11-08	Unicameralism	9. mandat	-	Zasedanje 6	2017-12-15	-	Reference	English	Chairperson	MP	notMinister	HDZ	Hrvatska demokratska zajednica	Coalition	Centre-right	JandrokovićGordan	Jandroković, Gordan	M	1967	
ParlaMint-HR-en_2017-11-08-0	ParlaMint-HR_2017-11-08-0.u56617	Minutes of the National Assembly of the Republic of Croatia, Term 9, Session 6	2017-11-08	Unicameralism	9. mandat	-	Zasedanje 6	2017-12-15	-	Reference	English	Regular	MP	notMinister	Živi zid	Živi zid	Coalition	-	PernarIvan	Pernar, Ivan	M	1985	
ParlaMint-HR-en_2017-11-08-0	ParlaMint-HR_2017-11-08-0.u56618	Minutes of the National Assembly of the Republic of Croatia, Term 9, Session 6	2017-11-08	Unicameralism	9. mandat	-	Zasedanje 6	2017-12-15	-	Reference	English	Chairperson	MP	notMinister	HDZ	Hrvatska demokratska zajednica	Coalition	Centre-right	JandrokovićGordan	Jandroković, Gordan	M	1967	
ParlaMint-HR-en_2017-11-08-0	ParlaMint-HR_2017-11-08-0.u56619	Minutes of the National Assembly of the Republic of Croatia, Term 9, Session 6	2017-11-08	Unicameralism	9. mandat	-	Zasedanje 6	2017-12-15	-	Reference	English	Regular	MP	notMinister	Živi zid	Živi zid	Coalition	-	BunjacBranimir	Bunjac, Branimir	M	1972	
ParlaMint-HR-en_2017-11-08-0	ParlaMint-HR_2017-11-08-0.u56620	Minutes of the National Assembly of the Republic of Croatia, Term 9, Session 6	2017-11-08	Unicameralism	9. mandat	-	Zasedanje 6	2017-12-15	-	Reference	English	Chairperson	MP	notMinister	HDZ	Hrvatska demokratska zajednica	Coalition	Centre-right	BrkićMilijan	Brkić, Milijan	M	1970	
ParlaMint-HR-en_2017-11-08-0	ParlaMint-HR_2017-11-08-0.u56621	Minutes of the National Assembly of the Republic of Croatia, Term 9, Session 6	2017-11-08	Unicameralism	9. mandat	-	Zasedanje 6	2017-12-15	-	Reference	English	Regular	MP	notMinister	HDZ	Hrvatska demokratska zajednica	Coalition	Centre-right	BorićJosip	Borić, Josip	M	1972	
ParlaMint-HR-en_2017-11-08-0	ParlaMint-HR_2017-11-08-0.u56622	Minutes of the National Assembly of the Republic of Croatia, Term 9, Session 6	2017-11-08	Unicameralism	9. mandat	-	Zasedanje 6	2017-12-15	-	Reference	English	Chairperson	MP	notMinister	HDZ	Hrvatska demokratska zajednica	Coalition	Centre-right	BrkićMilijan	Brkić, Milijan	M	1970	
ParlaMint-HR-en_2017-11-08-0	ParlaMint-HR_2017-11-08-0.u56623	Minutes of the National Assembly of the Republic of Croatia, Term 9, Session 6	2017-11-08	Unicameralism	9. mandat	-	Zasedanje 6	2017-12-15	-	Reference	English	Regular	MP	notMinister	Živi zid	Živi zid	Coalition	-	BunjacBranimir	Bunjac, Branimir	M	1972	
ParlaMint-HR-en_2017-11-08-0	ParlaMint-HR_2017-11-08-0.u56624	Minutes of the National Assembly of the Republic of Croatia, Term 9, Session 6	2017-11-08	Unicameralism	9. mandat	-	Zasedanje 6	2017-12-15	-	Reference	English	Chairperson	MP	notMinister	HDZ	Hrvatska demokratska zajednica	Coalition	Centre-right	BrkićMilijan	Brkić, Milijan	M	1970	
ParlaMint-HR-en_2017-11-08-0	ParlaMint-HR_2017-11-08-0.u56625	Minutes of the National Assembly of the Republic of Croatia, Term 9, Session 6	2017-11-08	Unicameralism	9. mandat	-	Zasedanje 6	2017-12-15	-	Reference	English	Regular	MP	notMinister	Živi zid	Živi zid	Coalition	-	PernarIvan	Pernar, Ivan	M	1985	
ParlaMint-HR-en_2017-11-08-0	ParlaMint-HR_2017-11-08-0.u56626	Minutes of the National Assembly of the Republic of Croatia, Term 9, Session 6	2017-11-08	Unicameralism	9. mandat	-	Zasedanje 6	2017-12-15	-	Reference	English	Chairperson	MP	notMinister	HDZ	Hrvatska demokratska zajednica	Coalition	Centre-right	BrkićMilijan	Brkić, Milijan	M	1970	
ParlaMint-HR-en_2017-11-08-0	ParlaMint-HR_2017-11-08-0.u56627	Minutes of the National Assembly of the Republic of Croatia, Term 9, Session 6	2017-11-08	Unicameralism	9. mandat	-	Zasedanje 6	2017-12-15	-	Reference	English	Regular	MP	notMinister	Živi zid	Živi zid	Coalition	-	BunjacBranimir	Bunjac, Branimir	M	1972	
ParlaMint-HR-en_2017-11-08-0	ParlaMint-HR_2017-11-08-0.u56628	Minutes of the National Assembly of the Republic of Croatia, Term 9, Session 6	2017-11-08	Unicameralism	9. mandat	-	Zasedanje 6	2017-12-15	-	Reference	English	Chairperson	MP	notMinister	HDZ	Hrvatska demokratska zajednica	Coalition	Centre-right	BrkićMilijan	Brkić, Milijan	M	1970	
ParlaMint-HR-en_2017-11-08-0	ParlaMint-HR_2017-11-08-0.u56629	Minutes of the National Assembly of the Republic of Croatia, Term 9, Session 6	2017-11-08	Unicameralism	9. mandat	-	Zasedanje 6	2017-12-15	-	Reference	English	Regular	MP	notMinister	Živi zid	Živi zid	Coalition	-	PernarIvan	Pernar, Ivan	M	1985	
ParlaMint-HR-en_2017-11-08-0	ParlaMint-HR_2017-11-08-0.u56630	Minutes of the National Assembly of the Republic of Croatia, Term 9, Session 6	2017-11-08	Unicameralism	9. mandat	-	Zasedanje 6	2017-12-15	-	Reference	English	Chairperson	MP	notMinister	HDZ	Hrvatska demokratska zajednica	Coalition	Centre-right	BrkićMilijan	Brkić, Milijan	M	1970	
ParlaMint-HR-en_2017-11-08-0	ParlaMint-HR_2017-11-08-0.u56631	Minutes of the National Assembly of the Republic of Croatia, Term 9, Session 6	2017-11-08	Unicameralism	9. mandat	-	Zasedanje 6	2017-12-15	-	Reference	English	Regular	MP	notMinister	Živi zid	Živi zid	Coalition	-	BunjacBranimir	Bunjac, Branimir	M	1972	
ParlaMint-HR-en_2017-11-08-0	ParlaMint-HR_2017-11-08-0.u56632	Minutes of the National Assembly of the Republic of Croatia, Term 9, Session 6	2017-11-08	Unicameralism	9. mandat	-	Zasedanje 6	2017-12-15	-	Reference	English	Chairperson	MP	notMinister	HDZ	Hrvatska demokratska zajednica	Coalition	Centre-right	BrkićMilijan	Brkić, Milijan	M	1970	
ParlaMint-HR-en_2017-11-08-0	ParlaMint-HR_2017-11-08-0.u56633	Minutes of the National Assembly of the Republic of Croatia, Term 9, Session 6	2017-11-08	Unicameralism	9. mandat	-	Zasedanje 6	2017-12-15	-	Reference	English	Regular	MP	notMinister	Živi zid	Živi zid	Coalition	-	PernarIvan	Pernar, Ivan	M	1985	
ParlaMint-HR-en_2017-11-08-0	ParlaMint-HR_2017-11-08-0.u56634	Minutes of the National Assembly of the Republic of Croatia, Term 9, Session 6	2017-11-08	Unicameralism	9. mandat	-	Zasedanje 6	2017-12-15	-	Reference	English	Chairperson	MP	notMinister	HDZ	Hrvatska demokratska zajednica	Coalition	Centre-right	BrkićMilijan	Brkić, Milijan	M	1970	
ParlaMint-HR-en_2017-11-08-0	ParlaMint-HR_2017-11-08-0.u56635	Minutes of the National Assembly of the Republic of Croatia, Term 9, Session 6	2017-11-08	Unicameralism	9. mandat	-	Zasedanje 6	2017-12-15	-	Reference	English	Regular	MP	notMinister	HDZ	Hrvatska demokratska zajednica	Coalition	Centre-right	PlenkovićAndrej	Plenković, Andrej	M	1970	
ParlaMint-HR-en_2017-11-08-0	ParlaMint-HR_2017-11-08-0.u56636	Minutes of the National Assembly of the Republic of Croatia, Term 9, Session 6	2017-11-08	Unicameralism	9. mandat	-	Zasedanje 6	2017-12-15	-	Reference	English	Chairperson	MP	notMinister	HDZ	Hrvatska demokratska zajednica	Coalition	Centre-right	BrkićMilijan	Brkić, Milijan	M	1970	
ParlaMint-HR-en_2017-11-08-0	ParlaMint-HR_2017-11-08-0.u56637	Minutes of the National Assembly of the Republic of Croatia, Term 9, Session 6	2017-11-08	Unicameralism	9. mandat	-	Zasedanje 6	2017-12-15	-	Reference	English	Regular	MP	notMinister	HDZ	Hrvatska demokratska zajednica	Coalition	Centre-right	PlenkovićAndrej	Plenković, Andrej	M	1970	
ParlaMint-HR-en_2017-11-08-0	ParlaMint-HR_2017-11-08-0.u56638	Minutes of the National Assembly of the Republic of Croatia, Term 9, Session 6	2017-11-08	Unicameralism	9. mandat	-	Zasedanje 6	2017-12-15	-	Reference	English	Chairperson	MP	notMinister	HDZ	Hrvatska demokratska zajednica	Coalition	Centre-right	BrkićMilijan	Brkić, Milijan	M	1970	
ParlaMint-HR-en_2017-11-08-0	ParlaMint-HR_2017-11-08-0.u56639	Minutes of the National Assembly of the Republic of Croatia, Term 9, Session 6	2017-11-08	Unicameralism	9. mandat	-	Zasedanje 6	2017-12-15	-	Reference	English	Regular	MP	notMinister	SDP	Socijaldemokratska partija Hrvatske	Coalition	Centre-left	MarasGordan	Maras, Gordan	M	1974	
ParlaMint-HR-en_2017-11-08-0	ParlaMint-HR_2017-11-08-0.u56640	Minutes of the National Assembly of the Republic of Croatia, Term 9, Session 6	2017-11-08	Unicameralism	9. mandat	-	Zasedanje 6	2017-12-15	-	Reference	English	Chairperson	MP	notMinister	HDZ	Hrvatska demokratska zajednica	Coalition	Centre-right	BrkićMilijan	Brkić, Milijan	M	1970	
ParlaMint-HR-en_2017-11-08-0	ParlaMint-HR_2017-11-08-0.u56641	Minutes of the National Assembly of the Republic of Croatia, Term 9, Session 6	2017-11-08	Unicameralism	9. mandat	-	Zasedanje 6	2017-12-15	-	Reference	English	Regular	MP	notMinister	SDP	Socijaldemokratska partija Hrvatske	Coalition	Centre-left	MarasGordan	Maras, Gordan	M	1974	
ParlaMint-HR-en_2017-11-08-0	ParlaMint-HR_2017-11-08-0.u56642	Minutes of the National Assembly of the Republic of Croatia, Term 9, Session 6	2017-11-08	Unicameralism	9. mandat	-	Zasedanje 6	2017-12-15	-	Reference	English	Chairperson	MP	notMinister	HDZ	Hrvatska demokratska zajednica	Coalition	Centre-right	BrkićMilijan	Brkić, Milijan	M	1970	
ParlaMint-HR-en_2017-11-08-0	ParlaMint-HR_2017-11-08-0.u56643	Minutes of the National Assembly of the Republic of Croatia, Term 9, Session 6	2017-11-08	Unicameralism	9. mandat	-	Zasedanje 6	2017-12-15	-	Reference	English	Regular	MP	notMinister	HDZ	Hrvatska demokratska zajednica	Coalition	Centre-right	PlenkovićAndrej	Plenković, Andrej	M	1970	
ParlaMint-HR-en_2017-11-08-0	ParlaMint-HR_2017-11-08-0.u56644	Minutes of the National Assembly of the Republic of Croatia, Term 9, Session 6	2017-11-08	Unicameralism	9. mandat	-	Zasedanje 6	2017-12-15	-	Reference	English	Chairperson	MP	notMinister	HDZ	Hrvatska demokratska zajednica	Coalition	Centre-right	BrkićMilijan	Brkić, Milijan	M	1970	
ParlaMint-HR-en_2017-11-08-0	ParlaMint-HR_2017-11-08-0.u56645	Minutes of the National Assembly of the Republic of Croatia, Term 9, Session 6	2017-11-08	Unicameralism	9. mandat	-	Zasedanje 6	2017-12-15	-	Reference	English	Regular	MP	notMinister	SDP	Socijaldemokratska partija Hrvatske	Coalition	Centre-left	GlavaševićBojan	Glavašević, Bojan	M	1984	
ParlaMint-HR-en_2017-11-08-0	ParlaMint-HR_2017-11-08-0.u56646	Minutes of the National Assembly of the Republic of Croatia, Term 9, Session 6	2017-11-08	Unicameralism	9. mandat	-	Zasedanje 6	2017-12-15	-	Reference	English	Chairperson	MP	notMinister	HDZ	Hrvatska demokratska zajednica	Coalition	Centre-right	BrkićMilijan	Brkić, Milijan	M	1970	
ParlaMint-HR-en_2017-11-08-0	ParlaMint-HR_2017-11-08-0.u56647	Minutes of the National Assembly of the Republic of Croatia, Term 9, Session 6	2017-11-08	Unicameralism	9. mandat	-	Zasedanje 6	2017-12-15	-	Reference	English	Regular	MP	notMinister	HDZ	Hrvatska demokratska zajednica	Coalition	Centre-right	PlenkovićAndrej	Plenković, Andrej	M	1970	
ParlaMint-HR-en_2017-11-08-0	ParlaMint-HR_2017-11-08-0.u56648	Minutes of the National Assembly of the Republic of Croatia, Term 9, Session 6	2017-11-08	Unicameralism	9. mandat	-	Zasedanje 6	2017-12-15	-	Reference	English	Chairperson	MP	notMinister	HDZ	Hrvatska demokratska zajednica	Coalition	Centre-right	BrkićMilijan	Brkić, Milijan	M	1970	
ParlaMint-HR-en_2017-11-08-0	ParlaMint-HR_2017-11-08-0.u56649	Minutes of the National Assembly of the Republic of Croatia, Term 9, Session 6	2017-11-08	Unicameralism	9. mandat	-	Zasedanje 6	2017-12-15	-	Reference	English	Regular	MP	notMinister	MOST	Most nezavisnih lista	Opposition	Centre-right to right	BuljMiro	Bulj, Miro	M	1972	
ParlaMint-HR-en_2017-11-08-0	ParlaMint-HR_2017-11-08-0.u56650	Minutes of the National Assembly of the Republic of Croatia, Term 9, Session 6	2017-11-08	Unicameralism	9. mandat	-	Zasedanje 6	2017-12-15	-	Reference	English	Chairperson	MP	notMinister	HDZ	Hrvatska demokratska zajednica	Coalition	Centre-right	BrkićMilijan	Brkić, Milijan	M	1970	
ParlaMint-HR-en_2017-11-08-0	ParlaMint-HR_2017-11-08-0.u56651	Minutes of the National Assembly of the Republic of Croatia, Term 9, Session 6	2017-11-08	Unicameralism	9. mandat	-	Zasedanje 6	2017-12-15	-	Reference	English	Regular	MP	notMinister	HDZ	Hrvatska demokratska zajednica	Coalition	Centre-right	PlenkovićAndrej	Plenković, Andrej	M	1970	
ParlaMint-HR-en_2017-11-08-0	ParlaMint-HR_2017-11-08-0.u56652	Minutes of the National Assembly of the Republic of Croatia, Term 9, Session 6	2017-11-08	Unicameralism	9. mandat	-	Zasedanje 6	2017-12-15	-	Reference	English	Chairperson	MP	notMinister	HDZ	Hrvatska demokratska zajednica	Coalition	Centre-right	BrkićMilijan	Brkić, Milijan	M	1970	
ParlaMint-HR-en_2017-11-08-0	ParlaMint-HR_2017-11-08-0.u56653	Minutes of the National Assembly of the Republic of Croatia, Term 9, Session 6	2017-11-08	Unicameralism	9. mandat	-	Zasedanje 6	2017-12-15	-	Reference	English	Regular	MP	notMinister	SDP	Socijaldemokratska partija Hrvatske	Coalition	Centre-left	JovanovićŽeljko	Jovanović, Željko	M	1965	
ParlaMint-HR-en_2017-11-08-0	ParlaMint-HR_2017-11-08-0.u56654	Minutes of the National Assembly of the Republic of Croatia, Term 9, Session 6	2017-11-08	Unicameralism	9. mandat	-	Zasedanje 6	2017-12-15	-	Reference	English	Chairperson	MP	notMinister	HDZ	Hrvatska demokratska zajednica	Coalition	Centre-right	BrkićMilijan	Brkić, Milijan	M	1970	
ParlaMint-HR-en_2017-11-08-0	ParlaMint-HR_2017-11-08-0.u56655	Minutes of the National Assembly of the Republic of Croatia, Term 9, Session 6	2017-11-08	Unicameralism	9. mandat	-	Zasedanje 6	2017-12-15	-	Reference	English	Regular	MP	notMinister	SDP	Socijaldemokratska partija Hrvatske	Coalition	Centre-left	GlasovacSabina	Glasovac, Sabina	F	1978	
ParlaMint-HR-en_2017-11-08-0	ParlaMint-HR_2017-11-08-0.u56656	Minutes of the National Assembly of the Republic of Croatia, Term 9, Session 6	2017-11-08	Unicameralism	9. mandat	-	Zasedanje 6	2017-12-15	-	Reference	English	Chairperson	MP	notMinister	HDZ	Hrvatska demokratska zajednica	Coalition	Centre-right	BrkićMilijan	Brkić, Milijan	M	1970	
ParlaMint-HR-en_2017-11-08-0	ParlaMint-HR_2017-11-08-0.u56657	Minutes of the National Assembly of the Republic of Croatia, Term 9, Session 6	2017-11-08	Unicameralism	9. mandat	-	Zasedanje 6	2017-12-15	-	Reference	English	Regular	MP	notMinister	SDP	Socijaldemokratska partija Hrvatske	Coalition	Centre-left	BaukArsen	Bauk, Arsen	M	1973	
ParlaMint-HR-en_2017-11-08-0	ParlaMint-HR_2017-11-08-0.u56658	Minutes of the National Assembly of the Republic of Croatia, Term 9, Session 6	2017-11-08	Unicameralism	9. mandat	-	Zasedanje 6	2017-12-15	-	Reference	English	Chairperson	MP	notMinister	HDZ	Hrvatska demokratska zajednica	Coalition	Centre-right	BrkićMilijan	Brkić, Milijan	M	1970	
ParlaMint-HR-en_2017-11-08-0	ParlaMint-HR_2017-11-08-0.u56659	Minutes of the National Assembly of the Republic of Croatia, Term 9, Session 6	2017-11-08	Unicameralism	9. mandat	-	Zasedanje 6	2017-12-15	-	Reference	English	Regular	MP	notMinister	HDZ	Hrvatska demokratska zajednica	Coalition	Centre-right	PlenkovićAndrej	Plenković, Andrej	M	1970	
ParlaMint-HR-en_2017-11-08-0	ParlaMint-HR_2017-11-08-0.u56660	Minutes of the National Assembly of the Republic of Croatia, Term 9, Session 6	2017-11-08	Unicameralism	9. mandat	-	Zasedanje 6	2017-12-15	-	Reference	English	Chairperson	MP	notMinister	HDZ	Hrvatska demokratska zajednica	Coalition	Centre-right	BrkićMilijan	Brkić, Milijan	M	1970	
ParlaMint-HR-en_2017-11-08-0	ParlaMint-HR_2017-11-08-0.u56661	Minutes of the National Assembly of the Republic of Croatia, Term 9, Session 6	2017-11-08	Unicameralism	9. mandat	-	Zasedanje 6	2017-12-15	-	Reference	English	Regular	MP	notMinister	HDZ	Hrvatska demokratska zajednica	Coalition	Centre-right	JandrokovićGordan	Jandroković, Gordan	M	1967	
ParlaMint-HR-en_2017-11-08-0	ParlaMint-HR_2017-11-08-0.u56662	Minutes of the National Assembly of the Republic of Croatia, Term 9, Session 6	2017-11-08	Unicameralism	9. mandat	-	Zasedanje 6	2017-12-15	-	Reference	English	Chairperson	MP	notMinister	HDZ	Hrvatska demokratska zajednica	Coalition	Centre-right	BrkićMilijan	Brkić, Milijan	M	1970	
ParlaMint-HR-en_2017-11-08-0	ParlaMint-HR_2017-11-08-0.u56663	Minutes of the National Assembly of the Republic of Croatia, Term 9, Session 6	2017-11-08	Unicameralism	9. mandat	-	Zasedanje 6	2017-12-15	-	Reference	English	Chairperson	MP	notMinister	HDZ	Hrvatska demokratska zajednica	Coalition	Centre-right	JandrokovićGordan	Jandroković, Gordan	M	1967	
ParlaMint-HR-en_2017-11-08-0	ParlaMint-HR_2017-11-08-0.u56664	Minutes of the National Assembly of the Republic of Croatia, Term 9, Session 6	2017-11-08	Unicameralism	9. mandat	-	Zasedanje 6	2017-12-15	-	Reference	English	Regular	MP	notMinister	GLAS	Građansko-liberalni savez	Opposition	Centre-left	MrakTaritašAnka	Mrak-Taritaš, Anka	F	1959	
ParlaMint-HR-en_2017-11-08-0	ParlaMint-HR_2017-11-08-0.u56665	Minutes of the National Assembly of the Republic of Croatia, Term 9, Session 6	2017-11-08	Unicameralism	9. mandat	-	Zasedanje 6	2017-12-15	-	Reference	English	Chairperson	MP	notMinister	HDZ	Hrvatska demokratska zajednica	Coalition	Centre-right	JandrokovićGordan	Jandroković, Gordan	M	1967	
ParlaMint-HR-en_2017-11-08-0	ParlaMint-HR_2017-11-08-0.u56666	Minutes of the National Assembly of the Republic of Croatia, Term 9, Session 6	2017-11-08	Unicameralism	9. mandat	-	Zasedanje 6	2017-12-15	-	Reference	English	Regular	MP	notMinister	HRAST	Hrvatski rast	Coalition	Right	ZekanovićHrvoje	Zekanović, Hrvoje	M	1974	
ParlaMint-HR-en_2017-11-08-0	ParlaMint-HR_2017-11-08-0.u56667	Minutes of the National Assembly of the Republic of Croatia, Term 9, Session 6	2017-11-08	Unicameralism	9. mandat	-	Zasedanje 6	2017-12-15	-	Reference	English	Chairperson	MP	notMinister	HDZ	Hrvatska demokratska zajednica	Coalition	Centre-right	JandrokovićGordan	Jandroković, Gordan	M	1967	
ParlaMint-HR-en_2017-11-08-0	ParlaMint-HR_2017-11-08-0.u56668	Minutes of the National Assembly of the Republic of Croatia, Term 9, Session 6	2017-11-08	Unicameralism	9. mandat	-	Zasedanje 6	2017-12-15	-	Reference	English	Regular	MP	notMinister	GLAS	Građansko-liberalni savez	Opposition	Centre-left	MrakTaritašAnka	Mrak-Taritaš, Anka	F	1959	
ParlaMint-HR-en_2017-11-08-0	ParlaMint-HR_2017-11-08-0.u56669	Minutes of the National Assembly of the Republic of Croatia, Term 9, Session 6	2017-11-08	Unicameralism	9. mandat	-	Zasedanje 6	2017-12-15	-	Reference	English	Chairperson	MP	notMinister	HDZ	Hrvatska demokratska zajednica	Coalition	Centre-right	JandrokovićGordan	Jandroković, Gordan	M	1967	
ParlaMint-HR-en_2017-11-08-0	ParlaMint-HR_2017-11-08-0.u56670	Minutes of the National Assembly of the Republic of Croatia, Term 9, Session 6	2017-11-08	Unicameralism	9. mandat	-	Zasedanje 6	2017-12-15	-	Reference	English	Regular	MP	notMinister	nezavisni	nezavisni	-	-	VučetićMarko	Vučetić, Marko	M	1977	
ParlaMint-HR-en_2017-11-08-0	ParlaMint-HR_2017-11-08-0.u56671	Minutes of the National Assembly of the Republic of Croatia, Term 9, Session 6	2017-11-08	Unicameralism	9. mandat	-	Zasedanje 6	2017-12-15	-	Reference	English	Chairperson	MP	notMinister	HDZ	Hrvatska demokratska zajednica	Coalition	Centre-right	JandrokovićGordan	Jandroković, Gordan	M	1967	
ParlaMint-HR-en_2017-11-08-0	ParlaMint-HR_2017-11-08-0.u56672	Minutes of the National Assembly of the Republic of Croatia, Term 9, Session 6	2017-11-08	Unicameralism	9. mandat	-	Zasedanje 6	2017-12-15	-	Reference	English	Regular	MP	notMinister	GLAS	Građansko-liberalni savez	Opposition	Centre-left	MrakTaritašAnka	Mrak-Taritaš, Anka	F	1959	
ParlaMint-HR-en_2017-11-08-0	ParlaMint-HR_2017-11-08-0.u56673	Minutes of the National Assembly of the Republic of Croatia, Term 9, Session 6	2017-11-08	Unicameralism	9. mandat	-	Zasedanje 6	2017-12-15	-	Reference	English	Chairperson	MP	notMinister	HDZ	Hrvatska demokratska zajednica	Coalition	Centre-right	JandrokovićGordan	Jandroković, Gordan	M	1967	
ParlaMint-HR-en_2017-11-08-0	ParlaMint-HR_2017-11-08-0.u56674	Minutes of the National Assembly of the Republic of Croatia, Term 9, Session 6	2017-11-08	Unicameralism	9. mandat	-	Zasedanje 6	2017-12-15	-	Reference	English	Regular	MP	notMinister	SDP	Socijaldemokratska partija Hrvatske	Coalition	Centre-left	GlavaševićBojan	Glavašević, Bojan	M	1984	
ParlaMint-HR-en_2017-11-08-0	ParlaMint-HR_2017-11-08-0.u56675	Minutes of the National Assembly of the Republic of Croatia, Term 9, Session 6	2017-11-08	Unicameralism	9. mandat	-	Zasedanje 6	2017-12-15	-	Reference	English	Chairperson	MP	notMinister	HDZ	Hrvatska demokratska zajednica	Coalition	Centre-right	JandrokovićGordan	Jandroković, Gordan	M	1967	
ParlaMint-HR-en_2017-11-08-0	ParlaMint-HR_2017-11-08-0.u56676	Minutes of the National Assembly of the Republic of Croatia, Term 9, Session 6	2017-11-08	Unicameralism	9. mandat	-	Zasedanje 6	2017-12-15	-	Reference	English	Regular	MP	notMinister	GLAS	Građansko-liberalni savez	Opposition	Centre-left	MrakTaritašAnka	Mrak-Taritaš, Anka	F	1959	
ParlaMint-HR-en_2017-11-08-0	ParlaMint-HR_2017-11-08-0.u56677	Minutes of the National Assembly of the Republic of Croatia, Term 9, Session 6	2017-11-08	Unicameralism	9. mandat	-	Zasedanje 6	2017-12-15	-	Reference	English	Chairperson	MP	notMinister	HDZ	Hrvatska demokratska zajednica	Coalition	Centre-right	JandrokovićGordan	Jandroković, Gordan	M	1967	
ParlaMint-HR-en_2017-11-08-0	ParlaMint-HR_2017-11-08-0.u56678	Minutes of the National Assembly of the Republic of Croatia, Term 9, Session 6	2017-11-08	Unicameralism	9. mandat	-	Zasedanje 6	2017-12-15	-	Reference	English	Regular	MP	notMinister	HDZ	Hrvatska demokratska zajednica	Coalition	Centre-right	JelkovacMarija	Jelkovac, Marija	F	1971	
ParlaMint-HR-en_2017-11-08-0	ParlaMint-HR_2017-11-08-0.u56679	Minutes of the National Assembly of the Republic of Croatia, Term 9, Session 6	2017-11-08	Unicameralism	9. mandat	-	Zasedanje 6	2017-12-15	-	Reference	English	Chairperson	MP	notMinister	HDZ	Hrvatska demokratska zajednica	Coalition	Centre-right	JandrokovićGordan	Jandroković, Gordan	M	1967	
ParlaMint-HR-en_2017-11-08-0	ParlaMint-HR_2017-11-08-0.u56680	Minutes of the National Assembly of the Republic of Croatia, Term 9, Session 6	2017-11-08	Unicameralism	9. mandat	-	Zasedanje 6	2017-12-15	-	Reference	English	Regular	MP	notMinister	GLAS	Građansko-liberalni savez	Opposition	Centre-left	MrakTaritašAnka	Mrak-Taritaš, Anka	F	1959	
ParlaMint-HR-en_2017-11-08-0	ParlaMint-HR_2017-11-08-0.u56681	Minutes of the National Assembly of the Republic of Croatia, Term 9, Session 6	2017-11-08	Unicameralism	9. mandat	-	Zasedanje 6	2017-12-15	-	Reference	English	Chairperson	MP	notMinister	HDZ	Hrvatska demokratska zajednica	Coalition	Centre-right	JandrokovićGordan	Jandroković, Gordan	M	1967	
ParlaMint-HR-en_2017-11-08-0	ParlaMint-HR_2017-11-08-0.u56682	Minutes of the National Assembly of the Republic of Croatia, Term 9, Session 6	2017-11-08	Unicameralism	9. mandat	-	Zasedanje 6	2017-12-15	-	Reference	English	Regular	MP	notMinister	HDZ	Hrvatska demokratska zajednica	Coalition	Centre-right	SokolTomislav	Sokol, Tomislav	M	1982	
ParlaMint-HR-en_2017-11-08-0	ParlaMint-HR_2017-11-08-0.u56683	Minutes of the National Assembly of the Republic of Croatia, Term 9, Session 6	2017-11-08	Unicameralism	9. mandat	-	Zasedanje 6	2017-12-15	-	Reference	English	Chairperson	MP	notMinister	HDZ	Hrvatska demokratska zajednica	Coalition	Centre-right	JandrokovićGordan	Jandroković, Gordan	M	1967	
ParlaMint-HR-en_2017-11-08-0	ParlaMint-HR_2017-11-08-0.u56684	Minutes of the National Assembly of the Republic of Croatia, Term 9, Session 6	2017-11-08	Unicameralism	9. mandat	-	Zasedanje 6	2017-12-15	-	Reference	English	Regular	MP	notMinister	GLAS	Građansko-liberalni savez	Opposition	Centre-left	MrakTaritašAnka	Mrak-Taritaš, Anka	F	1959	
ParlaMint-HR-en_2017-11-08-0	ParlaMint-HR_2017-11-08-0.u56685	Minutes of the National Assembly of the Republic of Croatia, Term 9, Session 6	2017-11-08	Unicameralism	9. mandat	-	Zasedanje 6	2017-12-15	-	Reference	English	Chairperson	MP	notMinister	HDZ	Hrvatska demokratska zajednica	Coalition	Centre-right	JandrokovićGordan	Jandroković, Gordan	M	1967	
ParlaMint-HR-en_2017-11-08-0	ParlaMint-HR_2017-11-08-0.u56686	Minutes of the National Assembly of the Republic of Croatia, Term 9, Session 6	2017-11-08	Unicameralism	9. mandat	-	Zasedanje 6	2017-12-15	-	Reference	English	Regular	MP	notMinister	HDZ	Hrvatska demokratska zajednica	Coalition	Centre-right	TuđmanMiroslav	Tuđman, Miroslav	M	1946	
ParlaMint-HR-en_2017-11-08-0	ParlaMint-HR_2017-11-08-0.u56687	Minutes of the National Assembly of the Republic of Croatia, Term 9, Session 6	2017-11-08	Unicameralism	9. mandat	-	Zasedanje 6	2017-12-15	-	Reference	English	Chairperson	MP	notMinister	HDZ	Hrvatska demokratska zajednica	Coalition	Centre-right	JandrokovićGordan	Jandroković, Gordan	M	1967	
ParlaMint-HR-en_2017-11-08-0	ParlaMint-HR_2017-11-08-0.u56688	Minutes of the National Assembly of the Republic of Croatia, Term 9, Session 6	2017-11-08	Unicameralism	9. mandat	-	Zasedanje 6	2017-12-15	-	Reference	English	Regular	MP	notMinister	GLAS	Građansko-liberalni savez	Opposition	Centre-left	MrakTaritašAnka	Mrak-Taritaš, Anka	F	1959	
ParlaMint-HR-en_2017-11-08-0	ParlaMint-HR_2017-11-08-0.u56689	Minutes of the National Assembly of the Republic of Croatia, Term 9, Session 6	2017-11-08	Unicameralism	9. mandat	-	Zasedanje 6	2017-12-15	-	Reference	English	Chairperson	MP	notMinister	HDZ	Hrvatska demokratska zajednica	Coalition	Centre-right	JandrokovićGordan	Jandroković, Gordan	M	1967	
ParlaMint-HR-en_2017-11-08-0	ParlaMint-HR_2017-11-08-0.u56690	Minutes of the National Assembly of the Republic of Croatia, Term 9, Session 6	2017-11-08	Unicameralism	9. mandat	-	Zasedanje 6	2017-12-15	-	Reference	English	Regular	MP	notMinister	SDP	Socijaldemokratska partija Hrvatske	Coalition	Centre-left	JovanovićŽeljko	Jovanović, Željko	M	1965	
ParlaMint-HR-en_2017-11-08-0	ParlaMint-HR_2017-11-08-0.u56691	Minutes of the National Assembly of the Republic of Croatia, Term 9, Session 6	2017-11-08	Unicameralism	9. mandat	-	Zasedanje 6	2017-12-15	-	Reference	English	Chairperson	MP	notMinister	HDZ	Hrvatska demokratska zajednica	Coalition	Centre-right	JandrokovićGordan	Jandroković, Gordan	M	1967	
ParlaMint-HR-en_2017-11-08-0	ParlaMint-HR_2017-11-08-0.u56692	Minutes of the National Assembly of the Republic of Croatia, Term 9, Session 6	2017-11-08	Unicameralism	9. mandat	-	Zasedanje 6	2017-12-15	-	Reference	English	Regular	MP	notMinister	HRAST	Hrvatski rast	Coalition	Right	ZekanovićHrvoje	Zekanović, Hrvoje	M	1974	
ParlaMint-HR-en_2017-11-08-0	ParlaMint-HR_2017-11-08-0.u56693	Minutes of the National Assembly of the Republic of Croatia, Term 9, Session 6	2017-11-08	Unicameralism	9. mandat	-	Zasedanje 6	2017-12-15	-	Reference	English	Chairperson	MP	notMinister	HDZ	Hrvatska demokratska zajednica	Coalition	Centre-right	JandrokovićGordan	Jandroković, Gordan	M	1967	
ParlaMint-HR-en_2017-11-08-0	ParlaMint-HR_2017-11-08-0.u56694	Minutes of the National Assembly of the Republic of Croatia, Term 9, Session 6	2017-11-08	Unicameralism	9. mandat	-	Zasedanje 6	2017-12-15	-	Reference	English	Regular	MP	notMinister	SDP	Socijaldemokratska partija Hrvatske	Coalition	Centre-left	JovanovićŽeljko	Jovanović, Željko	M	1965	
ParlaMint-HR-en_2017-11-08-0	ParlaMint-HR_2017-11-08-0.u56695	Minutes of the National Assembly of the Republic of Croatia, Term 9, Session 6	2017-11-08	Unicameralism	9. mandat	-	Zasedanje 6	2017-12-15	-	Reference	English	Chairperson	MP	notMinister	HDZ	Hrvatska demokratska zajednica	Coalition	Centre-right	JandrokovićGordan	Jandroković, Gordan	M	1967	
ParlaMint-HR-en_2017-11-08-0	ParlaMint-HR_2017-11-08-0.u56696	Minutes of the National Assembly of the Republic of Croatia, Term 9, Session 6	2017-11-08	Unicameralism	9. mandat	-	Zasedanje 6	2017-12-15	-	Reference	English	Regular	MP	notMinister	HDZ	Hrvatska demokratska zajednica	Coalition	Centre-right	BabićAnte	Babić, Ante	M	1966	
ParlaMint-HR-en_2017-11-08-0	ParlaMint-HR_2017-11-08-0.u56697	Minutes of the National Assembly of the Republic of Croatia, Term 9, Session 6	2017-11-08	Unicameralism	9. mandat	-	Zasedanje 6	2017-12-15	-	Reference	English	Chairperson	MP	notMinister	HDZ	Hrvatska demokratska zajednica	Coalition	Centre-right	JandrokovićGordan	Jandroković, Gordan	M	1967	
ParlaMint-HR-en_2017-11-08-0	ParlaMint-HR_2017-11-08-0.u56698	Minutes of the National Assembly of the Republic of Croatia, Term 9, Session 6	2017-11-08	Unicameralism	9. mandat	-	Zasedanje 6	2017-12-15	-	Reference	English	Regular	MP	notMinister	GLAS	Građansko-liberalni savez	Opposition	Centre-left	MrakTaritašAnka	Mrak-Taritaš, Anka	F	1959	
ParlaMint-HR-en_2017-11-08-0	ParlaMint-HR_2017-11-08-0.u56699	Minutes of the National Assembly of the Republic of Croatia, Term 9, Session 6	2017-11-08	Unicameralism	9. mandat	-	Zasedanje 6	2017-12-15	-	Reference	English	Chairperson	MP	notMinister	HDZ	Hrvatska demokratska zajednica	Coalition	Centre-right	JandrokovićGordan	Jandroković, Gordan	M	1967	
ParlaMint-HR-en_2017-11-08-0	ParlaMint-HR_2017-11-08-0.u56700	Minutes of the National Assembly of the Republic of Croatia, Term 9, Session 6	2017-11-08	Unicameralism	9. mandat	-	Zasedanje 6	2017-12-15	-	Reference	English	Regular	MP	notMinister	GLAS	Građansko-liberalni savez	Opposition	Centre-left	MrakTaritašAnka	Mrak-Taritaš, Anka	F	1959	
ParlaMint-HR-en_2017-11-08-0	ParlaMint-HR_2017-11-08-0.u56701	Minutes of the National Assembly of the Republic of Croatia, Term 9, Session 6	2017-11-08	Unicameralism	9. mandat	-	Zasedanje 6	2017-12-15	-	Reference	English	Chairperson	MP	notMinister	HDZ	Hrvatska demokratska zajednica	Coalition	Centre-right	JandrokovićGordan	Jandroković, Gordan	M	1967	
ParlaMint-HR-en_2017-11-08-0	ParlaMint-HR_2017-11-08-0.u56702	Minutes of the National Assembly of the Republic of Croatia, Term 9, Session 6	2017-11-08	Unicameralism	9. mandat	-	Zasedanje 6	2017-12-15	-	Reference	English	Regular	MP	notMinister	HDZ	Hrvatska demokratska zajednica	Coalition	Centre-right	BabićAnte	Babić, Ante	M	1966	
ParlaMint-HR-en_2017-11-08-0	ParlaMint-HR_2017-11-08-0.u56703	Minutes of the National Assembly of the Republic of Croatia, Term 9, Session 6	2017-11-08	Unicameralism	9. mandat	-	Zasedanje 6	2017-12-15	-	Reference	English	Chairperson	MP	notMinister	HDZ	Hrvatska demokratska zajednica	Coalition	Centre-right	JandrokovićGordan	Jandroković, Gordan	M	1967	
ParlaMint-HR-en_2017-11-08-0	ParlaMint-HR_2017-11-08-0.u56704	Minutes of the National Assembly of the Republic of Croatia, Term 9, Session 6	2017-11-08	Unicameralism	9. mandat	-	Zasedanje 6	2017-12-15	-	Reference	English	Regular	MP	notMinister	GLAS	Građansko-liberalni savez	Opposition	Centre-left	MrakTaritašAnka	Mrak-Taritaš, Anka	F	1959	
ParlaMint-HR-en_2017-11-08-0	ParlaMint-HR_2017-11-08-0.u56705	Minutes of the National Assembly of the Republic of Croatia, Term 9, Session 6	2017-11-08	Unicameralism	9. mandat	-	Zasedanje 6	2017-12-15	-	Reference	English	Chairperson	MP	notMinister	HDZ	Hrvatska demokratska zajednica	Coalition	Centre-right	JandrokovićGordan	Jandroković, Gordan	M	1967	
ParlaMint-HR-en_2017-11-08-0	ParlaMint-HR_2017-11-08-0.u56706	Minutes of the National Assembly of the Republic of Croatia, Term 9, Session 6	2017-11-08	Unicameralism	9. mandat	-	Zasedanje 6	2017-12-15	-	Reference	English	Regular	MP	notMinister	HDZ	Hrvatska demokratska zajednica	Coalition	Centre-right	StierDavorIvo	Stier, Davor Ivo	M	1972	
ParlaMint-HR-en_2017-11-08-0	ParlaMint-HR_2017-11-08-0.u56707	Minutes of the National Assembly of the Republic of Croatia, Term 9, Session 6	2017-11-08	Unicameralism	9. mandat	-	Zasedanje 6	2017-12-15	-	Reference	English	Chairperson	MP	notMinister	HDZ	Hrvatska demokratska zajednica	Coalition	Centre-right	JandrokovićGordan	Jandroković, Gordan	M	1967	
ParlaMint-HR-en_2017-11-08-0	ParlaMint-HR_2017-11-08-0.u56708	Minutes of the National Assembly of the Republic of Croatia, Term 9, Session 6	2017-11-08	Unicameralism	9. mandat	-	Zasedanje 6	2017-12-15	-	Reference	English	Regular	MP	notMinister	GLAS	Građansko-liberalni savez	Opposition	Centre-left	MrakTaritašAnka	Mrak-Taritaš, Anka	F	1959	
ParlaMint-HR-en_2017-11-08-0	ParlaMint-HR_2017-11-08-0.u56709	Minutes of the National Assembly of the Republic of Croatia, Term 9, Session 6	2017-11-08	Unicameralism	9. mandat	-	Zasedanje 6	2017-12-15	-	Reference	English	Chairperson	MP	notMinister	HDZ	Hrvatska demokratska zajednica	Coalition	Centre-right	JandrokovićGordan	Jandroković, Gordan	M	1967	
ParlaMint-HR-en_2017-11-08-0	ParlaMint-HR_2017-11-08-0.u56710	Minutes of the National Assembly of the Republic of Croatia, Term 9, Session 6	2017-11-08	Unicameralism	9. mandat	-	Zasedanje 6	2017-12-15	-	Reference	English	Regular	MP	notMinister	nezavisni	nezavisni	-	-	ŽagarTomislav	Žagar, Tomislav	M	1969	
ParlaMint-HR-en_2017-11-08-0	ParlaMint-HR_2017-11-08-0.u56711	Minutes of the National Assembly of the Republic of Croatia, Term 9, Session 6	2017-11-08	Unicameralism	9. mandat	-	Zasedanje 6	2017-12-15	-	Reference	English	Chairperson	MP	notMinister	HDZ	Hrvatska demokratska zajednica	Coalition	Centre-right	JandrokovićGordan	Jandroković, Gordan	M	1967	
ParlaMint-HR-en_2017-11-08-0	ParlaMint-HR_2017-11-08-0.u56712	Minutes of the National Assembly of the Republic of Croatia, Term 9, Session 6	2017-11-08	Unicameralism	9. mandat	-	Zasedanje 6	2017-12-15	-	Reference	English	Regular	MP	notMinister	GLAS	Građansko-liberalni savez	Opposition	Centre-left	MrakTaritašAnka	Mrak-Taritaš, Anka	F	1959	
ParlaMint-HR-en_2017-11-08-0	ParlaMint-HR_2017-11-08-0.u56713	Minutes of the National Assembly of the Republic of Croatia, Term 9, Session 6	2017-11-08	Unicameralism	9. mandat	-	Zasedanje 6	2017-12-15	-	Reference	English	Chairperson	MP	notMinister	HDZ	Hrvatska demokratska zajednica	Coalition	Centre-right	JandrokovićGordan	Jandroković, Gordan	M	1967	
ParlaMint-HR-en_2017-11-08-0	ParlaMint-HR_2017-11-08-0.u56714	Minutes of the National Assembly of the Republic of Croatia, Term 9, Session 6	2017-11-08	Unicameralism	9. mandat	-	Zasedanje 6	2017-12-15	-	Reference	English	Regular	MP	notMinister	SDP	Socijaldemokratska partija Hrvatske	Coalition	Centre-left	GlasovacSabina	Glasovac, Sabina	F	1978	
ParlaMint-HR-en_2017-11-08-0	ParlaMint-HR_2017-11-08-0.u56715	Minutes of the National Assembly of the Republic of Croatia, Term 9, Session 6	2017-11-08	Unicameralism	9. mandat	-	Zasedanje 6	2017-12-15	-	Reference	English	Chairperson	MP	notMinister	HDZ	Hrvatska demokratska zajednica	Coalition	Centre-right	JandrokovićGordan	Jandroković, Gordan	M	1967	
ParlaMint-HR-en_2017-11-08-0	ParlaMint-HR_2017-11-08-0.u56716	Minutes of the National Assembly of the Republic of Croatia, Term 9, Session 6	2017-11-08	Unicameralism	9. mandat	-	Zasedanje 6	2017-12-15	-	Reference	English	Regular	MP	notMinister	SDP	Socijaldemokratska partija Hrvatske	Coalition	Centre-left	GlasovacSabina	Glasovac, Sabina	F	1978	
ParlaMint-HR-en_2017-11-08-0	ParlaMint-HR_2017-11-08-0.u56717	Minutes of the National Assembly of the Republic of Croatia, Term 9, Session 6	2017-11-08	Unicameralism	9. mandat	-	Zasedanje 6	2017-12-15	-	Reference	English	Chairperson	MP	notMinister	HDZ	Hrvatska demokratska zajednica	Coalition	Centre-right	JandrokovićGordan	Jandroković, Gordan	M	1967	
ParlaMint-HR-en_2017-11-08-0	ParlaMint-HR_2017-11-08-0.u56718	Minutes of the National Assembly of the Republic of Croatia, Term 9, Session 6	2017-11-08	Unicameralism	9. mandat	-	Zasedanje 6	2017-12-15	-	Reference	English	Regular	MP	notMinister	GLAS	Građansko-liberalni savez	Opposition	Centre-left	MrakTaritašAnka	Mrak-Taritaš, Anka	F	1959	
ParlaMint-HR-en_2017-11-08-0	ParlaMint-HR_2017-11-08-0.u56719	Minutes of the National Assembly of the Republic of Croatia, Term 9, Session 6	2017-11-08	Unicameralism	9. mandat	-	Zasedanje 6	2017-12-15	-	Reference	English	Chairperson	MP	notMinister	HDZ	Hrvatska demokratska zajednica	Coalition	Centre-right	JandrokovićGordan	Jandroković, Gordan	M	1967	
ParlaMint-HR-en_2017-11-08-0	ParlaMint-HR_2017-11-08-0.u56720	Minutes of the National Assembly of the Republic of Croatia, Term 9, Session 6	2017-11-08	Unicameralism	9. mandat	-	Zasedanje 6	2017-12-15	-	Reference	English	Regular	MP	notMinister	HDZ	Hrvatska demokratska zajednica	Coalition	Centre-right	PetrijevčaninVuksanovićIrena	Petrijevčanin Vuksanović, Irena	F	1978	
ParlaMint-HR-en_2017-11-08-0	ParlaMint-HR_2017-11-08-0.u56721	Minutes of the National Assembly of the Republic of Croatia, Term 9, Session 6	2017-11-08	Unicameralism	9. mandat	-	Zasedanje 6	2017-12-15	-	Reference	English	Chairperson	MP	notMinister	HDZ	Hrvatska demokratska zajednica	Coalition	Centre-right	BrkićMilijan	Brkić, Milijan	M	1970	
ParlaMint-HR-en_2017-11-08-0	ParlaMint-HR_2017-11-08-0.u56722	Minutes of the National Assembly of the Republic of Croatia, Term 9, Session 6	2017-11-08	Unicameralism	9. mandat	-	Zasedanje 6	2017-12-15	-	Reference	English	Regular	MP	notMinister	GLAS	Građansko-liberalni savez	Opposition	Centre-left	MrakTaritašAnka	Mrak-Taritaš, Anka	F	1959	
ParlaMint-HR-en_2017-11-08-0	ParlaMint-HR_2017-11-08-0.u56723	Minutes of the National Assembly of the Republic of Croatia, Term 9, Session 6	2017-11-08	Unicameralism	9. mandat	-	Zasedanje 6	2017-12-15	-	Reference	English	Chairperson	MP	notMinister	HDZ	Hrvatska demokratska zajednica	Coalition	Centre-right	BrkićMilijan	Brkić, Milijan	M	1970	
ParlaMint-HR-en_2017-11-08-0	ParlaMint-HR_2017-11-08-0.u56724	Minutes of the National Assembly of the Republic of Croatia, Term 9, Session 6	2017-11-08	Unicameralism	9. mandat	-	Zasedanje 6	2017-12-15	-	Reference	English	Regular	MP	notMinister	HDZ	Hrvatska demokratska zajednica	Coalition	Centre-right	LukačićLjubica	Lukačić, Ljubica	F	1966	
ParlaMint-HR-en_2017-11-08-0	ParlaMint-HR_2017-11-08-0.u56725	Minutes of the National Assembly of the Republic of Croatia, Term 9, Session 6	2017-11-08	Unicameralism	9. mandat	-	Zasedanje 6	2017-12-15	-	Reference	English	Chairperson	MP	notMinister	HDZ	Hrvatska demokratska zajednica	Coalition	Centre-right	BrkićMilijan	Brkić, Milijan	M	1970	
ParlaMint-HR-en_2017-11-08-0	ParlaMint-HR_2017-11-08-0.u56726	Minutes of the National Assembly of the Republic of Croatia, Term 9, Session 6	2017-11-08	Unicameralism	9. mandat	-	Zasedanje 6	2017-12-15	-	Reference	English	Regular	MP	notMinister	GLAS	Građansko-liberalni savez	Opposition	Centre-left	MrakTaritašAnka	Mrak-Taritaš, Anka	F	1959	
ParlaMint-HR-en_2017-11-08-0	ParlaMint-HR_2017-11-08-0.u56727	Minutes of the National Assembly of the Republic of Croatia, Term 9, Session 6	2017-11-08	Unicameralism	9. mandat	-	Zasedanje 6	2017-12-15	-	Reference	English	Chairperson	MP	notMinister	HDZ	Hrvatska demokratska zajednica	Coalition	Centre-right	BrkićMilijan	Brkić, Milijan	M	1970	
ParlaMint-HR-en_2017-11-08-0	ParlaMint-HR_2017-11-08-0.u56728	Minutes of the National Assembly of the Republic of Croatia, Term 9, Session 6	2017-11-08	Unicameralism	9. mandat	-	Zasedanje 6	2017-12-15	-	Reference	English	Regular	MP	notMinister	HDZ	Hrvatska demokratska zajednica	Coalition	Centre-right	ĐakićJosip	Đakić, Josip	M	1960	
ParlaMint-HR-en_2017-11-08-0	ParlaMint-HR_2017-11-08-0.u56729	Minutes of the National Assembly of the Republic of Croatia, Term 9, Session 6	2017-11-08	Unicameralism	9. mandat	-	Zasedanje 6	2017-12-15	-	Reference	English	Chairperson	MP	notMinister	HDZ	Hrvatska demokratska zajednica	Coalition	Centre-right	BrkićMilijan	Brkić, Milijan	M	1970	
ParlaMint-HR-en_2017-11-08-0	ParlaMint-HR_2017-11-08-0.u56730	Minutes of the National Assembly of the Republic of Croatia, Term 9, Session 6	2017-11-08	Unicameralism	9. mandat	-	Zasedanje 6	2017-12-15	-	Reference	English	Regular	MP	notMinister	GLAS	Građansko-liberalni savez	Opposition	Centre-left	MrakTaritašAnka	Mrak-Taritaš, Anka	F	1959	
ParlaMint-HR-en_2017-11-08-0	ParlaMint-HR_2017-11-08-0.u56731	Minutes of the National Assembly of the Republic of Croatia, Term 9, Session 6	2017-11-08	Unicameralism	9. mandat	-	Zasedanje 6	2017-12-15	-	Reference	English	Chairperson	MP	notMinister	HDZ	Hrvatska demokratska zajednica	Coalition	Centre-right	BrkićMilijan	Brkić, Milijan	M	1970	
ParlaMint-HR-en_2017-11-08-0	ParlaMint-HR_2017-11-08-0.u56732	Minutes of the National Assembly of the Republic of Croatia, Term 9, Session 6	2017-11-08	Unicameralism	9. mandat	-	Zasedanje 6	2017-12-15	-	Reference	English	Regular	MP	notMinister	SDP	Socijaldemokratska partija Hrvatske	Coalition	Centre-left	BaukArsen	Bauk, Arsen	M	1973	
ParlaMint-HR-en_2017-11-08-0	ParlaMint-HR_2017-11-08-0.u56733	Minutes of the National Assembly of the Republic of Croatia, Term 9, Session 6	2017-11-08	Unicameralism	9. mandat	-	Zasedanje 6	2017-12-15	-	Reference	English	Chairperson	MP	notMinister	HDZ	Hrvatska demokratska zajednica	Coalition	Centre-right	BrkićMilijan	Brkić, Milijan	M	1970	
ParlaMint-HR-en_2017-11-08-0	ParlaMint-HR_2017-11-08-0.u56734	Minutes of the National Assembly of the Republic of Croatia, Term 9, Session 6	2017-11-08	Unicameralism	9. mandat	-	Zasedanje 6	2017-12-15	-	Reference	English	Regular	MP	notMinister	HDZ	Hrvatska demokratska zajednica	Coalition	Centre-right	PerićGrozdana	Perić, Grozdana	F	1961	
ParlaMint-HR-en_2017-11-08-0	ParlaMint-HR_2017-11-08-0.u56735	Minutes of the National Assembly of the Republic of Croatia, Term 9, Session 6	2017-11-08	Unicameralism	9. mandat	-	Zasedanje 6	2017-12-15	-	Reference	English	Chairperson	MP	notMinister	HDZ	Hrvatska demokratska zajednica	Coalition	Centre-right	BrkićMilijan	Brkić, Milijan	M	1970	
ParlaMint-HR-en_2017-11-08-0	ParlaMint-HR_2017-11-08-0.u56736	Minutes of the National Assembly of the Republic of Croatia, Term 9, Session 6	2017-11-08	Unicameralism	9. mandat	-	Zasedanje 6	2017-12-15	-	Reference	English	Regular	MP	notMinister	GLAS	Građansko-liberalni savez	Opposition	Centre-left	MrakTaritašAnka	Mrak-Taritaš, Anka	F	1959	
ParlaMint-HR-en_2017-11-08-0	ParlaMint-HR_2017-11-08-0.u56737	Minutes of the National Assembly of the Republic of Croatia, Term 9, Session 6	2017-11-08	Unicameralism	9. mandat	-	Zasedanje 6	2017-12-15	-	Reference	English	Chairperson	MP	notMinister	HDZ	Hrvatska demokratska zajednica	Coalition	Centre-right	BrkićMilijan	Brkić, Milijan	M	1970	
ParlaMint-HR-en_2017-11-08-0	ParlaMint-HR_2017-11-08-0.u56738	Minutes of the National Assembly of the Republic of Croatia, Term 9, Session 6	2017-11-08	Unicameralism	9. mandat	-	Zasedanje 6	2017-12-15	-	Reference	English	Regular	MP	notMinister	HDZ	Hrvatska demokratska zajednica	Coalition	Centre-right	BorićJosip	Borić, Josip	M	1972	
ParlaMint-HR-en_2017-11-08-0	ParlaMint-HR_2017-11-08-0.u56739	Minutes of the National Assembly of the Republic of Croatia, Term 9, Session 6	2017-11-08	Unicameralism	9. mandat	-	Zasedanje 6	2017-12-15	-	Reference	English	Chairperson	MP	notMinister	HDZ	Hrvatska demokratska zajednica	Coalition	Centre-right	BrkićMilijan	Brkić, Milijan	M	1970	
ParlaMint-HR-en_2017-11-08-0	ParlaMint-HR_2017-11-08-0.u56740	Minutes of the National Assembly of the Republic of Croatia, Term 9, Session 6	2017-11-08	Unicameralism	9. mandat	-	Zasedanje 6	2017-12-15	-	Reference	English	Regular	MP	notMinister	GLAS	Građansko-liberalni savez	Opposition	Centre-left	MrakTaritašAnka	Mrak-Taritaš, Anka	F	1959	
ParlaMint-HR-en_2017-11-08-0	ParlaMint-HR_2017-11-08-0.u56741	Minutes of the National Assembly of the Republic of Croatia, Term 9, Session 6	2017-11-08	Unicameralism	9. mandat	-	Zasedanje 6	2017-12-15	-	Reference	English	Chairperson	MP	notMinister	HDZ	Hrvatska demokratska zajednica	Coalition	Centre-right	BrkićMilijan	Brkić, Milijan	M	1970	
ParlaMint-HR-en_2017-11-08-0	ParlaMint-HR_2017-11-08-0.u56742	Minutes of the National Assembly of the Republic of Croatia, Term 9, Session 6	2017-11-08	Unicameralism	9. mandat	-	Zasedanje 6	2017-12-15	-	Reference	English	Regular	MP	notMinister	HDZ	Hrvatska demokratska zajednica	Coalition	Centre-right	PuticaSanja	Putica, Sanja	F	1979	
ParlaMint-HR-en_2017-11-08-0	ParlaMint-HR_2017-11-08-0.u56743	Minutes of the National Assembly of the Republic of Croatia, Term 9, Session 6	2017-11-08	Unicameralism	9. mandat	-	Zasedanje 6	2017-12-15	-	Reference	English	Chairperson	MP	notMinister	HDZ	Hrvatska demokratska zajednica	Coalition	Centre-right	BrkićMilijan	Brkić, Milijan	M	1970	
ParlaMint-HR-en_2017-11-08-0	ParlaMint-HR_2017-11-08-0.u56744	Minutes of the National Assembly of the Republic of Croatia, Term 9, Session 6	2017-11-08	Unicameralism	9. mandat	-	Zasedanje 6	2017-12-15	-	Reference	English	Regular	MP	notMinister	GLAS	Građansko-liberalni savez	Opposition	Centre-left	MrakTaritašAnka	Mrak-Taritaš, Anka	F	1959	
ParlaMint-HR-en_2017-11-08-0	ParlaMint-HR_2017-11-08-0.u56745	Minutes of the National Assembly of the Republic of Croatia, Term 9, Session 6	2017-11-08	Unicameralism	9. mandat	-	Zasedanje 6	2017-12-15	-	Reference	English	Chairperson	MP	notMinister	HDZ	Hrvatska demokratska zajednica	Coalition	Centre-right	BrkićMilijan	Brkić, Milijan	M	1970	
ParlaMint-HR-en_2017-11-08-0	ParlaMint-HR_2017-11-08-0.u56746	Minutes of the National Assembly of the Republic of Croatia, Term 9, Session 6	2017-11-08	Unicameralism	9. mandat	-	Zasedanje 6	2017-12-15	-	Reference	English	Regular	MP	notMinister	HDZ	Hrvatska demokratska zajednica	Coalition	Centre-right	KlarićTomislav	Klarić, Tomislav	M	1964	
ParlaMint-HR-en_2017-11-08-0	ParlaMint-HR_2017-11-08-0.u56747	Minutes of the National Assembly of the Republic of Croatia, Term 9, Session 6	2017-11-08	Unicameralism	9. mandat	-	Zasedanje 6	2017-12-15	-	Reference	English	Chairperson	MP	notMinister	HDZ	Hrvatska demokratska zajednica	Coalition	Centre-right	BrkićMilijan	Brkić, Milijan	M	1970	
ParlaMint-HR-en_2017-11-08-0	ParlaMint-HR_2017-11-08-0.u56748	Minutes of the National Assembly of the Republic of Croatia, Term 9, Session 6	2017-11-08	Unicameralism	9. mandat	-	Zasedanje 6	2017-12-15	-	Reference	English	Regular	MP	notMinister	GLAS	Građansko-liberalni savez	Opposition	Centre-left	MrakTaritašAnka	Mrak-Taritaš, Anka	F	1959	
ParlaMint-HR-en_2017-11-08-0	ParlaMint-HR_2017-11-08-0.u56749	Minutes of the National Assembly of the Republic of Croatia, Term 9, Session 6	2017-11-08	Unicameralism	9. mandat	-	Zasedanje 6	2017-12-15	-	Reference	English	Chairperson	MP	notMinister	HDZ	Hrvatska demokratska zajednica	Coalition	Centre-right	BrkićMilijan	Brkić, Milijan	M	1970	
ParlaMint-HR-en_2017-11-08-0	ParlaMint-HR_2017-11-08-0.u56750	Minutes of the National Assembly of the Republic of Croatia, Term 9, Session 6	2017-11-08	Unicameralism	9. mandat	-	Zasedanje 6	2017-12-15	-	Reference	English	Regular	MP	notMinister	HDZ	Hrvatska demokratska zajednica	Coalition	Centre-right	PlenkovićAndrej	Plenković, Andrej	M	1970	
ParlaMint-HR-en_2017-11-08-0	ParlaMint-HR_2017-11-08-0.u56751	Minutes of the National Assembly of the Republic of Croatia, Term 9, Session 6	2017-11-08	Unicameralism	9. mandat	-	Zasedanje 6	2017-12-15	-	Reference	English	Chairperson	MP	notMinister	HDZ	Hrvatska demokratska zajednica	Coalition	Centre-right	BrkićMilijan	Brkić, Milijan	M	1970	
ParlaMint-HR-en_2017-11-08-0	ParlaMint-HR_2017-11-08-0.u56752	Minutes of the National Assembly of the Republic of Croatia, Term 9, Session 6	2017-11-08	Unicameralism	9. mandat	-	Zasedanje 6	2017-12-15	-	Reference	English	Regular	notMP	Minister	-	-	-	-	MurganićNada	Murganić, Nada	F	1958	
ParlaMint-HR-en_2017-11-08-0	ParlaMint-HR_2017-11-08-0.u56753	Minutes of the National Assembly of the Republic of Croatia, Term 9, Session 6	2017-11-08	Unicameralism	9. mandat	-	Zasedanje 6	2017-12-15	-	Reference	English	Chairperson	MP	notMinister	HDZ	Hrvatska demokratska zajednica	Coalition	Centre-right	BrkićMilijan	Brkić, Milijan	M	1970	
ParlaMint-HR-en_2017-11-08-0	ParlaMint-HR_2017-11-08-0.u56754	Minutes of the National Assembly of the Republic of Croatia, Term 9, Session 6	2017-11-08	Unicameralism	9. mandat	-	Zasedanje 6	2017-12-15	-	Reference	English	Regular	MP	notMinister	Živi zid	Živi zid	Coalition	-	PernarIvan	Pernar, Ivan	M	1985	
ParlaMint-HR-en_2017-11-08-0	ParlaMint-HR_2017-11-08-0.u56755	Minutes of the National Assembly of the Republic of Croatia, Term 9, Session 6	2017-11-08	Unicameralism	9. mandat	-	Zasedanje 6	2017-12-15	-	Reference	English	Chairperson	MP	notMinister	HDZ	Hrvatska demokratska zajednica	Coalition	Centre-right	BrkićMilijan	Brkić, Milijan	M	1970	
ParlaMint-HR-en_2017-11-08-0	ParlaMint-HR_2017-11-08-0.u56756	Minutes of the National Assembly of the Republic of Croatia, Term 9, Session 6	2017-11-08	Unicameralism	9. mandat	-	Zasedanje 6	2017-12-15	-	Reference	English	Regular	MP	notMinister	IDS	Istarski demokratski sabor	Coalition	Centre to centre-left	SponzaGiovanni	Sponza, Giovanni	M	1963	
ParlaMint-HR-en_2017-11-08-0	ParlaMint-HR_2017-11-08-0.u56757	Minutes of the National Assembly of the Republic of Croatia, Term 9, Session 6	2017-11-08	Unicameralism	9. mandat	-	Zasedanje 6	2017-12-15	-	Reference	English	Chairperson	MP	notMinister	HDZ	Hrvatska demokratska zajednica	Coalition	Centre-right	BrkićMilijan	Brkić, Milijan	M	1970	
ParlaMint-HR-en_2017-11-08-0	ParlaMint-HR_2017-11-08-0.u56758	Minutes of the National Assembly of the Republic of Croatia, Term 9, Session 6	2017-11-08	Unicameralism	9. mandat	-	Zasedanje 6	2017-12-15	-	Reference	English	Regular	MP	notMinister	SDP	Socijaldemokratska partija Hrvatske	Coalition	Centre-left	GlasovacSabina	Glasovac, Sabina	F	1978	
ParlaMint-HR-en_2017-11-08-0	ParlaMint-HR_2017-11-08-0.u56759	Minutes of the National Assembly of the Republic of Croatia, Term 9, Session 6	2017-11-08	Unicameralism	9. mandat	-	Zasedanje 6	2017-12-15	-	Reference	English	Chairperson	MP	notMinister	HDZ	Hrvatska demokratska zajednica	Coalition	Centre-right	BrkićMilijan	Brkić, Milijan	M	1970	
ParlaMint-HR-en_2017-11-08-0	ParlaMint-HR_2017-11-08-0.u56760	Minutes of the National Assembly of the Republic of Croatia, Term 9, Session 6	2017-11-08	Unicameralism	9. mandat	-	Zasedanje 6	2017-12-15	-	Reference	English	Regular	MP	notMinister	GLAS	Građansko-liberalni savez	Opposition	Centre-left	BeusRichemberghGoran	Beus Richembergh, Goran	M	1965	
ParlaMint-HR-en_2017-11-08-0	ParlaMint-HR_2017-11-08-0.u56761	Minutes of the National Assembly of the Republic of Croatia, Term 9, Session 6	2017-11-08	Unicameralism	9. mandat	-	Zasedanje 6	2017-12-15	-	Reference	English	Regular	MP	notMinister	HDZ	Hrvatska demokratska zajednica	Coalition	Centre-right	PlenkovićAndrej	Plenković, Andrej	M	1970	
ParlaMint-HR-en_2017-11-08-0	ParlaMint-HR_2017-11-08-0.u56762	Minutes of the National Assembly of the Republic of Croatia, Term 9, Session 6	2017-11-08	Unicameralism	9. mandat	-	Zasedanje 6	2017-12-15	-	Reference	English	Chairperson	MP	notMinister	HDZ	Hrvatska demokratska zajednica	Coalition	Centre-right	BrkićMilijan	Brkić, Milijan	M	1970	
ParlaMint-HR-en_2017-11-08-0	ParlaMint-HR_2017-11-08-0.u56763	Minutes of the National Assembly of the Republic of Croatia, Term 9, Session 6	2017-11-08	Unicameralism	9. mandat	-	Zasedanje 6	2017-12-15	-	Reference	English	Regular	MP	notMinister	HRAST	Hrvatski rast	Coalition	Right	ZekanovićHrvoje	Zekanović, Hrvoje	M	1974	
ParlaMint-HR-en_2017-11-08-0	ParlaMint-HR_2017-11-08-0.u56764	Minutes of the National Assembly of the Republic of Croatia, Term 9, Session 6	2017-11-08	Unicameralism	9. mandat	-	Zasedanje 6	2017-12-15	-	Reference	English	Chairperson	MP	notMinister	HDZ	Hrvatska demokratska zajednica	Coalition	Centre-right	BrkićMilijan	Brkić, Milijan	M	1970	
ParlaMint-HR-en_2017-11-08-0	ParlaMint-HR_2017-11-08-0.u56765	Minutes of the National Assembly of the Republic of Croatia, Term 9, Session 6	2017-11-08	Unicameralism	9. mandat	-	Zasedanje 6	2017-12-15	-	Reference	English	Regular	MP	notMinister	SDP	Socijaldemokratska partija Hrvatske	Coalition	Centre-left	GlavaševićBojan	Glavašević, Bojan	M	1984	
ParlaMint-HR-en_2017-11-08-0	ParlaMint-HR_2017-11-08-0.u56766	Minutes of the National Assembly of the Republic of Croatia, Term 9, Session 6	2017-11-08	Unicameralism	9. mandat	-	Zasedanje 6	2017-12-15	-	Reference	English	Chairperson	MP	notMinister	HDZ	Hrvatska demokratska zajednica	Coalition	Centre-right	BrkićMilijan	Brkić, Milijan	M	1970	
ParlaMint-HR-en_2017-11-08-0	ParlaMint-HR_2017-11-08-0.u56767	Minutes of the National Assembly of the Republic of Croatia, Term 9, Session 6	2017-11-08	Unicameralism	9. mandat	-	Zasedanje 6	2017-12-15	-	Reference	English	Regular	MP	notMinister	SDP	Socijaldemokratska partija Hrvatske	Coalition	Centre-left	JovanovićŽeljko	Jovanović, Željko	M	1965	
ParlaMint-HR-en_2017-11-08-0	ParlaMint-HR_2017-11-08-0.u56768	Minutes of the National Assembly of the Republic of Croatia, Term 9, Session 6	2017-11-08	Unicameralism	9. mandat	-	Zasedanje 6	2017-12-15	-	Reference	English	Chairperson	MP	notMinister	HDZ	Hrvatska demokratska zajednica	Coalition	Centre-right	BrkićMilijan	Brkić, Milijan	M	1970	
ParlaMint-HR-en_2017-11-08-0	ParlaMint-HR_2017-11-08-0.u56769	Minutes of the National Assembly of the Republic of Croatia, Term 9, Session 6	2017-11-08	Unicameralism	9. mandat	-	Zasedanje 6	2017-12-15	-	Reference	English	Regular	MP	notMinister	HRAST	Hrvatski rast	Coalition	Right	ZekanovićHrvoje	Zekanović, Hrvoje	M	1974	
ParlaMint-HR-en_2017-11-08-0	ParlaMint-HR_2017-11-08-0.u56770	Minutes of the National Assembly of the Republic of Croatia, Term 9, Session 6	2017-11-08	Unicameralism	9. mandat	-	Zasedanje 6	2017-12-15	-	Reference	English	Chairperson	MP	notMinister	HDZ	Hrvatska demokratska zajednica	Coalition	Centre-right	BrkićMilijan	Brkić, Milijan	M	1970	
ParlaMint-HR-en_2017-11-08-0	ParlaMint-HR_2017-11-08-0.u56771	Minutes of the National Assembly of the Republic of Croatia, Term 9, Session 6	2017-11-08	Unicameralism	9. mandat	-	Zasedanje 6	2017-12-15	-	Reference	English	Regular	MP	notMinister	SDP	Socijaldemokratska partija Hrvatske	Coalition	Centre-left	JovanovićŽeljko	Jovanović, Željko	M	1965	
ParlaMint-HR-en_2017-11-08-0	ParlaMint-HR_2017-11-08-0.u56772	Minutes of the National Assembly of the Republic of Croatia, Term 9, Session 6	2017-11-08	Unicameralism	9. mandat	-	Zasedanje 6	2017-12-15	-	Reference	English	Chairperson	MP	notMinister	HDZ	Hrvatska demokratska zajednica	Coalition	Centre-right	BrkićMilijan	Brkić, Milijan	M	1970	
ParlaMint-HR-en_2017-11-08-0	ParlaMint-HR_2017-11-08-0.u56773	Minutes of the National Assembly of the Republic of Croatia, Term 9, Session 6	2017-11-08	Unicameralism	9. mandat	-	Zasedanje 6	2017-12-15	-	Reference	English	Regular	MP	notMinister	SDP	Socijaldemokratska partija Hrvatske	Coalition	Centre-left	BaukArsen	Bauk, Arsen	M	1973	
ParlaMint-HR-en_2017-11-08-0	ParlaMint-HR_2017-11-08-0.u56774	Minutes of the National Assembly of the Republic of Croatia, Term 9, Session 6	2017-11-08	Unicameralism	9. mandat	-	Zasedanje 6	2017-12-15	-	Reference	English	Chairperson	MP	notMinister	HDZ	Hrvatska demokratska zajednica	Coalition	Centre-right	BrkićMilijan	Brkić, Milijan	M	1970	
ParlaMint-HR-en_2017-11-08-0	ParlaMint-HR_2017-11-08-0.u56775	Minutes of the National Assembly of the Republic of Croatia, Term 9, Session 6	2017-11-08	Unicameralism	9. mandat	-	Zasedanje 6	2017-12-15	-	Reference	English	Regular	MP	notMinister	GLAS	Građansko-liberalni savez	Opposition	Centre-left	BeusRichemberghGoran	Beus Richembergh, Goran	M	1965	
ParlaMint-HR-en_2017-11-08-0	ParlaMint-HR_2017-11-08-0.u56776	Minutes of the National Assembly of the Republic of Croatia, Term 9, Session 6	2017-11-08	Unicameralism	9. mandat	-	Zasedanje 6	2017-12-15	-	Reference	English	Chairperson	MP	notMinister	HDZ	Hrvatska demokratska zajednica	Coalition	Centre-right	BrkićMilijan	Brkić, Milijan	M	1970	
ParlaMint-HR-en_2017-11-08-0	ParlaMint-HR_2017-11-08-0.u56777	Minutes of the National Assembly of the Republic of Croatia, Term 9, Session 6	2017-11-08	Unicameralism	9. mandat	-	Zasedanje 6	2017-12-15	-	Reference	English	Regular	notMP	Minister	-	-	-	-	MurganićNada	Murganić, Nada	F	1958	
ParlaMint-HR-en_2017-11-08-0	ParlaMint-HR_2017-11-08-0.u56778	Minutes of the National Assembly of the Republic of Croatia, Term 9, Session 6	2017-11-08	Unicameralism	9. mandat	-	Zasedanje 6	2017-12-15	-	Reference	English	Chairperson	MP	notMinister	HDZ	Hrvatska demokratska zajednica	Coalition	Centre-right	BrkićMilijan	Brkić, Milijan	M	1970	
ParlaMint-HR-en_2017-11-08-0	ParlaMint-HR_2017-11-08-0.u56779	Minutes of the National Assembly of the Republic of Croatia, Term 9, Session 6	2017-11-08	Unicameralism	9. mandat	-	Zasedanje 6	2017-12-15	-	Reference	English	Regular	MP	notMinister	HDS	Hrvatska demokršćanska stranka	Coalition	Centre-right to right	HrgBranko	Hrg, Branko	M	1961	
ParlaMint-HR-en_2017-11-08-0	ParlaMint-HR_2017-11-08-0.u56780	Minutes of the National Assembly of the Republic of Croatia, Term 9, Session 6	2017-11-08	Unicameralism	9. mandat	-	Zasedanje 6	2017-12-15	-	Reference	English	Chairperson	MP	notMinister	HDZ	Hrvatska demokratska zajednica	Coalition	Centre-right	BrkićMilijan	Brkić, Milijan	M	1970	
ParlaMint-HR-en_2017-11-08-0	ParlaMint-HR_2017-11-08-0.u56781	Minutes of the National Assembly of the Republic of Croatia, Term 9, Session 6	2017-11-08	Unicameralism	9. mandat	-	Zasedanje 6	2017-12-15	-	Reference	English	Regular	MP	notMinister	Živi zid	Živi zid	Coalition	-	PernarIvan	Pernar, Ivan	M	1985	
ParlaMint-HR-en_2017-11-08-0	ParlaMint-HR_2017-11-08-0.u56782	Minutes of the National Assembly of the Republic of Croatia, Term 9, Session 6	2017-11-08	Unicameralism	9. mandat	-	Zasedanje 6	2017-12-15	-	Reference	English	Chairperson	MP	notMinister	HDZ	Hrvatska demokratska zajednica	Coalition	Centre-right	BrkićMilijan	Brkić, Milijan	M	1970	
ParlaMint-HR-en_2017-11-08-0	ParlaMint-HR_2017-11-08-0.u56783	Minutes of the National Assembly of the Republic of Croatia, Term 9, Session 6	2017-11-08	Unicameralism	9. mandat	-	Zasedanje 6	2017-12-15	-	Reference	English	Regular	MP	notMinister	HDS	Hrvatska demokršćanska stranka	Coalition	Centre-right to right	HrgBranko	Hrg, Branko	M	1961	
ParlaMint-HR-en_2017-11-08-0	ParlaMint-HR_2017-11-08-0.u56784	Minutes of the National Assembly of the Republic of Croatia, Term 9, Session 6	2017-11-08	Unicameralism	9. mandat	-	Zasedanje 6	2017-12-15	-	Reference	English	Chairperson	MP	notMinister	HDZ	Hrvatska demokratska zajednica	Coalition	Centre-right	BrkićMilijan	Brkić, Milijan	M	1970	
ParlaMint-HR-en_2017-11-08-0	ParlaMint-HR_2017-11-08-0.u56785	Minutes of the National Assembly of the Republic of Croatia, Term 9, Session 6	2017-11-08	Unicameralism	9. mandat	-	Zasedanje 6	2017-12-15	-	Reference	English	Regular	MP	notMinister	HDZ	Hrvatska demokratska zajednica	Coalition	Centre-right	SokolTomislav	Sokol, Tomislav	M	1982	
ParlaMint-HR-en_2017-11-08-0	ParlaMint-HR_2017-11-08-0.u56786	Minutes of the National Assembly of the Republic of Croatia, Term 9, Session 6	2017-11-08	Unicameralism	9. mandat	-	Zasedanje 6	2017-12-15	-	Reference	English	Chairperson	MP	notMinister	HDZ	Hrvatska demokratska zajednica	Coalition	Centre-right	BrkićMilijan	Brkić, Milijan	M	1970	
ParlaMint-HR-en_2017-11-08-0	ParlaMint-HR_2017-11-08-0.u56787	Minutes of the National Assembly of the Republic of Croatia, Term 9, Session 6	2017-11-08	Unicameralism	9. mandat	-	Zasedanje 6	2017-12-15	-	Reference	English	Regular	MP	notMinister	HDS	Hrvatska demokršćanska stranka	Coalition	Centre-right to right	HrgBranko	Hrg, Branko	M	1961	
ParlaMint-HR-en_2017-11-08-0	ParlaMint-HR_2017-11-08-0.u56788	Minutes of the National Assembly of the Republic of Croatia, Term 9, Session 6	2017-11-08	Unicameralism	9. mandat	-	Zasedanje 6	2017-12-15	-	Reference	English	Chairperson	MP	notMinister	HDZ	Hrvatska demokratska zajednica	Coalition	Centre-right	BrkićMilijan	Brkić, Milijan	M	1970	
ParlaMint-HR-en_2017-11-08-0	ParlaMint-HR_2017-11-08-0.u56789	Minutes of the National Assembly of the Republic of Croatia, Term 9, Session 6	2017-11-08	Unicameralism	9. mandat	-	Zasedanje 6	2017-12-15	-	Reference	English	Regular	MP	notMinister	SDP	Socijaldemokratska partija Hrvatske	Coalition	Centre-left	GlavaševićBojan	Glavašević, Bojan	M	1984	
ParlaMint-HR-en_2017-11-08-0	ParlaMint-HR_2017-11-08-0.u56790	Minutes of the National Assembly of the Republic of Croatia, Term 9, Session 6	2017-11-08	Unicameralism	9. mandat	-	Zasedanje 6	2017-12-15	-	Reference	English	Chairperson	MP	notMinister	HDZ	Hrvatska demokratska zajednica	Coalition	Centre-right	BrkićMilijan	Brkić, Milijan	M	1970	
ParlaMint-HR-en_2017-11-08-0	ParlaMint-HR_2017-11-08-0.u56791	Minutes of the National Assembly of the Republic of Croatia, Term 9, Session 6	2017-11-08	Unicameralism	9. mandat	-	Zasedanje 6	2017-12-15	-	Reference	English	Regular	MP	notMinister	HDS	Hrvatska demokršćanska stranka	Coalition	Centre-right to right	HrgBranko	Hrg, Branko	M	1961	
ParlaMint-HR-en_2017-11-08-0	ParlaMint-HR_2017-11-08-0.u56792	Minutes of the National Assembly of the Republic of Croatia, Term 9, Session 6	2017-11-08	Unicameralism	9. mandat	-	Zasedanje 6	2017-12-15	-	Reference	English	Chairperson	MP	notMinister	HDZ	Hrvatska demokratska zajednica	Coalition	Centre-right	BrkićMilijan	Brkić, Milijan	M	1970	
ParlaMint-HR-en_2017-11-08-0	ParlaMint-HR_2017-11-08-0.u56793	Minutes of the National Assembly of the Republic of Croatia, Term 9, Session 6	2017-11-08	Unicameralism	9. mandat	-	Zasedanje 6	2017-12-15	-	Reference	English	Regular	MP	notMinister	HDZ	Hrvatska demokratska zajednica	Coalition	Centre-right	LukačićLjubica	Lukačić, Ljubica	F	1966	
ParlaMint-HR-en_2017-11-08-0	ParlaMint-HR_2017-11-08-0.u56794	Minutes of the National Assembly of the Republic of Croatia, Term 9, Session 6	2017-11-08	Unicameralism	9. mandat	-	Zasedanje 6	2017-12-15	-	Reference	English	Chairperson	MP	notMinister	HDZ	Hrvatska demokratska zajednica	Coalition	Centre-right	BrkićMilijan	Brkić, Milijan	M	1970	
ParlaMint-HR-en_2017-11-08-0	ParlaMint-HR_2017-11-08-0.u56795	Minutes of the National Assembly of the Republic of Croatia, Term 9, Session 6	2017-11-08	Unicameralism	9. mandat	-	Zasedanje 6	2017-12-15	-	Reference	English	Regular	MP	notMinister	HDS	Hrvatska demokršćanska stranka	Coalition	Centre-right to right	HrgBranko	Hrg, Branko	M	1961	
ParlaMint-HR-en_2017-11-08-0	ParlaMint-HR_2017-11-08-0.u56796	Minutes of the National Assembly of the Republic of Croatia, Term 9, Session 6	2017-11-08	Unicameralism	9. mandat	-	Zasedanje 6	2017-12-15	-	Reference	English	Chairperson	MP	notMinister	HDZ	Hrvatska demokratska zajednica	Coalition	Centre-right	BrkićMilijan	Brkić, Milijan	M	1970	
ParlaMint-HR-en_2017-11-08-0	ParlaMint-HR_2017-11-08-0.u56797	Minutes of the National Assembly of the Republic of Croatia, Term 9, Session 6	2017-11-08	Unicameralism	9. mandat	-	Zasedanje 6	2017-12-15	-	Reference	English	Regular	MP	notMinister	Živi zid	Živi zid	Coalition	-	BunjacBranimir	Bunjac, Branimir	M	1972	
ParlaMint-HR-en_2017-11-08-0	ParlaMint-HR_2017-11-08-0.u56798	Minutes of the National Assembly of the Republic of Croatia, Term 9, Session 6	2017-11-08	Unicameralism	9. mandat	-	Zasedanje 6	2017-12-15	-	Reference	English	Chairperson	MP	notMinister	HDZ	Hrvatska demokratska zajednica	Coalition	Centre-right	BrkićMilijan	Brkić, Milijan	M	1970	
ParlaMint-HR-en_2017-11-08-0	ParlaMint-HR_2017-11-08-0.u56799	Minutes of the National Assembly of the Republic of Croatia, Term 9, Session 6	2017-11-08	Unicameralism	9. mandat	-	Zasedanje 6	2017-12-15	-	Reference	English	Regular	MP	notMinister	HDS	Hrvatska demokršćanska stranka	Coalition	Centre-right to right	HrgBranko	Hrg, Branko	M	1961	
ParlaMint-HR-en_2017-11-08-0	ParlaMint-HR_2017-11-08-0.u56800	Minutes of the National Assembly of the Republic of Croatia, Term 9, Session 6	2017-11-08	Unicameralism	9. mandat	-	Zasedanje 6	2017-12-15	-	Reference	English	Chairperson	MP	notMinister	HDZ	Hrvatska demokratska zajednica	Coalition	Centre-right	BrkićMilijan	Brkić, Milijan	M	1970	
ParlaMint-HR-en_2017-11-08-0	ParlaMint-HR_2017-11-08-0.u56801	Minutes of the National Assembly of the Republic of Croatia, Term 9, Session 6	2017-11-08	Unicameralism	9. mandat	-	Zasedanje 6	2017-12-15	-	Reference	English	Regular	MP	notMinister	MOST	Most nezavisnih lista	Opposition	Centre-right to right	GrmojaNikola	Grmoja, Nikola	M	1981	
ParlaMint-HR-en_2017-11-08-0	ParlaMint-HR_2017-11-08-0.u56802	Minutes of the National Assembly of the Republic of Croatia, Term 9, Session 6	2017-11-08	Unicameralism	9. mandat	-	Zasedanje 6	2017-12-15	-	Reference	English	Chairperson	MP	notMinister	HDZ	Hrvatska demokratska zajednica	Coalition	Centre-right	BrkićMilijan	Brkić, Milijan	M	1970	
ParlaMint-HR-en_2017-11-08-0	ParlaMint-HR_2017-11-08-0.u56803	Minutes of the National Assembly of the Republic of Croatia, Term 9, Session 6	2017-11-08	Unicameralism	9. mandat	-	Zasedanje 6	2017-12-15	-	Reference	English	Regular	MP	notMinister	HDS	Hrvatska demokršćanska stranka	Coalition	Centre-right to right	HrgBranko	Hrg, Branko	M	1961	
ParlaMint-HR-en_2017-11-08-0	ParlaMint-HR_2017-11-08-0.u56804	Minutes of the National Assembly of the Republic of Croatia, Term 9, Session 6	2017-11-08	Unicameralism	9. mandat	-	Zasedanje 6	2017-12-15	-	Reference	English	Chairperson	MP	notMinister	HDZ	Hrvatska demokratska zajednica	Coalition	Centre-right	BrkićMilijan	Brkić, Milijan	M	1970	
ParlaMint-HR-en_2017-11-08-0	ParlaMint-HR_2017-11-08-0.u56805	Minutes of the National Assembly of the Republic of Croatia, Term 9, Session 6	2017-11-08	Unicameralism	9. mandat	-	Zasedanje 6	2017-12-15	-	Reference	English	Regular	MP	notMinister	SDP	Socijaldemokratska partija Hrvatske	Coalition	Centre-left	JovanovićŽeljko	Jovanović, Željko	M	1965	
ParlaMint-HR-en_2017-11-08-0	ParlaMint-HR_2017-11-08-0.u56806	Minutes of the National Assembly of the Republic of Croatia, Term 9, Session 6	2017-11-08	Unicameralism	9. mandat	-	Zasedanje 6	2017-12-15	-	Reference	English	Chairperson	MP	notMinister	HDZ	Hrvatska demokratska zajednica	Coalition	Centre-right	BrkićMilijan	Brkić, Milijan	M	1970	
ParlaMint-HR-en_2017-11-08-0	ParlaMint-HR_2017-11-08-0.u56807	Minutes of the National Assembly of the Republic of Croatia, Term 9, Session 6	2017-11-08	Unicameralism	9. mandat	-	Zasedanje 6	2017-12-15	-	Reference	English	Regular	MP	notMinister	HDS	Hrvatska demokršćanska stranka	Coalition	Centre-right to right	HrgBranko	Hrg, Branko	M	1961	
ParlaMint-HR-en_2017-11-08-0	ParlaMint-HR_2017-11-08-0.u56808	Minutes of the National Assembly of the Republic of Croatia, Term 9, Session 6	2017-11-08	Unicameralism	9. mandat	-	Zasedanje 6	2017-12-15	-	Reference	English	Chairperson	MP	notMinister	HDZ	Hrvatska demokratska zajednica	Coalition	Centre-right	BrkićMilijan	Brkić, Milijan	M	1970	
ParlaMint-HR-en_2017-11-08-0	ParlaMint-HR_2017-11-08-0.u56809	Minutes of the National Assembly of the Republic of Croatia, Term 9, Session 6	2017-11-08	Unicameralism	9. mandat	-	Zasedanje 6	2017-12-15	-	Reference	English	Regular	MP	notMinister	HDZ	Hrvatska demokratska zajednica	Coalition	Centre-right	StierDavorIvo	Stier, Davor Ivo	M	1972	
ParlaMint-HR-en_2017-11-08-0	ParlaMint-HR_2017-11-08-0.u56810	Minutes of the National Assembly of the Republic of Croatia, Term 9, Session 6	2017-11-08	Unicameralism	9. mandat	-	Zasedanje 6	2017-12-15	-	Reference	English	Chairperson	MP	notMinister	HDZ	Hrvatska demokratska zajednica	Coalition	Centre-right	BrkićMilijan	Brkić, Milijan	M	1970	
ParlaMint-HR-en_2017-11-08-0	ParlaMint-HR_2017-11-08-0.u56811	Minutes of the National Assembly of the Republic of Croatia, Term 9, Session 6	2017-11-08	Unicameralism	9. mandat	-	Zasedanje 6	2017-12-15	-	Reference	English	Regular	MP	notMinister	HDS	Hrvatska demokršćanska stranka	Coalition	Centre-right to right	HrgBranko	Hrg, Branko	M	1961	
ParlaMint-HR-en_2017-11-08-0	ParlaMint-HR_2017-11-08-0.u56812	Minutes of the National Assembly of the Republic of Croatia, Term 9, Session 6	2017-11-08	Unicameralism	9. mandat	-	Zasedanje 6	2017-12-15	-	Reference	English	Chairperson	MP	notMinister	HDZ	Hrvatska demokratska zajednica	Coalition	Centre-right	BrkićMilijan	Brkić, Milijan	M	1970	
ParlaMint-HR-en_2017-11-08-0	ParlaMint-HR_2017-11-08-0.u56813	Minutes of the National Assembly of the Republic of Croatia, Term 9, Session 6	2017-11-08	Unicameralism	9. mandat	-	Zasedanje 6	2017-12-15	-	Reference	English	Regular	MP	notMinister	HRAST	Hrvatski rast	Coalition	Right	ZekanovićHrvoje	Zekanović, Hrvoje	M	1974	
ParlaMint-HR-en_2017-11-08-0	ParlaMint-HR_2017-11-08-0.u56814	Minutes of the National Assembly of the Republic of Croatia, Term 9, Session 6	2017-11-08	Unicameralism	9. mandat	-	Zasedanje 6	2017-12-15	-	Reference	English	Chairperson	MP	notMinister	HDZ	Hrvatska demokratska zajednica	Coalition	Centre-right	BrkićMilijan	Brkić, Milijan	M	1970	
ParlaMint-HR-en_2017-11-08-0	ParlaMint-HR_2017-11-08-0.u56815	Minutes of the National Assembly of the Republic of Croatia, Term 9, Session 6	2017-11-08	Unicameralism	9. mandat	-	Zasedanje 6	2017-12-15	-	Reference	English	Regular	MP	notMinister	SDP	Socijaldemokratska partija Hrvatske	Coalition	Centre-left	GlavaševićBojan	Glavašević, Bojan	M	1984	
ParlaMint-HR-en_2017-11-08-0	ParlaMint-HR_2017-11-08-0.u56816	Minutes of the National Assembly of the Republic of Croatia, Term 9, Session 6	2017-11-08	Unicameralism	9. mandat	-	Zasedanje 6	2017-12-15	-	Reference	English	Chairperson	MP	notMinister	HDZ	Hrvatska demokratska zajednica	Coalition	Centre-right	BrkićMilijan	Brkić, Milijan	M	1970	
ParlaMint-HR-en_2017-11-08-0	ParlaMint-HR_2017-11-08-0.u56817	Minutes of the National Assembly of the Republic of Croatia, Term 9, Session 6	2017-11-08	Unicameralism	9. mandat	-	Zasedanje 6	2017-12-15	-	Reference	English	Regular	MP	notMinister	GLAS	Građansko-liberalni savez	Opposition	Centre-left	PusićVesna	Pusić, Vesna	F	1953	
ParlaMint-HR-en_2017-11-08-0	ParlaMint-HR_2017-11-08-0.u56818	Minutes of the National Assembly of the Republic of Croatia, Term 9, Session 6	2017-11-08	Unicameralism	9. mandat	-	Zasedanje 6	2017-12-15	-	Reference	English	Chairperson	MP	notMinister	HDZ	Hrvatska demokratska zajednica	Coalition	Centre-right	BrkićMilijan	Brkić, Milijan	M	1970	
ParlaMint-HR-en_2017-11-08-0	ParlaMint-HR_2017-11-08-0.u56819	Minutes of the National Assembly of the Republic of Croatia, Term 9, Session 6	2017-11-08	Unicameralism	9. mandat	-	Zasedanje 6	2017-12-15	-	Reference	English	Regular	MP	notMinister	HDS	Hrvatska demokršćanska stranka	Coalition	Centre-right to right	HrgBranko	Hrg, Branko	M	1961	
ParlaMint-HR-en_2017-11-08-0	ParlaMint-HR_2017-11-08-0.u56820	Minutes of the National Assembly of the Republic of Croatia, Term 9, Session 6	2017-11-08	Unicameralism	9. mandat	-	Zasedanje 6	2017-12-15	-	Reference	English	Chairperson	MP	notMinister	HDZ	Hrvatska demokratska zajednica	Coalition	Centre-right	BrkićMilijan	Brkić, Milijan	M	1970	
ParlaMint-HR-en_2017-11-08-0	ParlaMint-HR_2017-11-08-0.u56821	Minutes of the National Assembly of the Republic of Croatia, Term 9, Session 6	2017-11-08	Unicameralism	9. mandat	-	Zasedanje 6	2017-12-15	-	Reference	English	Regular	MP	notMinister	SDP	Socijaldemokratska partija Hrvatske	Coalition	Centre-left	BaukArsen	Bauk, Arsen	M	1973	
ParlaMint-HR-en_2017-11-08-0	ParlaMint-HR_2017-11-08-0.u56822	Minutes of the National Assembly of the Republic of Croatia, Term 9, Session 6	2017-11-08	Unicameralism	9. mandat	-	Zasedanje 6	2017-12-15	-	Reference	English	Chairperson	MP	notMinister	HDZ	Hrvatska demokratska zajednica	Coalition	Centre-right	BrkićMilijan	Brkić, Milijan	M	1970	
ParlaMint-HR-en_2017-11-08-0	ParlaMint-HR_2017-11-08-0.u56823	Minutes of the National Assembly of the Republic of Croatia, Term 9, Session 6	2017-11-08	Unicameralism	9. mandat	-	Zasedanje 6	2017-12-15	-	Reference	English	Regular	MP	notMinister	HDS	Hrvatska demokršćanska stranka	Coalition	Centre-right to right	HrgBranko	Hrg, Branko	M	1961	
ParlaMint-HR-en_2017-11-08-0	ParlaMint-HR_2017-11-08-0.u56824	Minutes of the National Assembly of the Republic of Croatia, Term 9, Session 6	2017-11-08	Unicameralism	9. mandat	-	Zasedanje 6	2017-12-15	-	Reference	English	Chairperson	MP	notMinister	HDZ	Hrvatska demokratska zajednica	Coalition	Centre-right	BrkićMilijan	Brkić, Milijan	M	1970	
ParlaMint-HR-en_2017-11-08-0	ParlaMint-HR_2017-11-08-0.u56825	Minutes of the National Assembly of the Republic of Croatia, Term 9, Session 6	2017-11-08	Unicameralism	9. mandat	-	Zasedanje 6	2017-12-15	-	Reference	English	Regular	MP	notMinister	GLAS	Građansko-liberalni savez	Opposition	Centre-left	BeusRichemberghGoran	Beus Richembergh, Goran	M	1965	
ParlaMint-HR-en_2017-11-08-0	ParlaMint-HR_2017-11-08-0.u56826	Minutes of the National Assembly of the Republic of Croatia, Term 9, Session 6	2017-11-08	Unicameralism	9. mandat	-	Zasedanje 6	2017-12-15	-	Reference	English	Chairperson	MP	notMinister	HDZ	Hrvatska demokratska zajednica	Coalition	Centre-right	BrkićMilijan	Brkić, Milijan	M	1970	
ParlaMint-HR-en_2017-11-08-0	ParlaMint-HR_2017-11-08-0.u56827	Minutes of the National Assembly of the Republic of Croatia, Term 9, Session 6	2017-11-08	Unicameralism	9. mandat	-	Zasedanje 6	2017-12-15	-	Reference	English	Regular	MP	notMinister	HRAST	Hrvatski rast	Coalition	Right	ZekanovićHrvoje	Zekanović, Hrvoje	M	1974	
ParlaMint-HR-en_2017-11-08-0	ParlaMint-HR_2017-11-08-0.u56828	Minutes of the National Assembly of the Republic of Croatia, Term 9, Session 6	2017-11-08	Unicameralism	9. mandat	-	Zasedanje 6	2017-12-15	-	Reference	English	Chairperson	MP	notMinister	HDZ	Hrvatska demokratska zajednica	Coalition	Centre-right	BrkićMilijan	Brkić, Milijan	M	1970	
ParlaMint-HR-en_2017-11-08-0	ParlaMint-HR_2017-11-08-0.u56829	Minutes of the National Assembly of the Republic of Croatia, Term 9, Session 6	2017-11-08	Unicameralism	9. mandat	-	Zasedanje 6	2017-12-15	-	Reference	English	Regular	MP	notMinister	GLAS	Građansko-liberalni savez	Opposition	Centre-left	BeusRichemberghGoran	Beus Richembergh, Goran	M	1965	
ParlaMint-HR-en_2017-11-08-0	ParlaMint-HR_2017-11-08-0.u56830	Minutes of the National Assembly of the Republic of Croatia, Term 9, Session 6	2017-11-08	Unicameralism	9. mandat	-	Zasedanje 6	2017-12-15	-	Reference	English	Chairperson	MP	notMinister	HDZ	Hrvatska demokratska zajednica	Coalition	Centre-right	BrkićMilijan	Brkić, Milijan	M	1970	
ParlaMint-HR-en_2017-11-08-0	ParlaMint-HR_2017-11-08-0.u56831	Minutes of the National Assembly of the Republic of Croatia, Term 9, Session 6	2017-11-08	Unicameralism	9. mandat	-	Zasedanje 6	2017-12-15	-	Reference	English	Regular	MP	notMinister	HRAST	Hrvatski rast	Coalition	Right	ZekanovićHrvoje	Zekanović, Hrvoje	M	1974	
ParlaMint-HR-en_2017-11-08-0	ParlaMint-HR_2017-11-08-0.u56832	Minutes of the National Assembly of the Republic of Croatia, Term 9, Session 6	2017-11-08	Unicameralism	9. mandat	-	Zasedanje 6	2017-12-15	-	Reference	English	Chairperson	MP	notMinister	HDZ	Hrvatska demokratska zajednica	Coalition	Centre-right	BrkićMilijan	Brkić, Milijan	M	1970	
ParlaMint-HR-en_2017-11-08-0	ParlaMint-HR_2017-11-08-0.u56833	Minutes of the National Assembly of the Republic of Croatia, Term 9, Session 6	2017-11-08	Unicameralism	9. mandat	-	Zasedanje 6	2017-12-15	-	Reference	English	Regular	MP	notMinister	HDZ	Hrvatska demokratska zajednica	Coalition	Centre-right	ŠkorićPetar	Škorić, Petar	M	1972	
ParlaMint-HR-en_2017-11-08-0	ParlaMint-HR_2017-11-08-0.u56834	Minutes of the National Assembly of the Republic of Croatia, Term 9, Session 6	2017-11-08	Unicameralism	9. mandat	-	Zasedanje 6	2017-12-15	-	Reference	English	Chairperson	MP	notMinister	HDZ	Hrvatska demokratska zajednica	Coalition	Centre-right	BrkićMilijan	Brkić, Milijan	M	1970	
ParlaMint-HR-en_2017-11-08-0	ParlaMint-HR_2017-11-08-0.u56835	Minutes of the National Assembly of the Republic of Croatia, Term 9, Session 6	2017-11-08	Unicameralism	9. mandat	-	Zasedanje 6	2017-12-15	-	Reference	English	Regular	MP	notMinister	GLAS	Građansko-liberalni savez	Opposition	Centre-left	BeusRichemberghGoran	Beus Richembergh, Goran	M	1965	
ParlaMint-HR-en_2017-11-08-0	ParlaMint-HR_2017-11-08-0.u56836	Minutes of the National Assembly of the Republic of Croatia, Term 9, Session 6	2017-11-08	Unicameralism	9. mandat	-	Zasedanje 6	2017-12-15	-	Reference	English	Chairperson	MP	notMinister	HDZ	Hrvatska demokratska zajednica	Coalition	Centre-right	BrkićMilijan	Brkić, Milijan	M	1970	
ParlaMint-HR-en_2017-11-08-0	ParlaMint-HR_2017-11-08-0.u56837	Minutes of the National Assembly of the Republic of Croatia, Term 9, Session 6	2017-11-08	Unicameralism	9. mandat	-	Zasedanje 6	2017-12-15	-	Reference	English	Regular	MP	notMinister	SDP	Socijaldemokratska partija Hrvatske	Coalition	Centre-left	GlavaševićBojan	Glavašević, Bojan	M	1984	
ParlaMint-HR-en_2017-11-08-0	ParlaMint-HR_2017-11-08-0.u56838	Minutes of the National Assembly of the Republic of Croatia, Term 9, Session 6	2017-11-08	Unicameralism	9. mandat	-	Zasedanje 6	2017-12-15	-	Reference	English	Chairperson	MP	notMinister	HDZ	Hrvatska demokratska zajednica	Coalition	Centre-right	BrkićMilijan	Brkić, Milijan	M	1970	
ParlaMint-HR-en_2017-11-08-0	ParlaMint-HR_2017-11-08-0.u56839	Minutes of the National Assembly of the Republic of Croatia, Term 9, Session 6	2017-11-08	Unicameralism	9. mandat	-	Zasedanje 6	2017-12-15	-	Reference	English	Regular	MP	notMinister	GLAS	Građansko-liberalni savez	Opposition	Centre-left	BeusRichemberghGoran	Beus Richembergh, Goran	M	1965	
ParlaMint-HR-en_2017-11-08-0	ParlaMint-HR_2017-11-08-0.u56840	Minutes of the National Assembly of the Republic of Croatia, Term 9, Session 6	2017-11-08	Unicameralism	9. mandat	-	Zasedanje 6	2017-12-15	-	Reference	English	Chairperson	MP	notMinister	HDZ	Hrvatska demokratska zajednica	Coalition	Centre-right	BrkićMilijan	Brkić, Milijan	M	1970	
ParlaMint-HR-en_2017-11-08-0	ParlaMint-HR_2017-11-08-0.u56841	Minutes of the National Assembly of the Republic of Croatia, Term 9, Session 6	2017-11-08	Unicameralism	9. mandat	-	Zasedanje 6	2017-12-15	-	Reference	English	Regular	MP	notMinister	HDZ	Hrvatska demokratska zajednica	Coalition	Centre-right	BabićAnte	Babić, Ante	M	1966	
ParlaMint-HR-en_2017-11-08-0	ParlaMint-HR_2017-11-08-0.u56842	Minutes of the National Assembly of the Republic of Croatia, Term 9, Session 6	2017-11-08	Unicameralism	9. mandat	-	Zasedanje 6	2017-12-15	-	Reference	English	Chairperson	MP	notMinister	HDZ	Hrvatska demokratska zajednica	Coalition	Centre-right	BrkićMilijan	Brkić, Milijan	M	1970	
ParlaMint-HR-en_2017-11-08-0	ParlaMint-HR_2017-11-08-0.u56843	Minutes of the National Assembly of the Republic of Croatia, Term 9, Session 6	2017-11-08	Unicameralism	9. mandat	-	Zasedanje 6	2017-12-15	-	Reference	English	Regular	MP	notMinister	GLAS	Građansko-liberalni savez	Opposition	Centre-left	BeusRichemberghGoran	Beus Richembergh, Goran	M	1965	
ParlaMint-HR-en_2017-11-08-0	ParlaMint-HR_2017-11-08-0.u56844	Minutes of the National Assembly of the Republic of Croatia, Term 9, Session 6	2017-11-08	Unicameralism	9. mandat	-	Zasedanje 6	2017-12-15	-	Reference	English	Chairperson	MP	notMinister	HDZ	Hrvatska demokratska zajednica	Coalition	Centre-right	BrkićMilijan	Brkić, Milijan	M	1970	
ParlaMint-HR-en_2017-11-08-0	ParlaMint-HR_2017-11-08-0.u56845	Minutes of the National Assembly of the Republic of Croatia, Term 9, Session 6	2017-11-08	Unicameralism	9. mandat	-	Zasedanje 6	2017-12-15	-	Reference	English	Regular	notMP	Minister	-	-	-	-	MurganićNada	Murganić, Nada	F	1958	
ParlaMint-HR-en_2017-11-08-0	ParlaMint-HR_2017-11-08-0.u56846	Minutes of the National Assembly of the Republic of Croatia, Term 9, Session 6	2017-11-08	Unicameralism	9. mandat	-	Zasedanje 6	2017-12-15	-	Reference	English	Chairperson	MP	notMinister	HDZ	Hrvatska demokratska zajednica	Coalition	Centre-right	BrkićMilijan	Brkić, Milijan	M	1970	
ParlaMint-HR-en_2017-11-08-0	ParlaMint-HR_2017-11-08-0.u56847	Minutes of the National Assembly of the Republic of Croatia, Term 9, Session 6	2017-11-08	Unicameralism	9. mandat	-	Zasedanje 6	2017-12-15	-	Reference	English	Regular	MP	notMinister	SDP	Socijaldemokratska partija Hrvatske	Coalition	Centre-left	GlavaševićBojan	Glavašević, Bojan	M	1984	
ParlaMint-HR-en_2017-11-08-0	ParlaMint-HR_2017-11-08-0.u56848	Minutes of the National Assembly of the Republic of Croatia, Term 9, Session 6	2017-11-08	Unicameralism	9. mandat	-	Zasedanje 6	2017-12-15	-	Reference	English	Chairperson	MP	notMinister	HDZ	Hrvatska demokratska zajednica	Coalition	Centre-right	BrkićMilijan	Brkić, Milijan	M	1970	
ParlaMint-HR-en_2017-11-08-0	ParlaMint-HR_2017-11-08-0.u56849	Minutes of the National Assembly of the Republic of Croatia, Term 9, Session 6	2017-11-08	Unicameralism	9. mandat	-	Zasedanje 6	2017-12-15	-	Reference	English	Regular	MP	notMinister	SDP	Socijaldemokratska partija Hrvatske	Coalition	Centre-left	JovanovićŽeljko	Jovanović, Željko	M	1965	
ParlaMint-HR-en_2017-11-08-0	ParlaMint-HR_2017-11-08-0.u56850	Minutes of the National Assembly of the Republic of Croatia, Term 9, Session 6	2017-11-08	Unicameralism	9. mandat	-	Zasedanje 6	2017-12-15	-	Reference	English	Chairperson	MP	notMinister	HDZ	Hrvatska demokratska zajednica	Coalition	Centre-right	BrkićMilijan	Brkić, Milijan	M	1970	
ParlaMint-HR-en_2017-11-08-0	ParlaMint-HR_2017-11-08-0.u56851	Minutes of the National Assembly of the Republic of Croatia, Term 9, Session 6	2017-11-08	Unicameralism	9. mandat	-	Zasedanje 6	2017-12-15	-	Reference	English	Regular	MP	notMinister	SDP	Socijaldemokratska partija Hrvatske	Coalition	Centre-left	GlasovacSabina	Glasovac, Sabina	F	1978	
ParlaMint-HR-en_2017-11-08-0	ParlaMint-HR_2017-11-08-0.u56852	Minutes of the National Assembly of the Republic of Croatia, Term 9, Session 6	2017-11-08	Unicameralism	9. mandat	-	Zasedanje 6	2017-12-15	-	Reference	English	Chairperson	MP	notMinister	HDZ	Hrvatska demokratska zajednica	Coalition	Centre-right	BrkićMilijan	Brkić, Milijan	M	1970	
ParlaMint-HR-en_2017-11-08-0	ParlaMint-HR_2017-11-08-0.u56853	Minutes of the National Assembly of the Republic of Croatia, Term 9, Session 6	2017-11-08	Unicameralism	9. mandat	-	Zasedanje 6	2017-12-15	-	Reference	English	Regular	MP	notMinister	SDP	Socijaldemokratska partija Hrvatske	Coalition	Centre-left	GlavaševićBojan	Glavašević, Bojan	M	1984	
ParlaMint-HR-en_2017-11-08-0	ParlaMint-HR_2017-11-08-0.u56854	Minutes of the National Assembly of the Republic of Croatia, Term 9, Session 6	2017-11-08	Unicameralism	9. mandat	-	Zasedanje 6	2017-12-15	-	Reference	English	Chairperson	MP	notMinister	HDZ	Hrvatska demokratska zajednica	Coalition	Centre-right	BrkićMilijan	Brkić, Milijan	M	1970	
ParlaMint-HR-en_2017-11-08-0	ParlaMint-HR_2017-11-08-0.u56855	Minutes of the National Assembly of the Republic of Croatia, Term 9, Session 6	2017-11-08	Unicameralism	9. mandat	-	Zasedanje 6	2017-12-15	-	Reference	English	Regular	MP	notMinister	SDP	Socijaldemokratska partija Hrvatske	Coalition	Centre-left	GlasovacSabina	Glasovac, Sabina	F	1978	
ParlaMint-HR-en_2017-11-08-0	ParlaMint-HR_2017-11-08-0.u56856	Minutes of the National Assembly of the Republic of Croatia, Term 9, Session 6	2017-11-08	Unicameralism	9. mandat	-	Zasedanje 6	2017-12-15	-	Reference	English	Chairperson	MP	notMinister	HDZ	Hrvatska demokratska zajednica	Coalition	Centre-right	BrkićMilijan	Brkić, Milijan	M	1970	
ParlaMint-HR-en_2017-11-08-0	ParlaMint-HR_2017-11-08-0.u56857	Minutes of the National Assembly of the Republic of Croatia, Term 9, Session 6	2017-11-08	Unicameralism	9. mandat	-	Zasedanje 6	2017-12-15	-	Reference	English	Regular	MP	notMinister	HDZ	Hrvatska demokratska zajednica	Coalition	Centre-right	JuričevMartinčevBranka	Juričev-Martinčev, Branka	F	1965	
ParlaMint-HR-en_2017-11-08-0	ParlaMint-HR_2017-11-08-0.u56858	Minutes of the National Assembly of the Republic of Croatia, Term 9, Session 6	2017-11-08	Unicameralism	9. mandat	-	Zasedanje 6	2017-12-15	-	Reference	English	Chairperson	MP	notMinister	HDZ	Hrvatska demokratska zajednica	Coalition	Centre-right	BrkićMilijan	Brkić, Milijan	M	1970	
ParlaMint-HR-en_2017-11-08-0	ParlaMint-HR_2017-11-08-0.u56859	Minutes of the National Assembly of the Republic of Croatia, Term 9, Session 6	2017-11-08	Unicameralism	9. mandat	-	Zasedanje 6	2017-12-15	-	Reference	English	Regular	MP	notMinister	SDP	Socijaldemokratska partija Hrvatske	Coalition	Centre-left	GlasovacSabina	Glasovac, Sabina	F	1978	
ParlaMint-HR-en_2017-11-08-0	ParlaMint-HR_2017-11-08-0.u56860	Minutes of the National Assembly of the Republic of Croatia, Term 9, Session 6	2017-11-08	Unicameralism	9. mandat	-	Zasedanje 6	2017-12-15	-	Reference	English	Chairperson	MP	notMinister	HDZ	Hrvatska demokratska zajednica	Coalition	Centre-right	BrkićMilijan	Brkić, Milijan	M	1970	
ParlaMint-HR-en_2017-11-08-0	ParlaMint-HR_2017-11-08-0.u56861	Minutes of the National Assembly of the Republic of Croatia, Term 9, Session 6	2017-11-08	Unicameralism	9. mandat	-	Zasedanje 6	2017-12-15	-	Reference	English	Regular	MP	notMinister	HDZ	Hrvatska demokratska zajednica	Coalition	Centre-right	PetrijevčaninVuksanovićIrena	Petrijevčanin Vuksanović, Irena	F	1978	
ParlaMint-HR-en_2017-11-08-0	ParlaMint-HR_2017-11-08-0.u56862	Minutes of the National Assembly of the Republic of Croatia, Term 9, Session 6	2017-11-08	Unicameralism	9. mandat	-	Zasedanje 6	2017-12-15	-	Reference	English	Chairperson	MP	notMinister	HDZ	Hrvatska demokratska zajednica	Coalition	Centre-right	BrkićMilijan	Brkić, Milijan	M	1970	
ParlaMint-HR-en_2017-11-08-0	ParlaMint-HR_2017-11-08-0.u56863	Minutes of the National Assembly of the Republic of Croatia, Term 9, Session 6	2017-11-08	Unicameralism	9. mandat	-	Zasedanje 6	2017-12-15	-	Reference	English	Regular	MP	notMinister	SDP	Socijaldemokratska partija Hrvatske	Coalition	Centre-left	GlasovacSabina	Glasovac, Sabina	F	1978	
ParlaMint-HR-en_2017-11-08-0	ParlaMint-HR_2017-11-08-0.u56864	Minutes of the National Assembly of the Republic of Croatia, Term 9, Session 6	2017-11-08	Unicameralism	9. mandat	-	Zasedanje 6	2017-12-15	-	Reference	English	Chairperson	MP	notMinister	HDZ	Hrvatska demokratska zajednica	Coalition	Centre-right	BrkićMilijan	Brkić, Milijan	M	1970	
ParlaMint-HR-en_2017-11-08-0	ParlaMint-HR_2017-11-08-0.u56865	Minutes of the National Assembly of the Republic of Croatia, Term 9, Session 6	2017-11-08	Unicameralism	9. mandat	-	Zasedanje 6	2017-12-15	-	Reference	English	Regular	MP	notMinister	HDZ	Hrvatska demokratska zajednica	Coalition	Centre-right	BabićAnte	Babić, Ante	M	1966	
ParlaMint-HR-en_2017-11-08-0	ParlaMint-HR_2017-11-08-0.u56866	Minutes of the National Assembly of the Republic of Croatia, Term 9, Session 6	2017-11-08	Unicameralism	9. mandat	-	Zasedanje 6	2017-12-15	-	Reference	English	Chairperson	MP	notMinister	HDZ	Hrvatska demokratska zajednica	Coalition	Centre-right	BrkićMilijan	Brkić, Milijan	M	1970	
ParlaMint-HR-en_2017-11-08-0	ParlaMint-HR_2017-11-08-0.u56867	Minutes of the National Assembly of the Republic of Croatia, Term 9, Session 6	2017-11-08	Unicameralism	9. mandat	-	Zasedanje 6	2017-12-15	-	Reference	English	Regular	MP	notMinister	SDP	Socijaldemokratska partija Hrvatske	Coalition	Centre-left	GlasovacSabina	Glasovac, Sabina	F	1978	
ParlaMint-HR-en_2017-11-08-0	ParlaMint-HR_2017-11-08-0.u56868	Minutes of the National Assembly of the Republic of Croatia, Term 9, Session 6	2017-11-08	Unicameralism	9. mandat	-	Zasedanje 6	2017-12-15	-	Reference	English	Chairperson	MP	notMinister	HDZ	Hrvatska demokratska zajednica	Coalition	Centre-right	BrkićMilijan	Brkić, Milijan	M	1970	
ParlaMint-HR-en_2017-11-08-0	ParlaMint-HR_2017-11-08-0.u56869	Minutes of the National Assembly of the Republic of Croatia, Term 9, Session 6	2017-11-08	Unicameralism	9. mandat	-	Zasedanje 6	2017-12-15	-	Reference	English	Regular	MP	notMinister	Živi zid	Živi zid	Coalition	-	PernarIvan	Pernar, Ivan	M	1985	
ParlaMint-HR-en_2017-11-08-0	ParlaMint-HR_2017-11-08-0.u56870	Minutes of the National Assembly of the Republic of Croatia, Term 9, Session 6	2017-11-08	Unicameralism	9. mandat	-	Zasedanje 6	2017-12-15	-	Reference	English	Chairperson	MP	notMinister	HDZ	Hrvatska demokratska zajednica	Coalition	Centre-right	BrkićMilijan	Brkić, Milijan	M	1970	
ParlaMint-HR-en_2017-11-08-0	ParlaMint-HR_2017-11-08-0.u56871	Minutes of the National Assembly of the Republic of Croatia, Term 9, Session 6	2017-11-08	Unicameralism	9. mandat	-	Zasedanje 6	2017-12-15	-	Reference	English	Regular	MP	notMinister	SDP	Socijaldemokratska partija Hrvatske	Coalition	Centre-left	BaukArsen	Bauk, Arsen	M	1973	
ParlaMint-HR-en_2017-11-08-0	ParlaMint-HR_2017-11-08-0.u56872	Minutes of the National Assembly of the Republic of Croatia, Term 9, Session 6	2017-11-08	Unicameralism	9. mandat	-	Zasedanje 6	2017-12-15	-	Reference	English	Chairperson	MP	notMinister	HDZ	Hrvatska demokratska zajednica	Coalition	Centre-right	BrkićMilijan	Brkić, Milijan	M	1970	
ParlaMint-HR-en_2017-11-08-0	ParlaMint-HR_2017-11-08-0.u56874	Minutes of the National Assembly of the Republic of Croatia, Term 9, Session 6	2017-11-08	Unicameralism	9. mandat	-	Zasedanje 6	2017-12-15	-	Reference	English	Regular	MP	notMinister	HDZ	Hrvatska demokratska zajednica	Coalition	Centre-right	BabićAnte	Babić, Ante	M	1966	
ParlaMint-HR-en_2017-11-08-0	ParlaMint-HR_2017-11-08-0.u56875	Minutes of the National Assembly of the Republic of Croatia, Term 9, Session 6	2017-11-08	Unicameralism	9. mandat	-	Zasedanje 6	2017-12-15	-	Reference	English	Chairperson	MP	notMinister	HDZ	Hrvatska demokratska zajednica	Coalition	Centre-right	BrkićMilijan	Brkić, Milijan	M	1970	
ParlaMint-HR-en_2017-11-08-0	ParlaMint-HR_2017-11-08-0.u56876	Minutes of the National Assembly of the Republic of Croatia, Term 9, Session 6	2017-11-08	Unicameralism	9. mandat	-	Zasedanje 6	2017-12-15	-	Reference	English	Regular	MP	notMinister	GLAS	Građansko-liberalni savez	Opposition	Centre-left	BeusRichemberghGoran	Beus Richembergh, Goran	M	1965	
ParlaMint-HR-en_2017-11-08-0	ParlaMint-HR_2017-11-08-0.u56877	Minutes of the National Assembly of the Republic of Croatia, Term 9, Session 6	2017-11-08	Unicameralism	9. mandat	-	Zasedanje 6	2017-12-15	-	Reference	English	Chairperson	MP	notMinister	HDZ	Hrvatska demokratska zajednica	Coalition	Centre-right	BrkićMilijan	Brkić, Milijan	M	1970	
ParlaMint-HR-en_2017-11-08-0	ParlaMint-HR_2017-11-08-0.u56878	Minutes of the National Assembly of the Republic of Croatia, Term 9, Session 6	2017-11-08	Unicameralism	9. mandat	-	Zasedanje 6	2017-12-15	-	Reference	English	Regular	MP	notMinister	HDZ	Hrvatska demokratska zajednica	Coalition	Centre-right	BabićAnte	Babić, Ante	M	1966	
ParlaMint-HR-en_2017-11-08-0	ParlaMint-HR_2017-11-08-0.u56879	Minutes of the National Assembly of the Republic of Croatia, Term 9, Session 6	2017-11-08	Unicameralism	9. mandat	-	Zasedanje 6	2017-12-15	-	Reference	English	Chairperson	MP	notMinister	HDZ	Hrvatska demokratska zajednica	Coalition	Centre-right	BrkićMilijan	Brkić, Milijan	M	1970	
ParlaMint-HR-en_2017-11-08-0	ParlaMint-HR_2017-11-08-0.u56880	Minutes of the National Assembly of the Republic of Croatia, Term 9, Session 6	2017-11-08	Unicameralism	9. mandat	-	Zasedanje 6	2017-12-15	-	Reference	English	Regular	MP	notMinister	HDZ	Hrvatska demokratska zajednica	Coalition	Centre-right	LukačićLjubica	Lukačić, Ljubica	F	1966	
ParlaMint-HR-en_2017-11-08-0	ParlaMint-HR_2017-11-08-0.u56881	Minutes of the National Assembly of the Republic of Croatia, Term 9, Session 6	2017-11-08	Unicameralism	9. mandat	-	Zasedanje 6	2017-12-15	-	Reference	English	Chairperson	MP	notMinister	HDZ	Hrvatska demokratska zajednica	Coalition	Centre-right	BrkićMilijan	Brkić, Milijan	M	1970	
ParlaMint-HR-en_2017-11-08-0	ParlaMint-HR_2017-11-08-0.u56882	Minutes of the National Assembly of the Republic of Croatia, Term 9, Session 6	2017-11-08	Unicameralism	9. mandat	-	Zasedanje 6	2017-12-15	-	Reference	English	Regular	MP	notMinister	HDZ	Hrvatska demokratska zajednica	Coalition	Centre-right	BabićAnte	Babić, Ante	M	1966	
ParlaMint-HR-en_2017-11-08-0	ParlaMint-HR_2017-11-08-0.u56883	Minutes of the National Assembly of the Republic of Croatia, Term 9, Session 6	2017-11-08	Unicameralism	9. mandat	-	Zasedanje 6	2017-12-15	-	Reference	English	Chairperson	MP	notMinister	HDZ	Hrvatska demokratska zajednica	Coalition	Centre-right	BrkićMilijan	Brkić, Milijan	M	1970	
ParlaMint-HR-en_2017-11-08-0	ParlaMint-HR_2017-11-08-0.u56884	Minutes of the National Assembly of the Republic of Croatia, Term 9, Session 6	2017-11-08	Unicameralism	9. mandat	-	Zasedanje 6	2017-12-15	-	Reference	English	Regular	MP	notMinister	GLAS	Građansko-liberalni savez	Opposition	Centre-left	PusićVesna	Pusić, Vesna	F	1953	
ParlaMint-HR-en_2017-11-08-0	ParlaMint-HR_2017-11-08-0.u56885	Minutes of the National Assembly of the Republic of Croatia, Term 9, Session 6	2017-11-08	Unicameralism	9. mandat	-	Zasedanje 6	2017-12-15	-	Reference	English	Chairperson	MP	notMinister	HDZ	Hrvatska demokratska zajednica	Coalition	Centre-right	BrkićMilijan	Brkić, Milijan	M	1970	
ParlaMint-HR-en_2017-11-08-0	ParlaMint-HR_2017-11-08-0.u56886	Minutes of the National Assembly of the Republic of Croatia, Term 9, Session 6	2017-11-08	Unicameralism	9. mandat	-	Zasedanje 6	2017-12-15	-	Reference	English	Regular	MP	notMinister	HDZ	Hrvatska demokratska zajednica	Coalition	Centre-right	BabićAnte	Babić, Ante	M	1966	
ParlaMint-HR-en_2017-11-08-0	ParlaMint-HR_2017-11-08-0.u56887	Minutes of the National Assembly of the Republic of Croatia, Term 9, Session 6	2017-11-08	Unicameralism	9. mandat	-	Zasedanje 6	2017-12-15	-	Reference	English	Chairperson	MP	notMinister	HDZ	Hrvatska demokratska zajednica	Coalition	Centre-right	BrkićMilijan	Brkić, Milijan	M	1970	
ParlaMint-HR-en_2017-11-08-0	ParlaMint-HR_2017-11-08-0.u56888	Minutes of the National Assembly of the Republic of Croatia, Term 9, Session 6	2017-11-08	Unicameralism	9. mandat	-	Zasedanje 6	2017-12-15	-	Reference	English	Regular	MP	notMinister	GLAS	Građansko-liberalni savez	Opposition	Centre-left	PusićVesna	Pusić, Vesna	F	1953	
ParlaMint-HR-en_2017-11-08-0	ParlaMint-HR_2017-11-08-0.u56889	Minutes of the National Assembly of the Republic of Croatia, Term 9, Session 6	2017-11-08	Unicameralism	9. mandat	-	Zasedanje 6	2017-12-15	-	Reference	English	Chairperson	MP	notMinister	HDZ	Hrvatska demokratska zajednica	Coalition	Centre-right	BrkićMilijan	Brkić, Milijan	M	1970	
ParlaMint-HR-en_2017-11-08-0	ParlaMint-HR_2017-11-08-0.u56890	Minutes of the National Assembly of the Republic of Croatia, Term 9, Session 6	2017-11-08	Unicameralism	9. mandat	-	Zasedanje 6	2017-12-15	-	Reference	English	Regular	MP	notMinister	SDP	Socijaldemokratska partija Hrvatske	Coalition	Centre-left	GlasovacSabina	Glasovac, Sabina	F	1978	
ParlaMint-HR-en_2017-11-08-0	ParlaMint-HR_2017-11-08-0.u56891	Minutes of the National Assembly of the Republic of Croatia, Term 9, Session 6	2017-11-08	Unicameralism	9. mandat	-	Zasedanje 6	2017-12-15	-	Reference	English	Chairperson	MP	notMinister	HDZ	Hrvatska demokratska zajednica	Coalition	Centre-right	BrkićMilijan	Brkić, Milijan	M	1970	
ParlaMint-HR-en_2017-11-08-0	ParlaMint-HR_2017-11-08-0.u56892	Minutes of the National Assembly of the Republic of Croatia, Term 9, Session 6	2017-11-08	Unicameralism	9. mandat	-	Zasedanje 6	2017-12-15	-	Reference	English	Regular	MP	notMinister	GLAS	Građansko-liberalni savez	Opposition	Centre-left	PusićVesna	Pusić, Vesna	F	1953	
ParlaMint-HR-en_2017-11-08-0	ParlaMint-HR_2017-11-08-0.u56893	Minutes of the National Assembly of the Republic of Croatia, Term 9, Session 6	2017-11-08	Unicameralism	9. mandat	-	Zasedanje 6	2017-12-15	-	Reference	English	Chairperson	MP	notMinister	HDZ	Hrvatska demokratska zajednica	Coalition	Centre-right	BrkićMilijan	Brkić, Milijan	M	1970	
ParlaMint-HR-en_2017-11-08-0	ParlaMint-HR_2017-11-08-0.u56894	Minutes of the National Assembly of the Republic of Croatia, Term 9, Session 6	2017-11-08	Unicameralism	9. mandat	-	Zasedanje 6	2017-12-15	-	Reference	English	Regular	MP	notMinister	SDP	Socijaldemokratska partija Hrvatske	Coalition	Centre-left	GlavaševićBojan	Glavašević, Bojan	M	1984	
ParlaMint-HR-en_2017-11-08-0	ParlaMint-HR_2017-11-08-0.u56895	Minutes of the National Assembly of the Republic of Croatia, Term 9, Session 6	2017-11-08	Unicameralism	9. mandat	-	Zasedanje 6	2017-12-15	-	Reference	English	Chairperson	MP	notMinister	HDZ	Hrvatska demokratska zajednica	Coalition	Centre-right	BrkićMilijan	Brkić, Milijan	M	1970	
ParlaMint-HR-en_2017-11-08-0	ParlaMint-HR_2017-11-08-0.u56896	Minutes of the National Assembly of the Republic of Croatia, Term 9, Session 6	2017-11-08	Unicameralism	9. mandat	-	Zasedanje 6	2017-12-15	-	Reference	English	Regular	MP	notMinister	GLAS	Građansko-liberalni savez	Opposition	Centre-left	PusićVesna	Pusić, Vesna	F	1953	
ParlaMint-HR-en_2017-11-08-0	ParlaMint-HR_2017-11-08-0.u56897	Minutes of the National Assembly of the Republic of Croatia, Term 9, Session 6	2017-11-08	Unicameralism	9. mandat	-	Zasedanje 6	2017-12-15	-	Reference	English	Chairperson	MP	notMinister	HDZ	Hrvatska demokratska zajednica	Coalition	Centre-right	BrkićMilijan	Brkić, Milijan	M	1970	
ParlaMint-HR-en_2017-11-08-0	ParlaMint-HR_2017-11-08-0.u56898	Minutes of the National Assembly of the Republic of Croatia, Term 9, Session 6	2017-11-08	Unicameralism	9. mandat	-	Zasedanje 6	2017-12-15	-	Reference	English	Regular	MP	notMinister	SDSS	Samostalna demokratska srpska stranka	Opposition	Centre-left	PupovacMilorad	Pupovac, Milorad	M	1955	
ParlaMint-HR-en_2017-11-08-0	ParlaMint-HR_2017-11-08-0.u56899	Minutes of the National Assembly of the Republic of Croatia, Term 9, Session 6	2017-11-08	Unicameralism	9. mandat	-	Zasedanje 6	2017-12-15	-	Reference	English	Chairperson	MP	notMinister	HDZ	Hrvatska demokratska zajednica	Coalition	Centre-right	BrkićMilijan	Brkić, Milijan	M	1970	
ParlaMint-HR-en_2017-11-08-0	ParlaMint-HR_2017-11-08-0.u56900	Minutes of the National Assembly of the Republic of Croatia, Term 9, Session 6	2017-11-08	Unicameralism	9. mandat	-	Zasedanje 6	2017-12-15	-	Reference	English	Regular	MP	notMinister	HDZ	Hrvatska demokratska zajednica	Coalition	Centre-right	BabićAnte	Babić, Ante	M	1966	
ParlaMint-HR-en_2017-11-08-0	ParlaMint-HR_2017-11-08-0.u56901	Minutes of the National Assembly of the Republic of Croatia, Term 9, Session 6	2017-11-08	Unicameralism	9. mandat	-	Zasedanje 6	2017-12-15	-	Reference	English	Chairperson	MP	notMinister	HDZ	Hrvatska demokratska zajednica	Coalition	Centre-right	BrkićMilijan	Brkić, Milijan	M	1970	
ParlaMint-HR-en_2017-11-08-0	ParlaMint-HR_2017-11-08-0.u56902	Minutes of the National Assembly of the Republic of Croatia, Term 9, Session 6	2017-11-08	Unicameralism	9. mandat	-	Zasedanje 6	2017-12-15	-	Reference	English	Regular	MP	notMinister	SDSS	Samostalna demokratska srpska stranka	Opposition	Centre-left	PupovacMilorad	Pupovac, Milorad	M	1955	
ParlaMint-HR-en_2017-11-08-0	ParlaMint-HR_2017-11-08-0.u56903	Minutes of the National Assembly of the Republic of Croatia, Term 9, Session 6	2017-11-08	Unicameralism	9. mandat	-	Zasedanje 6	2017-12-15	-	Reference	English	Chairperson	MP	notMinister	HDZ	Hrvatska demokratska zajednica	Coalition	Centre-right	BrkićMilijan	Brkić, Milijan	M	1970	
ParlaMint-HR-en_2017-11-08-0	ParlaMint-HR_2017-11-08-0.u56904	Minutes of the National Assembly of the Republic of Croatia, Term 9, Session 6	2017-11-08	Unicameralism	9. mandat	-	Zasedanje 6	2017-12-15	-	Reference	English	Regular	MP	notMinister	IDS	Istarski demokratski sabor	Coalition	Centre to centre-left	SponzaGiovanni	Sponza, Giovanni	M	1963	
ParlaMint-HR-en_2017-11-08-0	ParlaMint-HR_2017-11-08-0.u56905	Minutes of the National Assembly of the Republic of Croatia, Term 9, Session 6	2017-11-08	Unicameralism	9. mandat	-	Zasedanje 6	2017-12-15	-	Reference	English	Chairperson	MP	notMinister	HDZ	Hrvatska demokratska zajednica	Coalition	Centre-right	BrkićMilijan	Brkić, Milijan	M	1970	
ParlaMint-HR-en_2017-11-08-0	ParlaMint-HR_2017-11-08-0.u56906	Minutes of the National Assembly of the Republic of Croatia, Term 9, Session 6	2017-11-08	Unicameralism	9. mandat	-	Zasedanje 6	2017-12-15	-	Reference	English	Regular	MP	notMinister	HNS	Hrvatska narodna stranka	Coalition	Centre to centre-left	PuhMarija	Puh, Marija	F	1985	
ParlaMint-HR-en_2017-11-08-0	ParlaMint-HR_2017-11-08-0.u56907	Minutes of the National Assembly of the Republic of Croatia, Term 9, Session 6	2017-11-08	Unicameralism	9. mandat	-	Zasedanje 6	2017-12-15	-	Reference	English	Chairperson	MP	notMinister	HDZ	Hrvatska demokratska zajednica	Coalition	Centre-right	BrkićMilijan	Brkić, Milijan	M	1970	
ParlaMint-HR-en_2017-11-08-0	ParlaMint-HR_2017-11-08-0.u56908	Minutes of the National Assembly of the Republic of Croatia, Term 9, Session 6	2017-11-08	Unicameralism	9. mandat	-	Zasedanje 6	2017-12-15	-	Reference	English	Regular	MP	notMinister	SDP	Socijaldemokratska partija Hrvatske	Coalition	Centre-left	GlavaševićBojan	Glavašević, Bojan	M	1984	
ParlaMint-HR-en_2017-11-08-0	ParlaMint-HR_2017-11-08-0.u56909	Minutes of the National Assembly of the Republic of Croatia, Term 9, Session 6	2017-11-08	Unicameralism	9. mandat	-	Zasedanje 6	2017-12-15	-	Reference	English	Chairperson	MP	notMinister	HDZ	Hrvatska demokratska zajednica	Coalition	Centre-right	BrkićMilijan	Brkić, Milijan	M	1970	
ParlaMint-HR-en_2017-11-08-0	ParlaMint-HR_2017-11-08-0.u56910	Minutes of the National Assembly of the Republic of Croatia, Term 9, Session 6	2017-11-08	Unicameralism	9. mandat	-	Zasedanje 6	2017-12-15	-	Reference	English	Regular	MP	notMinister	HNS	Hrvatska narodna stranka	Coalition	Centre to centre-left	PuhMarija	Puh, Marija	F	1985	
ParlaMint-HR-en_2017-11-08-0	ParlaMint-HR_2017-11-08-0.u56911	Minutes of the National Assembly of the Republic of Croatia, Term 9, Session 6	2017-11-08	Unicameralism	9. mandat	-	Zasedanje 6	2017-12-15	-	Reference	English	Chairperson	MP	notMinister	HDZ	Hrvatska demokratska zajednica	Coalition	Centre-right	BrkićMilijan	Brkić, Milijan	M	1970	
ParlaMint-HR-en_2017-11-08-0	ParlaMint-HR_2017-11-08-0.u56912	Minutes of the National Assembly of the Republic of Croatia, Term 9, Session 6	2017-11-08	Unicameralism	9. mandat	-	Zasedanje 6	2017-12-15	-	Reference	English	Regular	notMP	Minister	-	-	-	-	MurganićNada	Murganić, Nada	F	1958	
ParlaMint-HR-en_2017-11-08-0	ParlaMint-HR_2017-11-08-0.u56913	Minutes of the National Assembly of the Republic of Croatia, Term 9, Session 6	2017-11-08	Unicameralism	9. mandat	-	Zasedanje 6	2017-12-15	-	Reference	English	Chairperson	MP	notMinister	HDZ	Hrvatska demokratska zajednica	Coalition	Centre-right	BrkićMilijan	Brkić, Milijan	M	1970	
ParlaMint-HR-en_2017-11-08-0	ParlaMint-HR_2017-11-08-0.u56914	Minutes of the National Assembly of the Republic of Croatia, Term 9, Session 6	2017-11-08	Unicameralism	9. mandat	-	Zasedanje 6	2017-12-15	-	Reference	English	Regular	MP	notMinister	SDP	Socijaldemokratska partija Hrvatske	Coalition	Centre-left	BaukArsen	Bauk, Arsen	M	1973	
ParlaMint-HR-en_2017-11-08-0	ParlaMint-HR_2017-11-08-0.u56915	Minutes of the National Assembly of the Republic of Croatia, Term 9, Session 6	2017-11-08	Unicameralism	9. mandat	-	Zasedanje 6	2017-12-15	-	Reference	English	Chairperson	MP	notMinister	HDZ	Hrvatska demokratska zajednica	Coalition	Centre-right	BrkićMilijan	Brkić, Milijan	M	1970	
ParlaMint-HR-en_2017-11-08-0	ParlaMint-HR_2017-11-08-0.u56916	Minutes of the National Assembly of the Republic of Croatia, Term 9, Session 6	2017-11-08	Unicameralism	9. mandat	-	Zasedanje 6	2017-12-15	-	Reference	English	Regular	MP	notMinister	GLAS	Građansko-liberalni savez	Opposition	Centre-left	MrakTaritašAnka	Mrak-Taritaš, Anka	F	1959	
ParlaMint-HR-en_2017-11-08-0	ParlaMint-HR_2017-11-08-0.u56917	Minutes of the National Assembly of the Republic of Croatia, Term 9, Session 6	2017-11-08	Unicameralism	9. mandat	-	Zasedanje 6	2017-12-15	-	Reference	English	Chairperson	MP	notMinister	HDZ	Hrvatska demokratska zajednica	Coalition	Centre-right	BrkićMilijan	Brkić, Milijan	M	1970	
ParlaMint-HR-en_2017-11-08-0	ParlaMint-HR_2017-11-08-0.u56918	Minutes of the National Assembly of the Republic of Croatia, Term 9, Session 6	2017-11-08	Unicameralism	9. mandat	-	Zasedanje 6	2017-12-15	-	Reference	English	Regular	MP	notMinister	HDZ	Hrvatska demokratska zajednica	Coalition	Centre-right	JandrokovićGordan	Jandroković, Gordan	M	1967	
