Text_ID	ID	Title	Date	Body	Term	Session	Meeting	Sitting	Agenda	Subcorpus	Lang	Speaker_role	Speaker_MP	Speaker_minister	Speaker_party	Speaker_party_name	Party_status	Party_orientation	Speaker_ID	Speaker_name	Speaker_gender	Speaker_birth
ParlaMint-HR-en_2017-07-12-0	ParlaMint-HR_2017-07-12-0.u38860	Minutes of the National Assembly of the Republic of Croatia, Term 9, Session 4	2017-07-12	Unicameralism	9. mandat	-	Zasedanje 4	2017-07-14	-	Reference	English	Regular	MP	notMinister	SDP	Socijaldemokratska partija Hrvatske	Coalition	Centre-left	HajdašDončićSiniša	Hajdaš Dončić, Siniša	M	1974	
ParlaMint-HR-en_2017-07-12-0	ParlaMint-HR_2017-07-12-0.u38861	Minutes of the National Assembly of the Republic of Croatia, Term 9, Session 4	2017-07-12	Unicameralism	9. mandat	-	Zasedanje 4	2017-07-14	-	Reference	English	Chairperson	MP	notMinister	HDZ	Hrvatska demokratska zajednica	Coalition	Centre-right	JandrokovićGordan	Jandroković, Gordan	M	1967	
ParlaMint-HR-en_2017-07-12-0	ParlaMint-HR_2017-07-12-0.u38862	Minutes of the National Assembly of the Republic of Croatia, Term 9, Session 4	2017-07-12	Unicameralism	9. mandat	-	Zasedanje 4	2017-07-14	-	Reference	English	Regular	MP	notMinister	PH	Promijenimo Hrvatsku!	Coalition	-	LovrinovićIvan	Lovrinović, Ivan	M	1960	
ParlaMint-HR-en_2017-07-12-0	ParlaMint-HR_2017-07-12-0.u38863	Minutes of the National Assembly of the Republic of Croatia, Term 9, Session 4	2017-07-12	Unicameralism	9. mandat	-	Zasedanje 4	2017-07-14	-	Reference	English	Chairperson	MP	notMinister	HDZ	Hrvatska demokratska zajednica	Coalition	Centre-right	JandrokovićGordan	Jandroković, Gordan	M	1967	
ParlaMint-HR-en_2017-07-12-0	ParlaMint-HR_2017-07-12-0.u38864	Minutes of the National Assembly of the Republic of Croatia, Term 9, Session 4	2017-07-12	Unicameralism	9. mandat	-	Zasedanje 4	2017-07-14	-	Reference	English	Regular	MP	notMinister	MOST	Most nezavisnih lista	Opposition	Centre-right to right	NinčevićLesandrićIvana	Ninčević-Lesandrić, Ivana	F	1983	
ParlaMint-HR-en_2017-07-12-0	ParlaMint-HR_2017-07-12-0.u38865	Minutes of the National Assembly of the Republic of Croatia, Term 9, Session 4	2017-07-12	Unicameralism	9. mandat	-	Zasedanje 4	2017-07-14	-	Reference	English	Chairperson	MP	notMinister	HDZ	Hrvatska demokratska zajednica	Coalition	Centre-right	JandrokovićGordan	Jandroković, Gordan	M	1967	
ParlaMint-HR-en_2017-07-12-0	ParlaMint-HR_2017-07-12-0.u38866	Minutes of the National Assembly of the Republic of Croatia, Term 9, Session 4	2017-07-12	Unicameralism	9. mandat	-	Zasedanje 4	2017-07-14	-	Reference	English	Regular	MP	notMinister	HDZ	Hrvatska demokratska zajednica	Coalition	Centre-right	BačićBranko	Bačić, Branko	M	1959	
ParlaMint-HR-en_2017-07-12-0	ParlaMint-HR_2017-07-12-0.u38867	Minutes of the National Assembly of the Republic of Croatia, Term 9, Session 4	2017-07-12	Unicameralism	9. mandat	-	Zasedanje 4	2017-07-14	-	Reference	English	Chairperson	MP	notMinister	HDZ	Hrvatska demokratska zajednica	Coalition	Centre-right	JandrokovićGordan	Jandroković, Gordan	M	1967	
ParlaMint-HR-en_2017-07-12-0	ParlaMint-HR_2017-07-12-0.u38869	Minutes of the National Assembly of the Republic of Croatia, Term 9, Session 4	2017-07-12	Unicameralism	9. mandat	-	Zasedanje 4	2017-07-14	-	Reference	English	Regular	MP	notMinister	SDP	Socijaldemokratska partija Hrvatske	Coalition	Centre-left	GrbinPeđa	Grbin, Peđa	M	1979	
ParlaMint-HR-en_2017-07-12-0	ParlaMint-HR_2017-07-12-0.u38870	Minutes of the National Assembly of the Republic of Croatia, Term 9, Session 4	2017-07-12	Unicameralism	9. mandat	-	Zasedanje 4	2017-07-14	-	Reference	English	Chairperson	MP	notMinister	HDZ	Hrvatska demokratska zajednica	Coalition	Centre-right	JandrokovićGordan	Jandroković, Gordan	M	1967	
ParlaMint-HR-en_2017-07-12-0	ParlaMint-HR_2017-07-12-0.u38871	Minutes of the National Assembly of the Republic of Croatia, Term 9, Session 4	2017-07-12	Unicameralism	9. mandat	-	Zasedanje 4	2017-07-14	-	Reference	English	Regular	MP	notMinister	PH	Promijenimo Hrvatsku!	Coalition	-	LovrinovićIvan	Lovrinović, Ivan	M	1960	
ParlaMint-HR-en_2017-07-12-0	ParlaMint-HR_2017-07-12-0.u38872	Minutes of the National Assembly of the Republic of Croatia, Term 9, Session 4	2017-07-12	Unicameralism	9. mandat	-	Zasedanje 4	2017-07-14	-	Reference	English	Chairperson	MP	notMinister	HDZ	Hrvatska demokratska zajednica	Coalition	Centre-right	JandrokovićGordan	Jandroković, Gordan	M	1967	
ParlaMint-HR-en_2017-07-12-0	ParlaMint-HR_2017-07-12-0.u38873	Minutes of the National Assembly of the Republic of Croatia, Term 9, Session 4	2017-07-12	Unicameralism	9. mandat	-	Zasedanje 4	2017-07-14	-	Reference	English	Regular	MP	notMinister	MOST	Most nezavisnih lista	Opposition	Centre-right to right	NinčevićLesandrićIvana	Ninčević-Lesandrić, Ivana	F	1983	
ParlaMint-HR-en_2017-07-12-0	ParlaMint-HR_2017-07-12-0.u38874	Minutes of the National Assembly of the Republic of Croatia, Term 9, Session 4	2017-07-12	Unicameralism	9. mandat	-	Zasedanje 4	2017-07-14	-	Reference	English	Chairperson	MP	notMinister	HDZ	Hrvatska demokratska zajednica	Coalition	Centre-right	JandrokovićGordan	Jandroković, Gordan	M	1967	
ParlaMint-HR-en_2017-07-12-0	ParlaMint-HR_2017-07-12-0.u38875	Minutes of the National Assembly of the Republic of Croatia, Term 9, Session 4	2017-07-12	Unicameralism	9. mandat	-	Zasedanje 4	2017-07-14	-	Reference	English	Regular	MP	notMinister	HDZ	Hrvatska demokratska zajednica	Coalition	Centre-right	BačićBranko	Bačić, Branko	M	1959	
ParlaMint-HR-en_2017-07-12-0	ParlaMint-HR_2017-07-12-0.u38876	Minutes of the National Assembly of the Republic of Croatia, Term 9, Session 4	2017-07-12	Unicameralism	9. mandat	-	Zasedanje 4	2017-07-14	-	Reference	English	Chairperson	MP	notMinister	HDZ	Hrvatska demokratska zajednica	Coalition	Centre-right	JandrokovićGordan	Jandroković, Gordan	M	1967	
ParlaMint-HR-en_2017-07-12-0	ParlaMint-HR_2017-07-12-0.u45263	Minutes of the National Assembly of the Republic of Croatia, Term 9, Session 4	2017-07-12	Unicameralism	9. mandat	-	Zasedanje 4	2017-07-14	-	Reference	English	Regular	notMP	notMinister	-	-	-	-	VlaićPetar	Vlaić, Petar	U	-	
ParlaMint-HR-en_2017-07-12-0	ParlaMint-HR_2017-07-12-0.u45264	Minutes of the National Assembly of the Republic of Croatia, Term 9, Session 4	2017-07-12	Unicameralism	9. mandat	-	Zasedanje 4	2017-07-14	-	Reference	English	Chairperson	MP	notMinister	HDZ	Hrvatska demokratska zajednica	Coalition	Centre-right	JandrokovićGordan	Jandroković, Gordan	M	1967	
ParlaMint-HR-en_2017-07-12-0	ParlaMint-HR_2017-07-12-0.u45265	Minutes of the National Assembly of the Republic of Croatia, Term 9, Session 4	2017-07-12	Unicameralism	9. mandat	-	Zasedanje 4	2017-07-14	-	Reference	English	Regular	notMP	notMinister	-	-	-	-	KašnjarPutarRenata	Kašnjar Putar, Renata	U	-	
ParlaMint-HR-en_2017-07-12-0	ParlaMint-HR_2017-07-12-0.u45266	Minutes of the National Assembly of the Republic of Croatia, Term 9, Session 4	2017-07-12	Unicameralism	9. mandat	-	Zasedanje 4	2017-07-14	-	Reference	English	Chairperson	MP	notMinister	HDZ	Hrvatska demokratska zajednica	Coalition	Centre-right	JandrokovićGordan	Jandroković, Gordan	M	1967	
ParlaMint-HR-en_2017-07-12-0	ParlaMint-HR_2017-07-12-0.u45267	Minutes of the National Assembly of the Republic of Croatia, Term 9, Session 4	2017-07-12	Unicameralism	9. mandat	-	Zasedanje 4	2017-07-14	-	Reference	English	Regular	notMP	notMinister	-	-	-	-	BukKristijan	Buk, Kristijan	U	-	
ParlaMint-HR-en_2017-07-12-0	ParlaMint-HR_2017-07-12-0.u45268	Minutes of the National Assembly of the Republic of Croatia, Term 9, Session 4	2017-07-12	Unicameralism	9. mandat	-	Zasedanje 4	2017-07-14	-	Reference	English	Chairperson	MP	notMinister	HDZ	Hrvatska demokratska zajednica	Coalition	Centre-right	JandrokovićGordan	Jandroković, Gordan	M	1967	
ParlaMint-HR-en_2017-07-12-0	ParlaMint-HR_2017-07-12-0.u45269	Minutes of the National Assembly of the Republic of Croatia, Term 9, Session 4	2017-07-12	Unicameralism	9. mandat	-	Zasedanje 4	2017-07-14	-	Reference	English	Regular	notMP	notMinister	-	-	-	-	GrbavacDamir	Grbavac, Damir	U	-	
ParlaMint-HR-en_2017-07-12-0	ParlaMint-HR_2017-07-12-0.u45270	Minutes of the National Assembly of the Republic of Croatia, Term 9, Session 4	2017-07-12	Unicameralism	9. mandat	-	Zasedanje 4	2017-07-14	-	Reference	English	Chairperson	MP	notMinister	HDZ	Hrvatska demokratska zajednica	Coalition	Centre-right	JandrokovićGordan	Jandroković, Gordan	M	1967	
ParlaMint-HR-en_2017-07-12-0	ParlaMint-HR_2017-07-12-0.u45271	Minutes of the National Assembly of the Republic of Croatia, Term 9, Session 4	2017-07-12	Unicameralism	9. mandat	-	Zasedanje 4	2017-07-14	-	Reference	English	Regular	MP	notMinister	nezavisni	nezavisni	-	-	GlasnovićŽeljko	Glasnović, Željko	M	1954	
ParlaMint-HR-en_2017-07-12-0	ParlaMint-HR_2017-07-12-0.u45272	Minutes of the National Assembly of the Republic of Croatia, Term 9, Session 4	2017-07-12	Unicameralism	9. mandat	-	Zasedanje 4	2017-07-14	-	Reference	English	Chairperson	MP	notMinister	HDZ	Hrvatska demokratska zajednica	Coalition	Centre-right	JandrokovićGordan	Jandroković, Gordan	M	1967	
ParlaMint-HR-en_2017-07-12-0	ParlaMint-HR_2017-07-12-0.u45273	Minutes of the National Assembly of the Republic of Croatia, Term 9, Session 4	2017-07-12	Unicameralism	9. mandat	-	Zasedanje 4	2017-07-14	-	Reference	English	Regular	MP	notMinister	HDZ	Hrvatska demokratska zajednica	Coalition	Centre-right	BurićMajda	Burić, Majda	F	1979	
ParlaMint-HR-en_2017-07-12-0	ParlaMint-HR_2017-07-12-0.u45274	Minutes of the National Assembly of the Republic of Croatia, Term 9, Session 4	2017-07-12	Unicameralism	9. mandat	-	Zasedanje 4	2017-07-14	-	Reference	English	Chairperson	MP	notMinister	HDZ	Hrvatska demokratska zajednica	Coalition	Centre-right	JandrokovićGordan	Jandroković, Gordan	M	1967	
ParlaMint-HR-en_2017-07-12-0	ParlaMint-HR_2017-07-12-0.u45275	Minutes of the National Assembly of the Republic of Croatia, Term 9, Session 4	2017-07-12	Unicameralism	9. mandat	-	Zasedanje 4	2017-07-14	-	Reference	English	Regular	MP	notMinister	MOST	Most nezavisnih lista	Opposition	Centre-right to right	OrepićVlaho	Orepić, Vlaho	M	1968	
ParlaMint-HR-en_2017-07-12-0	ParlaMint-HR_2017-07-12-0.u45276	Minutes of the National Assembly of the Republic of Croatia, Term 9, Session 4	2017-07-12	Unicameralism	9. mandat	-	Zasedanje 4	2017-07-14	-	Reference	English	Chairperson	MP	notMinister	HDZ	Hrvatska demokratska zajednica	Coalition	Centre-right	JandrokovićGordan	Jandroković, Gordan	M	1967	
ParlaMint-HR-en_2017-07-12-0	ParlaMint-HR_2017-07-12-0.u45277	Minutes of the National Assembly of the Republic of Croatia, Term 9, Session 4	2017-07-12	Unicameralism	9. mandat	-	Zasedanje 4	2017-07-14	-	Reference	English	Regular	MP	notMinister	HDZ	Hrvatska demokratska zajednica	Coalition	Centre-right	BurićMajda	Burić, Majda	F	1979	
ParlaMint-HR-en_2017-07-12-0	ParlaMint-HR_2017-07-12-0.u45278	Minutes of the National Assembly of the Republic of Croatia, Term 9, Session 4	2017-07-12	Unicameralism	9. mandat	-	Zasedanje 4	2017-07-14	-	Reference	English	Chairperson	MP	notMinister	HDZ	Hrvatska demokratska zajednica	Coalition	Centre-right	JandrokovićGordan	Jandroković, Gordan	M	1967	
ParlaMint-HR-en_2017-07-12-0	ParlaMint-HR_2017-07-12-0.u45279	Minutes of the National Assembly of the Republic of Croatia, Term 9, Session 4	2017-07-12	Unicameralism	9. mandat	-	Zasedanje 4	2017-07-14	-	Reference	English	Regular	MP	notMinister	HDZ	Hrvatska demokratska zajednica	Coalition	Centre-right	KirinIvan	Kirin, Ivan	M	1951	
ParlaMint-HR-en_2017-07-12-0	ParlaMint-HR_2017-07-12-0.u45280	Minutes of the National Assembly of the Republic of Croatia, Term 9, Session 4	2017-07-12	Unicameralism	9. mandat	-	Zasedanje 4	2017-07-14	-	Reference	English	Chairperson	MP	notMinister	HDZ	Hrvatska demokratska zajednica	Coalition	Centre-right	JandrokovićGordan	Jandroković, Gordan	M	1967	
ParlaMint-HR-en_2017-07-12-0	ParlaMint-HR_2017-07-12-0.u45281	Minutes of the National Assembly of the Republic of Croatia, Term 9, Session 4	2017-07-12	Unicameralism	9. mandat	-	Zasedanje 4	2017-07-14	-	Reference	English	Regular	MP	notMinister	HDZ	Hrvatska demokratska zajednica	Coalition	Centre-right	BurićMajda	Burić, Majda	F	1979	
ParlaMint-HR-en_2017-07-12-0	ParlaMint-HR_2017-07-12-0.u45282	Minutes of the National Assembly of the Republic of Croatia, Term 9, Session 4	2017-07-12	Unicameralism	9. mandat	-	Zasedanje 4	2017-07-14	-	Reference	English	Chairperson	MP	notMinister	HDZ	Hrvatska demokratska zajednica	Coalition	Centre-right	JandrokovićGordan	Jandroković, Gordan	M	1967	
ParlaMint-HR-en_2017-07-12-0	ParlaMint-HR_2017-07-12-0.u45283	Minutes of the National Assembly of the Republic of Croatia, Term 9, Session 4	2017-07-12	Unicameralism	9. mandat	-	Zasedanje 4	2017-07-14	-	Reference	English	Regular	MP	notMinister	HDZ	Hrvatska demokratska zajednica	Coalition	Centre-right	ŠukerIvan	Šuker, Ivan	M	1957	
ParlaMint-HR-en_2017-07-12-0	ParlaMint-HR_2017-07-12-0.u45284	Minutes of the National Assembly of the Republic of Croatia, Term 9, Session 4	2017-07-12	Unicameralism	9. mandat	-	Zasedanje 4	2017-07-14	-	Reference	English	Chairperson	MP	notMinister	HDZ	Hrvatska demokratska zajednica	Coalition	Centre-right	JandrokovićGordan	Jandroković, Gordan	M	1967	
ParlaMint-HR-en_2017-07-12-0	ParlaMint-HR_2017-07-12-0.u45285	Minutes of the National Assembly of the Republic of Croatia, Term 9, Session 4	2017-07-12	Unicameralism	9. mandat	-	Zasedanje 4	2017-07-14	-	Reference	English	Regular	MP	notMinister	HSU	Hrvatska stranka umirovljenika	Coalition	Centre-left	HreljaSilvano	Hrelja, Silvano	M	1958	
ParlaMint-HR-en_2017-07-12-0	ParlaMint-HR_2017-07-12-0.u45286	Minutes of the National Assembly of the Republic of Croatia, Term 9, Session 4	2017-07-12	Unicameralism	9. mandat	-	Zasedanje 4	2017-07-14	-	Reference	English	Chairperson	MP	notMinister	HDZ	Hrvatska demokratska zajednica	Coalition	Centre-right	JandrokovićGordan	Jandroković, Gordan	M	1967	
ParlaMint-HR-en_2017-07-12-0	ParlaMint-HR_2017-07-12-0.u45287	Minutes of the National Assembly of the Republic of Croatia, Term 9, Session 4	2017-07-12	Unicameralism	9. mandat	-	Zasedanje 4	2017-07-14	-	Reference	English	Regular	MP	notMinister	HDZ	Hrvatska demokratska zajednica	Coalition	Centre-right	ŠukerIvan	Šuker, Ivan	M	1957	
ParlaMint-HR-en_2017-07-12-0	ParlaMint-HR_2017-07-12-0.u45288	Minutes of the National Assembly of the Republic of Croatia, Term 9, Session 4	2017-07-12	Unicameralism	9. mandat	-	Zasedanje 4	2017-07-14	-	Reference	English	Chairperson	MP	notMinister	HDZ	Hrvatska demokratska zajednica	Coalition	Centre-right	JandrokovićGordan	Jandroković, Gordan	M	1967	
ParlaMint-HR-en_2017-07-12-0	ParlaMint-HR_2017-07-12-0.u45289	Minutes of the National Assembly of the Republic of Croatia, Term 9, Session 4	2017-07-12	Unicameralism	9. mandat	-	Zasedanje 4	2017-07-14	-	Reference	English	Regular	MP	notMinister	nezavisni	nezavisni	-	-	ŽagarTomislav	Žagar, Tomislav	M	1969	
ParlaMint-HR-en_2017-07-12-0	ParlaMint-HR_2017-07-12-0.u45290	Minutes of the National Assembly of the Republic of Croatia, Term 9, Session 4	2017-07-12	Unicameralism	9. mandat	-	Zasedanje 4	2017-07-14	-	Reference	English	Chairperson	MP	notMinister	HDZ	Hrvatska demokratska zajednica	Coalition	Centre-right	JandrokovićGordan	Jandroković, Gordan	M	1967	
ParlaMint-HR-en_2017-07-12-0	ParlaMint-HR_2017-07-12-0.u45291	Minutes of the National Assembly of the Republic of Croatia, Term 9, Session 4	2017-07-12	Unicameralism	9. mandat	-	Zasedanje 4	2017-07-14	-	Reference	English	Regular	MP	notMinister	HDZ	Hrvatska demokratska zajednica	Coalition	Centre-right	ŠukerIvan	Šuker, Ivan	M	1957	
ParlaMint-HR-en_2017-07-12-0	ParlaMint-HR_2017-07-12-0.u45292	Minutes of the National Assembly of the Republic of Croatia, Term 9, Session 4	2017-07-12	Unicameralism	9. mandat	-	Zasedanje 4	2017-07-14	-	Reference	English	Chairperson	MP	notMinister	HDZ	Hrvatska demokratska zajednica	Coalition	Centre-right	JandrokovićGordan	Jandroković, Gordan	M	1967	
ParlaMint-HR-en_2017-07-12-0	ParlaMint-HR_2017-07-12-0.u45293	Minutes of the National Assembly of the Republic of Croatia, Term 9, Session 4	2017-07-12	Unicameralism	9. mandat	-	Zasedanje 4	2017-07-14	-	Reference	English	Regular	MP	notMinister	nezavisni	nezavisni	-	-	ŽagarTomislav	Žagar, Tomislav	M	1969	
ParlaMint-HR-en_2017-07-12-0	ParlaMint-HR_2017-07-12-0.u45294	Minutes of the National Assembly of the Republic of Croatia, Term 9, Session 4	2017-07-12	Unicameralism	9. mandat	-	Zasedanje 4	2017-07-14	-	Reference	English	Chairperson	MP	notMinister	HDZ	Hrvatska demokratska zajednica	Coalition	Centre-right	JandrokovićGordan	Jandroković, Gordan	M	1967	
ParlaMint-HR-en_2017-07-12-0	ParlaMint-HR_2017-07-12-0.u45295	Minutes of the National Assembly of the Republic of Croatia, Term 9, Session 4	2017-07-12	Unicameralism	9. mandat	-	Zasedanje 4	2017-07-14	-	Reference	English	Regular	MP	notMinister	MOST	Most nezavisnih lista	Opposition	Centre-right to right	SladoljevMarko	Sladoljev, Marko	M	1973	
ParlaMint-HR-en_2017-07-12-0	ParlaMint-HR_2017-07-12-0.u45296	Minutes of the National Assembly of the Republic of Croatia, Term 9, Session 4	2017-07-12	Unicameralism	9. mandat	-	Zasedanje 4	2017-07-14	-	Reference	English	Chairperson	MP	notMinister	HDZ	Hrvatska demokratska zajednica	Coalition	Centre-right	JandrokovićGordan	Jandroković, Gordan	M	1967	
ParlaMint-HR-en_2017-07-12-0	ParlaMint-HR_2017-07-12-0.u45297	Minutes of the National Assembly of the Republic of Croatia, Term 9, Session 4	2017-07-12	Unicameralism	9. mandat	-	Zasedanje 4	2017-07-14	-	Reference	English	Regular	MP	notMinister	nezavisni	nezavisni	-	-	ŽagarTomislav	Žagar, Tomislav	M	1969	
ParlaMint-HR-en_2017-07-12-0	ParlaMint-HR_2017-07-12-0.u45298	Minutes of the National Assembly of the Republic of Croatia, Term 9, Session 4	2017-07-12	Unicameralism	9. mandat	-	Zasedanje 4	2017-07-14	-	Reference	English	Chairperson	MP	notMinister	HDZ	Hrvatska demokratska zajednica	Coalition	Centre-right	JandrokovićGordan	Jandroković, Gordan	M	1967	
ParlaMint-HR-en_2017-07-12-0	ParlaMint-HR_2017-07-12-0.u45299	Minutes of the National Assembly of the Republic of Croatia, Term 9, Session 4	2017-07-12	Unicameralism	9. mandat	-	Zasedanje 4	2017-07-14	-	Reference	English	Regular	MP	notMinister	HDZ	Hrvatska demokratska zajednica	Coalition	Centre-right	PerićGrozdana	Perić, Grozdana	F	1961	
ParlaMint-HR-en_2017-07-12-0	ParlaMint-HR_2017-07-12-0.u45300	Minutes of the National Assembly of the Republic of Croatia, Term 9, Session 4	2017-07-12	Unicameralism	9. mandat	-	Zasedanje 4	2017-07-14	-	Reference	English	Chairperson	MP	notMinister	HDZ	Hrvatska demokratska zajednica	Coalition	Centre-right	JandrokovićGordan	Jandroković, Gordan	M	1967	
ParlaMint-HR-en_2017-07-12-0	ParlaMint-HR_2017-07-12-0.u45301	Minutes of the National Assembly of the Republic of Croatia, Term 9, Session 4	2017-07-12	Unicameralism	9. mandat	-	Zasedanje 4	2017-07-14	-	Reference	English	Regular	MP	notMinister	nezavisni	nezavisni	-	-	ŽagarTomislav	Žagar, Tomislav	M	1969	
ParlaMint-HR-en_2017-07-12-0	ParlaMint-HR_2017-07-12-0.u45302	Minutes of the National Assembly of the Republic of Croatia, Term 9, Session 4	2017-07-12	Unicameralism	9. mandat	-	Zasedanje 4	2017-07-14	-	Reference	English	Chairperson	MP	notMinister	HDZ	Hrvatska demokratska zajednica	Coalition	Centre-right	JandrokovićGordan	Jandroković, Gordan	M	1967	
ParlaMint-HR-en_2017-07-12-0	ParlaMint-HR_2017-07-12-0.u45303	Minutes of the National Assembly of the Republic of Croatia, Term 9, Session 4	2017-07-12	Unicameralism	9. mandat	-	Zasedanje 4	2017-07-14	-	Reference	English	Regular	MP	notMinister	PH	Promijenimo Hrvatsku!	Coalition	-	LovrinovićIvan	Lovrinović, Ivan	M	1960	
ParlaMint-HR-en_2017-07-12-0	ParlaMint-HR_2017-07-12-0.u45304	Minutes of the National Assembly of the Republic of Croatia, Term 9, Session 4	2017-07-12	Unicameralism	9. mandat	-	Zasedanje 4	2017-07-14	-	Reference	English	Chairperson	MP	notMinister	HDZ	Hrvatska demokratska zajednica	Coalition	Centre-right	ReinerŽeljko	Reiner, Željko	M	1953	
ParlaMint-HR-en_2017-07-12-0	ParlaMint-HR_2017-07-12-0.u45305	Minutes of the National Assembly of the Republic of Croatia, Term 9, Session 4	2017-07-12	Unicameralism	9. mandat	-	Zasedanje 4	2017-07-14	-	Reference	English	Regular	MP	notMinister	SDP	Socijaldemokratska partija Hrvatske	Coalition	Centre-left	MarasGordan	Maras, Gordan	M	1974	
ParlaMint-HR-en_2017-07-12-0	ParlaMint-HR_2017-07-12-0.u45306	Minutes of the National Assembly of the Republic of Croatia, Term 9, Session 4	2017-07-12	Unicameralism	9. mandat	-	Zasedanje 4	2017-07-14	-	Reference	English	Chairperson	MP	notMinister	HDZ	Hrvatska demokratska zajednica	Coalition	Centre-right	ReinerŽeljko	Reiner, Željko	M	1953	
ParlaMint-HR-en_2017-07-12-0	ParlaMint-HR_2017-07-12-0.u45307	Minutes of the National Assembly of the Republic of Croatia, Term 9, Session 4	2017-07-12	Unicameralism	9. mandat	-	Zasedanje 4	2017-07-14	-	Reference	English	Regular	MP	notMinister	PH	Promijenimo Hrvatsku!	Coalition	-	LovrinovićIvan	Lovrinović, Ivan	M	1960	
ParlaMint-HR-en_2017-07-12-0	ParlaMint-HR_2017-07-12-0.u45308	Minutes of the National Assembly of the Republic of Croatia, Term 9, Session 4	2017-07-12	Unicameralism	9. mandat	-	Zasedanje 4	2017-07-14	-	Reference	English	Chairperson	MP	notMinister	HDZ	Hrvatska demokratska zajednica	Coalition	Centre-right	ReinerŽeljko	Reiner, Željko	M	1953	
ParlaMint-HR-en_2017-07-12-0	ParlaMint-HR_2017-07-12-0.u45309	Minutes of the National Assembly of the Republic of Croatia, Term 9, Session 4	2017-07-12	Unicameralism	9. mandat	-	Zasedanje 4	2017-07-14	-	Reference	English	Regular	MP	notMinister	MOST	Most nezavisnih lista	Opposition	Centre-right to right	BuljMiro	Bulj, Miro	M	1972	
ParlaMint-HR-en_2017-07-12-0	ParlaMint-HR_2017-07-12-0.u45310	Minutes of the National Assembly of the Republic of Croatia, Term 9, Session 4	2017-07-12	Unicameralism	9. mandat	-	Zasedanje 4	2017-07-14	-	Reference	English	Chairperson	MP	notMinister	HDZ	Hrvatska demokratska zajednica	Coalition	Centre-right	ReinerŽeljko	Reiner, Željko	M	1953	
ParlaMint-HR-en_2017-07-12-0	ParlaMint-HR_2017-07-12-0.u45311	Minutes of the National Assembly of the Republic of Croatia, Term 9, Session 4	2017-07-12	Unicameralism	9. mandat	-	Zasedanje 4	2017-07-14	-	Reference	English	Regular	MP	notMinister	PH	Promijenimo Hrvatsku!	Coalition	-	LovrinovićIvan	Lovrinović, Ivan	M	1960	
ParlaMint-HR-en_2017-07-12-0	ParlaMint-HR_2017-07-12-0.u45312	Minutes of the National Assembly of the Republic of Croatia, Term 9, Session 4	2017-07-12	Unicameralism	9. mandat	-	Zasedanje 4	2017-07-14	-	Reference	English	Chairperson	MP	notMinister	HDZ	Hrvatska demokratska zajednica	Coalition	Centre-right	ReinerŽeljko	Reiner, Željko	M	1953	
ParlaMint-HR-en_2017-07-12-0	ParlaMint-HR_2017-07-12-0.u45313	Minutes of the National Assembly of the Republic of Croatia, Term 9, Session 4	2017-07-12	Unicameralism	9. mandat	-	Zasedanje 4	2017-07-14	-	Reference	English	Regular	MP	notMinister	HNS	Hrvatska narodna stranka	Coalition	Centre to centre-left	ČurajStjepan	Čuraj, Stjepan	M	1980	
ParlaMint-HR-en_2017-07-12-0	ParlaMint-HR_2017-07-12-0.u45314	Minutes of the National Assembly of the Republic of Croatia, Term 9, Session 4	2017-07-12	Unicameralism	9. mandat	-	Zasedanje 4	2017-07-14	-	Reference	English	Chairperson	MP	notMinister	HDZ	Hrvatska demokratska zajednica	Coalition	Centre-right	ReinerŽeljko	Reiner, Željko	M	1953	
ParlaMint-HR-en_2017-07-12-0	ParlaMint-HR_2017-07-12-0.u45315	Minutes of the National Assembly of the Republic of Croatia, Term 9, Session 4	2017-07-12	Unicameralism	9. mandat	-	Zasedanje 4	2017-07-14	-	Reference	English	Regular	MP	notMinister	PH	Promijenimo Hrvatsku!	Coalition	-	LovrinovićIvan	Lovrinović, Ivan	M	1960	
ParlaMint-HR-en_2017-07-12-0	ParlaMint-HR_2017-07-12-0.u45316	Minutes of the National Assembly of the Republic of Croatia, Term 9, Session 4	2017-07-12	Unicameralism	9. mandat	-	Zasedanje 4	2017-07-14	-	Reference	English	Chairperson	MP	notMinister	HDZ	Hrvatska demokratska zajednica	Coalition	Centre-right	ReinerŽeljko	Reiner, Željko	M	1953	
ParlaMint-HR-en_2017-07-12-0	ParlaMint-HR_2017-07-12-0.u45317	Minutes of the National Assembly of the Republic of Croatia, Term 9, Session 4	2017-07-12	Unicameralism	9. mandat	-	Zasedanje 4	2017-07-14	-	Reference	English	Regular	MP	notMinister	HSU	Hrvatska stranka umirovljenika	Coalition	Centre-left	HreljaSilvano	Hrelja, Silvano	M	1958	
ParlaMint-HR-en_2017-07-12-0	ParlaMint-HR_2017-07-12-0.u45318	Minutes of the National Assembly of the Republic of Croatia, Term 9, Session 4	2017-07-12	Unicameralism	9. mandat	-	Zasedanje 4	2017-07-14	-	Reference	English	Chairperson	MP	notMinister	HDZ	Hrvatska demokratska zajednica	Coalition	Centre-right	ReinerŽeljko	Reiner, Željko	M	1953	
ParlaMint-HR-en_2017-07-12-0	ParlaMint-HR_2017-07-12-0.u45319	Minutes of the National Assembly of the Republic of Croatia, Term 9, Session 4	2017-07-12	Unicameralism	9. mandat	-	Zasedanje 4	2017-07-14	-	Reference	English	Regular	MP	notMinister	PH	Promijenimo Hrvatsku!	Coalition	-	LovrinovićIvan	Lovrinović, Ivan	M	1960	
ParlaMint-HR-en_2017-07-12-0	ParlaMint-HR_2017-07-12-0.u45320	Minutes of the National Assembly of the Republic of Croatia, Term 9, Session 4	2017-07-12	Unicameralism	9. mandat	-	Zasedanje 4	2017-07-14	-	Reference	English	Chairperson	MP	notMinister	HDZ	Hrvatska demokratska zajednica	Coalition	Centre-right	ReinerŽeljko	Reiner, Željko	M	1953	
ParlaMint-HR-en_2017-07-12-0	ParlaMint-HR_2017-07-12-0.u45321	Minutes of the National Assembly of the Republic of Croatia, Term 9, Session 4	2017-07-12	Unicameralism	9. mandat	-	Zasedanje 4	2017-07-14	-	Reference	English	Regular	notMP	notMinister	-	-	-	-	VlaićPetar	Vlaić, Petar	U	-	
ParlaMint-HR-en_2017-07-12-0	ParlaMint-HR_2017-07-12-0.u45322	Minutes of the National Assembly of the Republic of Croatia, Term 9, Session 4	2017-07-12	Unicameralism	9. mandat	-	Zasedanje 4	2017-07-14	-	Reference	English	Chairperson	MP	notMinister	HDZ	Hrvatska demokratska zajednica	Coalition	Centre-right	ReinerŽeljko	Reiner, Željko	M	1953	
ParlaMint-HR-en_2017-07-12-0	ParlaMint-HR_2017-07-12-0.u45323	Minutes of the National Assembly of the Republic of Croatia, Term 9, Session 4	2017-07-12	Unicameralism	9. mandat	-	Zasedanje 4	2017-07-14	-	Reference	English	Regular	MP	notMinister	MOST	Most nezavisnih lista	Opposition	Centre-right to right	BuljMiro	Bulj, Miro	M	1972	
ParlaMint-HR-en_2017-07-12-0	ParlaMint-HR_2017-07-12-0.u45324	Minutes of the National Assembly of the Republic of Croatia, Term 9, Session 4	2017-07-12	Unicameralism	9. mandat	-	Zasedanje 4	2017-07-14	-	Reference	English	Chairperson	MP	notMinister	HDZ	Hrvatska demokratska zajednica	Coalition	Centre-right	ReinerŽeljko	Reiner, Željko	M	1953	
ParlaMint-HR-en_2017-07-12-0	ParlaMint-HR_2017-07-12-0.u45325	Minutes of the National Assembly of the Republic of Croatia, Term 9, Session 4	2017-07-12	Unicameralism	9. mandat	-	Zasedanje 4	2017-07-14	-	Reference	English	Regular	notMP	notMinister	-	-	-	-	VlaićPetar	Vlaić, Petar	U	-	
ParlaMint-HR-en_2017-07-12-0	ParlaMint-HR_2017-07-12-0.u45326	Minutes of the National Assembly of the Republic of Croatia, Term 9, Session 4	2017-07-12	Unicameralism	9. mandat	-	Zasedanje 4	2017-07-14	-	Reference	English	Chairperson	MP	notMinister	HDZ	Hrvatska demokratska zajednica	Coalition	Centre-right	ReinerŽeljko	Reiner, Željko	M	1953	
ParlaMint-HR-en_2017-07-12-0	ParlaMint-HR_2017-07-12-0.u45327	Minutes of the National Assembly of the Republic of Croatia, Term 9, Session 4	2017-07-12	Unicameralism	9. mandat	-	Zasedanje 4	2017-07-14	-	Reference	English	Regular	MP	notMinister	PH	Promijenimo Hrvatsku!	Coalition	-	LovrinovićIvan	Lovrinović, Ivan	M	1960	
ParlaMint-HR-en_2017-07-12-0	ParlaMint-HR_2017-07-12-0.u45328	Minutes of the National Assembly of the Republic of Croatia, Term 9, Session 4	2017-07-12	Unicameralism	9. mandat	-	Zasedanje 4	2017-07-14	-	Reference	English	Chairperson	MP	notMinister	HDZ	Hrvatska demokratska zajednica	Coalition	Centre-right	ReinerŽeljko	Reiner, Željko	M	1953	
ParlaMint-HR-en_2017-07-12-0	ParlaMint-HR_2017-07-12-0.u45329	Minutes of the National Assembly of the Republic of Croatia, Term 9, Session 4	2017-07-12	Unicameralism	9. mandat	-	Zasedanje 4	2017-07-14	-	Reference	English	Regular	notMP	notMinister	-	-	-	-	VlaićPetar	Vlaić, Petar	U	-	
ParlaMint-HR-en_2017-07-12-0	ParlaMint-HR_2017-07-12-0.u45330	Minutes of the National Assembly of the Republic of Croatia, Term 9, Session 4	2017-07-12	Unicameralism	9. mandat	-	Zasedanje 4	2017-07-14	-	Reference	English	Chairperson	MP	notMinister	HDZ	Hrvatska demokratska zajednica	Coalition	Centre-right	ReinerŽeljko	Reiner, Željko	M	1953	
ParlaMint-HR-en_2017-07-12-0	ParlaMint-HR_2017-07-12-0.u45331	Minutes of the National Assembly of the Republic of Croatia, Term 9, Session 4	2017-07-12	Unicameralism	9. mandat	-	Zasedanje 4	2017-07-14	-	Reference	English	Regular	MP	notMinister	nezavisni	nezavisni	-	-	ŽagarTomislav	Žagar, Tomislav	M	1969	
ParlaMint-HR-en_2017-07-12-0	ParlaMint-HR_2017-07-12-0.u45332	Minutes of the National Assembly of the Republic of Croatia, Term 9, Session 4	2017-07-12	Unicameralism	9. mandat	-	Zasedanje 4	2017-07-14	-	Reference	English	Chairperson	MP	notMinister	HDZ	Hrvatska demokratska zajednica	Coalition	Centre-right	ReinerŽeljko	Reiner, Željko	M	1953	
ParlaMint-HR-en_2017-07-12-0	ParlaMint-HR_2017-07-12-0.u45333	Minutes of the National Assembly of the Republic of Croatia, Term 9, Session 4	2017-07-12	Unicameralism	9. mandat	-	Zasedanje 4	2017-07-14	-	Reference	English	Regular	notMP	notMinister	-	-	-	-	GrbavacDamir	Grbavac, Damir	U	-	
ParlaMint-HR-en_2017-07-12-0	ParlaMint-HR_2017-07-12-0.u45334	Minutes of the National Assembly of the Republic of Croatia, Term 9, Session 4	2017-07-12	Unicameralism	9. mandat	-	Zasedanje 4	2017-07-14	-	Reference	English	Regular	MP	notMinister	nezavisni	nezavisni	-	-	ŽagarTomislav	Žagar, Tomislav	M	1969	
ParlaMint-HR-en_2017-07-12-0	ParlaMint-HR_2017-07-12-0.u45335	Minutes of the National Assembly of the Republic of Croatia, Term 9, Session 4	2017-07-12	Unicameralism	9. mandat	-	Zasedanje 4	2017-07-14	-	Reference	English	Regular	notMP	notMinister	-	-	-	-	GrbavacDamir	Grbavac, Damir	U	-	
ParlaMint-HR-en_2017-07-12-0	ParlaMint-HR_2017-07-12-0.u45336	Minutes of the National Assembly of the Republic of Croatia, Term 9, Session 4	2017-07-12	Unicameralism	9. mandat	-	Zasedanje 4	2017-07-14	-	Reference	English	Chairperson	MP	notMinister	HDZ	Hrvatska demokratska zajednica	Coalition	Centre-right	ReinerŽeljko	Reiner, Željko	M	1953	
ParlaMint-HR-en_2017-07-12-0	ParlaMint-HR_2017-07-12-0.u45337	Minutes of the National Assembly of the Republic of Croatia, Term 9, Session 4	2017-07-12	Unicameralism	9. mandat	-	Zasedanje 4	2017-07-14	-	Reference	English	Regular	MP	notMinister	HSU	Hrvatska stranka umirovljenika	Coalition	Centre-left	HreljaSilvano	Hrelja, Silvano	M	1958	
ParlaMint-HR-en_2017-07-12-0	ParlaMint-HR_2017-07-12-0.u45338	Minutes of the National Assembly of the Republic of Croatia, Term 9, Session 4	2017-07-12	Unicameralism	9. mandat	-	Zasedanje 4	2017-07-14	-	Reference	English	Chairperson	MP	notMinister	HDZ	Hrvatska demokratska zajednica	Coalition	Centre-right	ReinerŽeljko	Reiner, Željko	M	1953	
ParlaMint-HR-en_2017-07-12-0	ParlaMint-HR_2017-07-12-0.u45339	Minutes of the National Assembly of the Republic of Croatia, Term 9, Session 4	2017-07-12	Unicameralism	9. mandat	-	Zasedanje 4	2017-07-14	-	Reference	English	Regular	MP	notMinister	nezavisni	nezavisni	-	-	GlasnovićŽeljko	Glasnović, Željko	M	1954	
ParlaMint-HR-en_2017-07-12-0	ParlaMint-HR_2017-07-12-0.u45340	Minutes of the National Assembly of the Republic of Croatia, Term 9, Session 4	2017-07-12	Unicameralism	9. mandat	-	Zasedanje 4	2017-07-14	-	Reference	English	Chairperson	MP	notMinister	HDZ	Hrvatska demokratska zajednica	Coalition	Centre-right	ReinerŽeljko	Reiner, Željko	M	1953	
ParlaMint-HR-en_2017-07-12-0	ParlaMint-HR_2017-07-12-0.u45341	Minutes of the National Assembly of the Republic of Croatia, Term 9, Session 4	2017-07-12	Unicameralism	9. mandat	-	Zasedanje 4	2017-07-14	-	Reference	English	Regular	MP	notMinister	HSU	Hrvatska stranka umirovljenika	Coalition	Centre-left	HreljaSilvano	Hrelja, Silvano	M	1958	
ParlaMint-HR-en_2017-07-12-0	ParlaMint-HR_2017-07-12-0.u45342	Minutes of the National Assembly of the Republic of Croatia, Term 9, Session 4	2017-07-12	Unicameralism	9. mandat	-	Zasedanje 4	2017-07-14	-	Reference	English	Chairperson	MP	notMinister	HDZ	Hrvatska demokratska zajednica	Coalition	Centre-right	ReinerŽeljko	Reiner, Željko	M	1953	
ParlaMint-HR-en_2017-07-12-0	ParlaMint-HR_2017-07-12-0.u45343	Minutes of the National Assembly of the Republic of Croatia, Term 9, Session 4	2017-07-12	Unicameralism	9. mandat	-	Zasedanje 4	2017-07-14	-	Reference	English	Regular	MP	notMinister	SDP	Socijaldemokratska partija Hrvatske	Coalition	Centre-left	GrčićBranko	Grčić, Branko	M	1964	
ParlaMint-HR-en_2017-07-12-0	ParlaMint-HR_2017-07-12-0.u45344	Minutes of the National Assembly of the Republic of Croatia, Term 9, Session 4	2017-07-12	Unicameralism	9. mandat	-	Zasedanje 4	2017-07-14	-	Reference	English	Chairperson	MP	notMinister	HDZ	Hrvatska demokratska zajednica	Coalition	Centre-right	ReinerŽeljko	Reiner, Željko	M	1953	
ParlaMint-HR-en_2017-07-12-0	ParlaMint-HR_2017-07-12-0.u45345	Minutes of the National Assembly of the Republic of Croatia, Term 9, Session 4	2017-07-12	Unicameralism	9. mandat	-	Zasedanje 4	2017-07-14	-	Reference	English	Regular	MP	notMinister	HSU	Hrvatska stranka umirovljenika	Coalition	Centre-left	HreljaSilvano	Hrelja, Silvano	M	1958	
ParlaMint-HR-en_2017-07-12-0	ParlaMint-HR_2017-07-12-0.u45346	Minutes of the National Assembly of the Republic of Croatia, Term 9, Session 4	2017-07-12	Unicameralism	9. mandat	-	Zasedanje 4	2017-07-14	-	Reference	English	Chairperson	MP	notMinister	HDZ	Hrvatska demokratska zajednica	Coalition	Centre-right	ReinerŽeljko	Reiner, Željko	M	1953	
ParlaMint-HR-en_2017-07-12-0	ParlaMint-HR_2017-07-12-0.u45347	Minutes of the National Assembly of the Republic of Croatia, Term 9, Session 4	2017-07-12	Unicameralism	9. mandat	-	Zasedanje 4	2017-07-14	-	Reference	English	Regular	MP	notMinister	SDP	Socijaldemokratska partija Hrvatske	Coalition	Centre-left	LalovacBoris	Lalovac, Boris	M	1976	
ParlaMint-HR-en_2017-07-12-0	ParlaMint-HR_2017-07-12-0.u45348	Minutes of the National Assembly of the Republic of Croatia, Term 9, Session 4	2017-07-12	Unicameralism	9. mandat	-	Zasedanje 4	2017-07-14	-	Reference	English	Chairperson	MP	notMinister	HDZ	Hrvatska demokratska zajednica	Coalition	Centre-right	ReinerŽeljko	Reiner, Željko	M	1953	
ParlaMint-HR-en_2017-07-12-0	ParlaMint-HR_2017-07-12-0.u45349	Minutes of the National Assembly of the Republic of Croatia, Term 9, Session 4	2017-07-12	Unicameralism	9. mandat	-	Zasedanje 4	2017-07-14	-	Reference	English	Regular	MP	notMinister	HSU	Hrvatska stranka umirovljenika	Coalition	Centre-left	HreljaSilvano	Hrelja, Silvano	M	1958	
ParlaMint-HR-en_2017-07-12-0	ParlaMint-HR_2017-07-12-0.u45350	Minutes of the National Assembly of the Republic of Croatia, Term 9, Session 4	2017-07-12	Unicameralism	9. mandat	-	Zasedanje 4	2017-07-14	-	Reference	English	Chairperson	MP	notMinister	HDZ	Hrvatska demokratska zajednica	Coalition	Centre-right	ReinerŽeljko	Reiner, Željko	M	1953	
ParlaMint-HR-en_2017-07-12-0	ParlaMint-HR_2017-07-12-0.u45351	Minutes of the National Assembly of the Republic of Croatia, Term 9, Session 4	2017-07-12	Unicameralism	9. mandat	-	Zasedanje 4	2017-07-14	-	Reference	English	Regular	MP	notMinister	HDZ	Hrvatska demokratska zajednica	Coalition	Centre-right	BabićAnte	Babić, Ante	M	1966	
ParlaMint-HR-en_2017-07-12-0	ParlaMint-HR_2017-07-12-0.u45352	Minutes of the National Assembly of the Republic of Croatia, Term 9, Session 4	2017-07-12	Unicameralism	9. mandat	-	Zasedanje 4	2017-07-14	-	Reference	English	Chairperson	MP	notMinister	HDZ	Hrvatska demokratska zajednica	Coalition	Centre-right	ReinerŽeljko	Reiner, Željko	M	1953	
ParlaMint-HR-en_2017-07-12-0	ParlaMint-HR_2017-07-12-0.u45353	Minutes of the National Assembly of the Republic of Croatia, Term 9, Session 4	2017-07-12	Unicameralism	9. mandat	-	Zasedanje 4	2017-07-14	-	Reference	English	Regular	MP	notMinister	HSU	Hrvatska stranka umirovljenika	Coalition	Centre-left	HreljaSilvano	Hrelja, Silvano	M	1958	
ParlaMint-HR-en_2017-07-12-0	ParlaMint-HR_2017-07-12-0.u45354	Minutes of the National Assembly of the Republic of Croatia, Term 9, Session 4	2017-07-12	Unicameralism	9. mandat	-	Zasedanje 4	2017-07-14	-	Reference	English	Chairperson	MP	notMinister	HDZ	Hrvatska demokratska zajednica	Coalition	Centre-right	ReinerŽeljko	Reiner, Željko	M	1953	
ParlaMint-HR-en_2017-07-12-0	ParlaMint-HR_2017-07-12-0.u45355	Minutes of the National Assembly of the Republic of Croatia, Term 9, Session 4	2017-07-12	Unicameralism	9. mandat	-	Zasedanje 4	2017-07-14	-	Reference	English	Regular	MP	notMinister	SDP	Socijaldemokratska partija Hrvatske	Coalition	Centre-left	MarasGordan	Maras, Gordan	M	1974	
ParlaMint-HR-en_2017-07-12-0	ParlaMint-HR_2017-07-12-0.u45356	Minutes of the National Assembly of the Republic of Croatia, Term 9, Session 4	2017-07-12	Unicameralism	9. mandat	-	Zasedanje 4	2017-07-14	-	Reference	English	Chairperson	MP	notMinister	HDZ	Hrvatska demokratska zajednica	Coalition	Centre-right	ReinerŽeljko	Reiner, Željko	M	1953	
ParlaMint-HR-en_2017-07-12-0	ParlaMint-HR_2017-07-12-0.u45357	Minutes of the National Assembly of the Republic of Croatia, Term 9, Session 4	2017-07-12	Unicameralism	9. mandat	-	Zasedanje 4	2017-07-14	-	Reference	English	Regular	MP	notMinister	PH	Promijenimo Hrvatsku!	Coalition	-	LovrinovićIvan	Lovrinović, Ivan	M	1960	
ParlaMint-HR-en_2017-07-12-0	ParlaMint-HR_2017-07-12-0.u45358	Minutes of the National Assembly of the Republic of Croatia, Term 9, Session 4	2017-07-12	Unicameralism	9. mandat	-	Zasedanje 4	2017-07-14	-	Reference	English	Chairperson	MP	notMinister	HDZ	Hrvatska demokratska zajednica	Coalition	Centre-right	ReinerŽeljko	Reiner, Željko	M	1953	
ParlaMint-HR-en_2017-07-12-0	ParlaMint-HR_2017-07-12-0.u45359	Minutes of the National Assembly of the Republic of Croatia, Term 9, Session 4	2017-07-12	Unicameralism	9. mandat	-	Zasedanje 4	2017-07-14	-	Reference	English	Regular	MP	notMinister	SDP	Socijaldemokratska partija Hrvatske	Coalition	Centre-left	MarasGordan	Maras, Gordan	M	1974	
ParlaMint-HR-en_2017-07-12-0	ParlaMint-HR_2017-07-12-0.u45360	Minutes of the National Assembly of the Republic of Croatia, Term 9, Session 4	2017-07-12	Unicameralism	9. mandat	-	Zasedanje 4	2017-07-14	-	Reference	English	Chairperson	MP	notMinister	HDZ	Hrvatska demokratska zajednica	Coalition	Centre-right	ReinerŽeljko	Reiner, Željko	M	1953	
ParlaMint-HR-en_2017-07-12-0	ParlaMint-HR_2017-07-12-0.u45361	Minutes of the National Assembly of the Republic of Croatia, Term 9, Session 4	2017-07-12	Unicameralism	9. mandat	-	Zasedanje 4	2017-07-14	-	Reference	English	Regular	MP	notMinister	nezavisni	nezavisni	-	-	ŽagarTomislav	Žagar, Tomislav	M	1969	
ParlaMint-HR-en_2017-07-12-0	ParlaMint-HR_2017-07-12-0.u45362	Minutes of the National Assembly of the Republic of Croatia, Term 9, Session 4	2017-07-12	Unicameralism	9. mandat	-	Zasedanje 4	2017-07-14	-	Reference	English	Chairperson	MP	notMinister	HDZ	Hrvatska demokratska zajednica	Coalition	Centre-right	ReinerŽeljko	Reiner, Željko	M	1953	
ParlaMint-HR-en_2017-07-12-0	ParlaMint-HR_2017-07-12-0.u45363	Minutes of the National Assembly of the Republic of Croatia, Term 9, Session 4	2017-07-12	Unicameralism	9. mandat	-	Zasedanje 4	2017-07-14	-	Reference	English	Regular	MP	notMinister	SDP	Socijaldemokratska partija Hrvatske	Coalition	Centre-left	MarasGordan	Maras, Gordan	M	1974	
ParlaMint-HR-en_2017-07-12-0	ParlaMint-HR_2017-07-12-0.u45364	Minutes of the National Assembly of the Republic of Croatia, Term 9, Session 4	2017-07-12	Unicameralism	9. mandat	-	Zasedanje 4	2017-07-14	-	Reference	English	Chairperson	MP	notMinister	HDZ	Hrvatska demokratska zajednica	Coalition	Centre-right	ReinerŽeljko	Reiner, Željko	M	1953	
ParlaMint-HR-en_2017-07-12-0	ParlaMint-HR_2017-07-12-0.u45365	Minutes of the National Assembly of the Republic of Croatia, Term 9, Session 4	2017-07-12	Unicameralism	9. mandat	-	Zasedanje 4	2017-07-14	-	Reference	English	Regular	MP	notMinister	HSU	Hrvatska stranka umirovljenika	Coalition	Centre-left	HreljaSilvano	Hrelja, Silvano	M	1958	
ParlaMint-HR-en_2017-07-12-0	ParlaMint-HR_2017-07-12-0.u45366	Minutes of the National Assembly of the Republic of Croatia, Term 9, Session 4	2017-07-12	Unicameralism	9. mandat	-	Zasedanje 4	2017-07-14	-	Reference	English	Chairperson	MP	notMinister	HDZ	Hrvatska demokratska zajednica	Coalition	Centre-right	ReinerŽeljko	Reiner, Željko	M	1953	
ParlaMint-HR-en_2017-07-12-0	ParlaMint-HR_2017-07-12-0.u45367	Minutes of the National Assembly of the Republic of Croatia, Term 9, Session 4	2017-07-12	Unicameralism	9. mandat	-	Zasedanje 4	2017-07-14	-	Reference	English	Regular	MP	notMinister	SDP	Socijaldemokratska partija Hrvatske	Coalition	Centre-left	MarasGordan	Maras, Gordan	M	1974	
ParlaMint-HR-en_2017-07-12-0	ParlaMint-HR_2017-07-12-0.u45368	Minutes of the National Assembly of the Republic of Croatia, Term 9, Session 4	2017-07-12	Unicameralism	9. mandat	-	Zasedanje 4	2017-07-14	-	Reference	English	Chairperson	MP	notMinister	HDZ	Hrvatska demokratska zajednica	Coalition	Centre-right	ReinerŽeljko	Reiner, Željko	M	1953	
ParlaMint-HR-en_2017-07-12-0	ParlaMint-HR_2017-07-12-0.u45369	Minutes of the National Assembly of the Republic of Croatia, Term 9, Session 4	2017-07-12	Unicameralism	9. mandat	-	Zasedanje 4	2017-07-14	-	Reference	English	Regular	MP	notMinister	HDZ	Hrvatska demokratska zajednica	Coalition	Centre-right	PerićGrozdana	Perić, Grozdana	F	1961	
ParlaMint-HR-en_2017-07-12-0	ParlaMint-HR_2017-07-12-0.u45370	Minutes of the National Assembly of the Republic of Croatia, Term 9, Session 4	2017-07-12	Unicameralism	9. mandat	-	Zasedanje 4	2017-07-14	-	Reference	English	Chairperson	MP	notMinister	HDZ	Hrvatska demokratska zajednica	Coalition	Centre-right	ReinerŽeljko	Reiner, Željko	M	1953	
ParlaMint-HR-en_2017-07-12-0	ParlaMint-HR_2017-07-12-0.u45371	Minutes of the National Assembly of the Republic of Croatia, Term 9, Session 4	2017-07-12	Unicameralism	9. mandat	-	Zasedanje 4	2017-07-14	-	Reference	English	Regular	MP	notMinister	SDP	Socijaldemokratska partija Hrvatske	Coalition	Centre-left	MarasGordan	Maras, Gordan	M	1974	
ParlaMint-HR-en_2017-07-12-0	ParlaMint-HR_2017-07-12-0.u45372	Minutes of the National Assembly of the Republic of Croatia, Term 9, Session 4	2017-07-12	Unicameralism	9. mandat	-	Zasedanje 4	2017-07-14	-	Reference	English	Chairperson	MP	notMinister	HDZ	Hrvatska demokratska zajednica	Coalition	Centre-right	ReinerŽeljko	Reiner, Željko	M	1953	
ParlaMint-HR-en_2017-07-12-0	ParlaMint-HR_2017-07-12-0.u45373	Minutes of the National Assembly of the Republic of Croatia, Term 9, Session 4	2017-07-12	Unicameralism	9. mandat	-	Zasedanje 4	2017-07-14	-	Reference	English	Regular	MP	notMinister	Živi zid	Živi zid	Coalition	-	PernarIvan	Pernar, Ivan	M	1985	
ParlaMint-HR-en_2017-07-12-0	ParlaMint-HR_2017-07-12-0.u45374	Minutes of the National Assembly of the Republic of Croatia, Term 9, Session 4	2017-07-12	Unicameralism	9. mandat	-	Zasedanje 4	2017-07-14	-	Reference	English	Chairperson	MP	notMinister	HDZ	Hrvatska demokratska zajednica	Coalition	Centre-right	ReinerŽeljko	Reiner, Željko	M	1953	
ParlaMint-HR-en_2017-07-12-0	ParlaMint-HR_2017-07-12-0.u45375	Minutes of the National Assembly of the Republic of Croatia, Term 9, Session 4	2017-07-12	Unicameralism	9. mandat	-	Zasedanje 4	2017-07-14	-	Reference	English	Regular	MP	notMinister	HSU	Hrvatska stranka umirovljenika	Coalition	Centre-left	HreljaSilvano	Hrelja, Silvano	M	1958	
ParlaMint-HR-en_2017-07-12-0	ParlaMint-HR_2017-07-12-0.u45376	Minutes of the National Assembly of the Republic of Croatia, Term 9, Session 4	2017-07-12	Unicameralism	9. mandat	-	Zasedanje 4	2017-07-14	-	Reference	English	Chairperson	MP	notMinister	HDZ	Hrvatska demokratska zajednica	Coalition	Centre-right	ReinerŽeljko	Reiner, Željko	M	1953	
ParlaMint-HR-en_2017-07-12-0	ParlaMint-HR_2017-07-12-0.u45377	Minutes of the National Assembly of the Republic of Croatia, Term 9, Session 4	2017-07-12	Unicameralism	9. mandat	-	Zasedanje 4	2017-07-14	-	Reference	English	Regular	MP	notMinister	Živi zid	Živi zid	Coalition	-	PernarIvan	Pernar, Ivan	M	1985	
ParlaMint-HR-en_2017-07-12-0	ParlaMint-HR_2017-07-12-0.u45378	Minutes of the National Assembly of the Republic of Croatia, Term 9, Session 4	2017-07-12	Unicameralism	9. mandat	-	Zasedanje 4	2017-07-14	-	Reference	English	Chairperson	MP	notMinister	HDZ	Hrvatska demokratska zajednica	Coalition	Centre-right	ReinerŽeljko	Reiner, Željko	M	1953	
ParlaMint-HR-en_2017-07-12-0	ParlaMint-HR_2017-07-12-0.u45379	Minutes of the National Assembly of the Republic of Croatia, Term 9, Session 4	2017-07-12	Unicameralism	9. mandat	-	Zasedanje 4	2017-07-14	-	Reference	English	Regular	MP	notMinister	MOST	Most nezavisnih lista	Opposition	Centre-right to right	SladoljevMarko	Sladoljev, Marko	M	1973	
ParlaMint-HR-en_2017-07-12-0	ParlaMint-HR_2017-07-12-0.u45380	Minutes of the National Assembly of the Republic of Croatia, Term 9, Session 4	2017-07-12	Unicameralism	9. mandat	-	Zasedanje 4	2017-07-14	-	Reference	English	Chairperson	MP	notMinister	HDZ	Hrvatska demokratska zajednica	Coalition	Centre-right	ReinerŽeljko	Reiner, Željko	M	1953	
ParlaMint-HR-en_2017-07-12-0	ParlaMint-HR_2017-07-12-0.u45381	Minutes of the National Assembly of the Republic of Croatia, Term 9, Session 4	2017-07-12	Unicameralism	9. mandat	-	Zasedanje 4	2017-07-14	-	Reference	English	Regular	MP	notMinister	Živi zid	Živi zid	Coalition	-	PernarIvan	Pernar, Ivan	M	1985	
ParlaMint-HR-en_2017-07-12-0	ParlaMint-HR_2017-07-12-0.u45382	Minutes of the National Assembly of the Republic of Croatia, Term 9, Session 4	2017-07-12	Unicameralism	9. mandat	-	Zasedanje 4	2017-07-14	-	Reference	English	Chairperson	MP	notMinister	HDZ	Hrvatska demokratska zajednica	Coalition	Centre-right	ReinerŽeljko	Reiner, Željko	M	1953	
ParlaMint-HR-en_2017-07-12-0	ParlaMint-HR_2017-07-12-0.u45383	Minutes of the National Assembly of the Republic of Croatia, Term 9, Session 4	2017-07-12	Unicameralism	9. mandat	-	Zasedanje 4	2017-07-14	-	Reference	English	Regular	MP	notMinister	nezavisni	nezavisni	-	-	ŽagarTomislav	Žagar, Tomislav	M	1969	
ParlaMint-HR-en_2017-07-12-0	ParlaMint-HR_2017-07-12-0.u45384	Minutes of the National Assembly of the Republic of Croatia, Term 9, Session 4	2017-07-12	Unicameralism	9. mandat	-	Zasedanje 4	2017-07-14	-	Reference	English	Chairperson	MP	notMinister	HDZ	Hrvatska demokratska zajednica	Coalition	Centre-right	ReinerŽeljko	Reiner, Željko	M	1953	
ParlaMint-HR-en_2017-07-12-0	ParlaMint-HR_2017-07-12-0.u45385	Minutes of the National Assembly of the Republic of Croatia, Term 9, Session 4	2017-07-12	Unicameralism	9. mandat	-	Zasedanje 4	2017-07-14	-	Reference	English	Regular	MP	notMinister	Živi zid	Živi zid	Coalition	-	PernarIvan	Pernar, Ivan	M	1985	
ParlaMint-HR-en_2017-07-12-0	ParlaMint-HR_2017-07-12-0.u45386	Minutes of the National Assembly of the Republic of Croatia, Term 9, Session 4	2017-07-12	Unicameralism	9. mandat	-	Zasedanje 4	2017-07-14	-	Reference	English	Chairperson	MP	notMinister	HDZ	Hrvatska demokratska zajednica	Coalition	Centre-right	ReinerŽeljko	Reiner, Željko	M	1953	
ParlaMint-HR-en_2017-07-12-0	ParlaMint-HR_2017-07-12-0.u45387	Minutes of the National Assembly of the Republic of Croatia, Term 9, Session 4	2017-07-12	Unicameralism	9. mandat	-	Zasedanje 4	2017-07-14	-	Reference	English	Regular	MP	notMinister	PH	Promijenimo Hrvatsku!	Coalition	-	MišićIvica	Mišić, Ivica	M	1955	
ParlaMint-HR-en_2017-07-12-0	ParlaMint-HR_2017-07-12-0.u45388	Minutes of the National Assembly of the Republic of Croatia, Term 9, Session 4	2017-07-12	Unicameralism	9. mandat	-	Zasedanje 4	2017-07-14	-	Reference	English	Chairperson	MP	notMinister	HDZ	Hrvatska demokratska zajednica	Coalition	Centre-right	ReinerŽeljko	Reiner, Željko	M	1953	
ParlaMint-HR-en_2017-07-12-0	ParlaMint-HR_2017-07-12-0.u45389	Minutes of the National Assembly of the Republic of Croatia, Term 9, Session 4	2017-07-12	Unicameralism	9. mandat	-	Zasedanje 4	2017-07-14	-	Reference	English	Regular	MP	notMinister	Živi zid	Živi zid	Coalition	-	PernarIvan	Pernar, Ivan	M	1985	
ParlaMint-HR-en_2017-07-12-0	ParlaMint-HR_2017-07-12-0.u45390	Minutes of the National Assembly of the Republic of Croatia, Term 9, Session 4	2017-07-12	Unicameralism	9. mandat	-	Zasedanje 4	2017-07-14	-	Reference	English	Chairperson	MP	notMinister	HDZ	Hrvatska demokratska zajednica	Coalition	Centre-right	ReinerŽeljko	Reiner, Željko	M	1953	
ParlaMint-HR-en_2017-07-12-0	ParlaMint-HR_2017-07-12-0.u45391	Minutes of the National Assembly of the Republic of Croatia, Term 9, Session 4	2017-07-12	Unicameralism	9. mandat	-	Zasedanje 4	2017-07-14	-	Reference	English	Regular	MP	notMinister	MOST	Most nezavisnih lista	Opposition	Centre-right to right	BuljMiro	Bulj, Miro	M	1972	
ParlaMint-HR-en_2017-07-12-0	ParlaMint-HR_2017-07-12-0.u45392	Minutes of the National Assembly of the Republic of Croatia, Term 9, Session 4	2017-07-12	Unicameralism	9. mandat	-	Zasedanje 4	2017-07-14	-	Reference	English	Chairperson	MP	notMinister	HDZ	Hrvatska demokratska zajednica	Coalition	Centre-right	ReinerŽeljko	Reiner, Željko	M	1953	
ParlaMint-HR-en_2017-07-12-0	ParlaMint-HR_2017-07-12-0.u45393	Minutes of the National Assembly of the Republic of Croatia, Term 9, Session 4	2017-07-12	Unicameralism	9. mandat	-	Zasedanje 4	2017-07-14	-	Reference	English	Regular	MP	notMinister	PH	Promijenimo Hrvatsku!	Coalition	-	MišićIvica	Mišić, Ivica	M	1955	
ParlaMint-HR-en_2017-07-12-0	ParlaMint-HR_2017-07-12-0.u45394	Minutes of the National Assembly of the Republic of Croatia, Term 9, Session 4	2017-07-12	Unicameralism	9. mandat	-	Zasedanje 4	2017-07-14	-	Reference	English	Chairperson	MP	notMinister	HDZ	Hrvatska demokratska zajednica	Coalition	Centre-right	ReinerŽeljko	Reiner, Željko	M	1953	
ParlaMint-HR-en_2017-07-12-0	ParlaMint-HR_2017-07-12-0.u45395	Minutes of the National Assembly of the Republic of Croatia, Term 9, Session 4	2017-07-12	Unicameralism	9. mandat	-	Zasedanje 4	2017-07-14	-	Reference	English	Regular	MP	notMinister	MOST	Most nezavisnih lista	Opposition	Centre-right to right	BuljMiro	Bulj, Miro	M	1972	
ParlaMint-HR-en_2017-07-12-0	ParlaMint-HR_2017-07-12-0.u45396	Minutes of the National Assembly of the Republic of Croatia, Term 9, Session 4	2017-07-12	Unicameralism	9. mandat	-	Zasedanje 4	2017-07-14	-	Reference	English	Chairperson	MP	notMinister	HDZ	Hrvatska demokratska zajednica	Coalition	Centre-right	ReinerŽeljko	Reiner, Željko	M	1953	
ParlaMint-HR-en_2017-07-12-0	ParlaMint-HR_2017-07-12-0.u45397	Minutes of the National Assembly of the Republic of Croatia, Term 9, Session 4	2017-07-12	Unicameralism	9. mandat	-	Zasedanje 4	2017-07-14	-	Reference	English	Regular	MP	notMinister	nezavisni	nezavisni	-	-	ŽagarTomislav	Žagar, Tomislav	M	1969	
ParlaMint-HR-en_2017-07-12-0	ParlaMint-HR_2017-07-12-0.u45398	Minutes of the National Assembly of the Republic of Croatia, Term 9, Session 4	2017-07-12	Unicameralism	9. mandat	-	Zasedanje 4	2017-07-14	-	Reference	English	Chairperson	MP	notMinister	HDZ	Hrvatska demokratska zajednica	Coalition	Centre-right	ReinerŽeljko	Reiner, Željko	M	1953	
ParlaMint-HR-en_2017-07-12-0	ParlaMint-HR_2017-07-12-0.u45399	Minutes of the National Assembly of the Republic of Croatia, Term 9, Session 4	2017-07-12	Unicameralism	9. mandat	-	Zasedanje 4	2017-07-14	-	Reference	English	Regular	MP	notMinister	MOST	Most nezavisnih lista	Opposition	Centre-right to right	BuljMiro	Bulj, Miro	M	1972	
ParlaMint-HR-en_2017-07-12-0	ParlaMint-HR_2017-07-12-0.u45400	Minutes of the National Assembly of the Republic of Croatia, Term 9, Session 4	2017-07-12	Unicameralism	9. mandat	-	Zasedanje 4	2017-07-14	-	Reference	English	Chairperson	MP	notMinister	HDZ	Hrvatska demokratska zajednica	Coalition	Centre-right	ReinerŽeljko	Reiner, Željko	M	1953	
ParlaMint-HR-en_2017-07-12-0	ParlaMint-HR_2017-07-12-0.u45401	Minutes of the National Assembly of the Republic of Croatia, Term 9, Session 4	2017-07-12	Unicameralism	9. mandat	-	Zasedanje 4	2017-07-14	-	Reference	English	Regular	MP	notMinister	PH	Promijenimo Hrvatsku!	Coalition	-	LovrinovićIvan	Lovrinović, Ivan	M	1960	
ParlaMint-HR-en_2017-07-12-0	ParlaMint-HR_2017-07-12-0.u45402	Minutes of the National Assembly of the Republic of Croatia, Term 9, Session 4	2017-07-12	Unicameralism	9. mandat	-	Zasedanje 4	2017-07-14	-	Reference	English	Chairperson	MP	notMinister	nezavisni	nezavisni	-	-	RadinFurio	Radin, Furio	M	1950	
ParlaMint-HR-en_2017-07-12-0	ParlaMint-HR_2017-07-12-0.u45403	Minutes of the National Assembly of the Republic of Croatia, Term 9, Session 4	2017-07-12	Unicameralism	9. mandat	-	Zasedanje 4	2017-07-14	-	Reference	English	Regular	MP	notMinister	MOST	Most nezavisnih lista	Opposition	Centre-right to right	BuljMiro	Bulj, Miro	M	1972	
ParlaMint-HR-en_2017-07-12-0	ParlaMint-HR_2017-07-12-0.u45404	Minutes of the National Assembly of the Republic of Croatia, Term 9, Session 4	2017-07-12	Unicameralism	9. mandat	-	Zasedanje 4	2017-07-14	-	Reference	English	Chairperson	MP	notMinister	nezavisni	nezavisni	-	-	RadinFurio	Radin, Furio	M	1950	
ParlaMint-HR-en_2017-07-12-0	ParlaMint-HR_2017-07-12-0.u45405	Minutes of the National Assembly of the Republic of Croatia, Term 9, Session 4	2017-07-12	Unicameralism	9. mandat	-	Zasedanje 4	2017-07-14	-	Reference	English	Regular	notMP	notMinister	-	-	-	-	GrbavacDamir	Grbavac, Damir	U	-	
ParlaMint-HR-en_2017-07-12-0	ParlaMint-HR_2017-07-12-0.u45406	Minutes of the National Assembly of the Republic of Croatia, Term 9, Session 4	2017-07-12	Unicameralism	9. mandat	-	Zasedanje 4	2017-07-14	-	Reference	English	Chairperson	MP	notMinister	nezavisni	nezavisni	-	-	RadinFurio	Radin, Furio	M	1950	
ParlaMint-HR-en_2017-07-12-0	ParlaMint-HR_2017-07-12-0.u45407	Minutes of the National Assembly of the Republic of Croatia, Term 9, Session 4	2017-07-12	Unicameralism	9. mandat	-	Zasedanje 4	2017-07-14	-	Reference	English	Regular	MP	notMinister	MOST	Most nezavisnih lista	Opposition	Centre-right to right	BuljMiro	Bulj, Miro	M	1972	
ParlaMint-HR-en_2017-07-12-0	ParlaMint-HR_2017-07-12-0.u45408	Minutes of the National Assembly of the Republic of Croatia, Term 9, Session 4	2017-07-12	Unicameralism	9. mandat	-	Zasedanje 4	2017-07-14	-	Reference	English	Chairperson	MP	notMinister	nezavisni	nezavisni	-	-	RadinFurio	Radin, Furio	M	1950	
ParlaMint-HR-en_2017-07-12-0	ParlaMint-HR_2017-07-12-0.u45409	Minutes of the National Assembly of the Republic of Croatia, Term 9, Session 4	2017-07-12	Unicameralism	9. mandat	-	Zasedanje 4	2017-07-14	-	Reference	English	Regular	notMP	notMinister	-	-	-	-	GrbavacDamir	Grbavac, Damir	U	-	
ParlaMint-HR-en_2017-07-12-0	ParlaMint-HR_2017-07-12-0.u45410	Minutes of the National Assembly of the Republic of Croatia, Term 9, Session 4	2017-07-12	Unicameralism	9. mandat	-	Zasedanje 4	2017-07-14	-	Reference	English	Chairperson	MP	notMinister	nezavisni	nezavisni	-	-	RadinFurio	Radin, Furio	M	1950	
ParlaMint-HR-en_2017-07-12-0	ParlaMint-HR_2017-07-12-0.u45411	Minutes of the National Assembly of the Republic of Croatia, Term 9, Session 4	2017-07-12	Unicameralism	9. mandat	-	Zasedanje 4	2017-07-14	-	Reference	English	Regular	MP	notMinister	PH	Promijenimo Hrvatsku!	Coalition	-	LovrinovićIvan	Lovrinović, Ivan	M	1960	
ParlaMint-HR-en_2017-07-12-0	ParlaMint-HR_2017-07-12-0.u45412	Minutes of the National Assembly of the Republic of Croatia, Term 9, Session 4	2017-07-12	Unicameralism	9. mandat	-	Zasedanje 4	2017-07-14	-	Reference	English	Chairperson	MP	notMinister	nezavisni	nezavisni	-	-	RadinFurio	Radin, Furio	M	1950	
ParlaMint-HR-en_2017-07-12-0	ParlaMint-HR_2017-07-12-0.u45413	Minutes of the National Assembly of the Republic of Croatia, Term 9, Session 4	2017-07-12	Unicameralism	9. mandat	-	Zasedanje 4	2017-07-14	-	Reference	English	Regular	MP	notMinister	HSU	Hrvatska stranka umirovljenika	Coalition	Centre-left	HreljaSilvano	Hrelja, Silvano	M	1958	
ParlaMint-HR-en_2017-07-12-0	ParlaMint-HR_2017-07-12-0.u45414	Minutes of the National Assembly of the Republic of Croatia, Term 9, Session 4	2017-07-12	Unicameralism	9. mandat	-	Zasedanje 4	2017-07-14	-	Reference	English	Chairperson	MP	notMinister	nezavisni	nezavisni	-	-	RadinFurio	Radin, Furio	M	1950	
ParlaMint-HR-en_2017-07-12-0	ParlaMint-HR_2017-07-12-0.u45415	Minutes of the National Assembly of the Republic of Croatia, Term 9, Session 4	2017-07-12	Unicameralism	9. mandat	-	Zasedanje 4	2017-07-14	-	Reference	English	Regular	MP	notMinister	nezavisni	nezavisni	-	-	ŽagarTomislav	Žagar, Tomislav	M	1969	
ParlaMint-HR-en_2017-07-12-0	ParlaMint-HR_2017-07-12-0.u45416	Minutes of the National Assembly of the Republic of Croatia, Term 9, Session 4	2017-07-12	Unicameralism	9. mandat	-	Zasedanje 4	2017-07-14	-	Reference	English	Chairperson	MP	notMinister	nezavisni	nezavisni	-	-	RadinFurio	Radin, Furio	M	1950	
ParlaMint-HR-en_2017-07-12-0	ParlaMint-HR_2017-07-12-0.u45417	Minutes of the National Assembly of the Republic of Croatia, Term 9, Session 4	2017-07-12	Unicameralism	9. mandat	-	Zasedanje 4	2017-07-14	-	Reference	English	Regular	notMP	notMinister	-	-	-	-	GrbavacDamir	Grbavac, Damir	U	-	
ParlaMint-HR-en_2017-07-12-0	ParlaMint-HR_2017-07-12-0.u45418	Minutes of the National Assembly of the Republic of Croatia, Term 9, Session 4	2017-07-12	Unicameralism	9. mandat	-	Zasedanje 4	2017-07-14	-	Reference	English	Chairperson	MP	notMinister	nezavisni	nezavisni	-	-	RadinFurio	Radin, Furio	M	1950	
ParlaMint-HR-en_2017-07-12-0	ParlaMint-HR_2017-07-12-0.u45419	Minutes of the National Assembly of the Republic of Croatia, Term 9, Session 4	2017-07-12	Unicameralism	9. mandat	-	Zasedanje 4	2017-07-14	-	Reference	English	Regular	MP	notMinister	HDZ	Hrvatska demokratska zajednica	Coalition	Centre-right	JandrokovićGordan	Jandroković, Gordan	M	1967	
ParlaMint-HR-en_2017-07-12-0	ParlaMint-HR_2017-07-12-0.u45420	Minutes of the National Assembly of the Republic of Croatia, Term 9, Session 4	2017-07-12	Unicameralism	9. mandat	-	Zasedanje 4	2017-07-14	-	Reference	English	Chairperson	MP	notMinister	nezavisni	nezavisni	-	-	RadinFurio	Radin, Furio	M	1950	
ParlaMint-HR-en_2017-07-12-0	ParlaMint-HR_2017-07-12-0.u45421	Minutes of the National Assembly of the Republic of Croatia, Term 9, Session 4	2017-07-12	Unicameralism	9. mandat	-	Zasedanje 4	2017-07-14	-	Reference	English	Regular	notMP	notMinister	-	-	-	-	BušićZdravka	Bušić, Zdravka	F	1950	
ParlaMint-HR-en_2017-07-12-0	ParlaMint-HR_2017-07-12-0.u45422	Minutes of the National Assembly of the Republic of Croatia, Term 9, Session 4	2017-07-12	Unicameralism	9. mandat	-	Zasedanje 4	2017-07-14	-	Reference	English	Chairperson	MP	notMinister	nezavisni	nezavisni	-	-	RadinFurio	Radin, Furio	M	1950	
ParlaMint-HR-en_2017-07-12-0	ParlaMint-HR_2017-07-12-0.u45423	Minutes of the National Assembly of the Republic of Croatia, Term 9, Session 4	2017-07-12	Unicameralism	9. mandat	-	Zasedanje 4	2017-07-14	-	Reference	English	Regular	MP	notMinister	MOST	Most nezavisnih lista	Opposition	Centre-right to right	BuljMiro	Bulj, Miro	M	1972	
ParlaMint-HR-en_2017-07-12-0	ParlaMint-HR_2017-07-12-0.u45424	Minutes of the National Assembly of the Republic of Croatia, Term 9, Session 4	2017-07-12	Unicameralism	9. mandat	-	Zasedanje 4	2017-07-14	-	Reference	English	Chairperson	MP	notMinister	nezavisni	nezavisni	-	-	RadinFurio	Radin, Furio	M	1950	
ParlaMint-HR-en_2017-07-12-0	ParlaMint-HR_2017-07-12-0.u45425	Minutes of the National Assembly of the Republic of Croatia, Term 9, Session 4	2017-07-12	Unicameralism	9. mandat	-	Zasedanje 4	2017-07-14	-	Reference	English	Regular	MP	notMinister	SDP	Socijaldemokratska partija Hrvatske	Coalition	Centre-left	KlisovićJoško	Klisović, Joško	M	1968	
ParlaMint-HR-en_2017-07-12-0	ParlaMint-HR_2017-07-12-0.u45426	Minutes of the National Assembly of the Republic of Croatia, Term 9, Session 4	2017-07-12	Unicameralism	9. mandat	-	Zasedanje 4	2017-07-14	-	Reference	English	Chairperson	MP	notMinister	nezavisni	nezavisni	-	-	RadinFurio	Radin, Furio	M	1950	
ParlaMint-HR-en_2017-07-12-0	ParlaMint-HR_2017-07-12-0.u45427	Minutes of the National Assembly of the Republic of Croatia, Term 9, Session 4	2017-07-12	Unicameralism	9. mandat	-	Zasedanje 4	2017-07-14	-	Reference	English	Regular	MP	notMinister	MOST	Most nezavisnih lista	Opposition	Centre-right to right	BuljMiro	Bulj, Miro	M	1972	
ParlaMint-HR-en_2017-07-12-0	ParlaMint-HR_2017-07-12-0.u45428	Minutes of the National Assembly of the Republic of Croatia, Term 9, Session 4	2017-07-12	Unicameralism	9. mandat	-	Zasedanje 4	2017-07-14	-	Reference	English	Chairperson	MP	notMinister	nezavisni	nezavisni	-	-	RadinFurio	Radin, Furio	M	1950	
ParlaMint-HR-en_2017-07-12-0	ParlaMint-HR_2017-07-12-0.u45429	Minutes of the National Assembly of the Republic of Croatia, Term 9, Session 4	2017-07-12	Unicameralism	9. mandat	-	Zasedanje 4	2017-07-14	-	Reference	English	Regular	MP	notMinister	SDP	Socijaldemokratska partija Hrvatske	Coalition	Centre-left	KlisovićJoško	Klisović, Joško	M	1968	
ParlaMint-HR-en_2017-07-12-0	ParlaMint-HR_2017-07-12-0.u45430	Minutes of the National Assembly of the Republic of Croatia, Term 9, Session 4	2017-07-12	Unicameralism	9. mandat	-	Zasedanje 4	2017-07-14	-	Reference	English	Chairperson	MP	notMinister	nezavisni	nezavisni	-	-	RadinFurio	Radin, Furio	M	1950	
ParlaMint-HR-en_2017-07-12-0	ParlaMint-HR_2017-07-12-0.u45431	Minutes of the National Assembly of the Republic of Croatia, Term 9, Session 4	2017-07-12	Unicameralism	9. mandat	-	Zasedanje 4	2017-07-14	-	Reference	English	Regular	MP	notMinister	HDZ	Hrvatska demokratska zajednica	Coalition	Centre-right	StierDavorIvo	Stier, Davor Ivo	M	1972	
ParlaMint-HR-en_2017-07-12-0	ParlaMint-HR_2017-07-12-0.u45432	Minutes of the National Assembly of the Republic of Croatia, Term 9, Session 4	2017-07-12	Unicameralism	9. mandat	-	Zasedanje 4	2017-07-14	-	Reference	English	Chairperson	MP	notMinister	nezavisni	nezavisni	-	-	RadinFurio	Radin, Furio	M	1950	
ParlaMint-HR-en_2017-07-12-0	ParlaMint-HR_2017-07-12-0.u45433	Minutes of the National Assembly of the Republic of Croatia, Term 9, Session 4	2017-07-12	Unicameralism	9. mandat	-	Zasedanje 4	2017-07-14	-	Reference	English	Regular	MP	notMinister	SDP	Socijaldemokratska partija Hrvatske	Coalition	Centre-left	KlisovićJoško	Klisović, Joško	M	1968	
ParlaMint-HR-en_2017-07-12-0	ParlaMint-HR_2017-07-12-0.u45434	Minutes of the National Assembly of the Republic of Croatia, Term 9, Session 4	2017-07-12	Unicameralism	9. mandat	-	Zasedanje 4	2017-07-14	-	Reference	English	Chairperson	MP	notMinister	nezavisni	nezavisni	-	-	RadinFurio	Radin, Furio	M	1950	
ParlaMint-HR-en_2017-07-12-0	ParlaMint-HR_2017-07-12-0.u45435	Minutes of the National Assembly of the Republic of Croatia, Term 9, Session 4	2017-07-12	Unicameralism	9. mandat	-	Zasedanje 4	2017-07-14	-	Reference	English	Regular	MP	notMinister	HDZ	Hrvatska demokratska zajednica	Coalition	Centre-right	BalićMarijana	Balić, Marijana	F	1981	
ParlaMint-HR-en_2017-07-12-0	ParlaMint-HR_2017-07-12-0.u45436	Minutes of the National Assembly of the Republic of Croatia, Term 9, Session 4	2017-07-12	Unicameralism	9. mandat	-	Zasedanje 4	2017-07-14	-	Reference	English	Chairperson	MP	notMinister	nezavisni	nezavisni	-	-	RadinFurio	Radin, Furio	M	1950	
ParlaMint-HR-en_2017-07-12-0	ParlaMint-HR_2017-07-12-0.u45437	Minutes of the National Assembly of the Republic of Croatia, Term 9, Session 4	2017-07-12	Unicameralism	9. mandat	-	Zasedanje 4	2017-07-14	-	Reference	English	Regular	MP	notMinister	GLAS	Građansko-liberalni savez	Opposition	Centre-left	PusićVesna	Pusić, Vesna	F	1953	
ParlaMint-HR-en_2017-07-12-0	ParlaMint-HR_2017-07-12-0.u45438	Minutes of the National Assembly of the Republic of Croatia, Term 9, Session 4	2017-07-12	Unicameralism	9. mandat	-	Zasedanje 4	2017-07-14	-	Reference	English	Chairperson	MP	notMinister	nezavisni	nezavisni	-	-	RadinFurio	Radin, Furio	M	1950	
ParlaMint-HR-en_2017-07-12-0	ParlaMint-HR_2017-07-12-0.u45439	Minutes of the National Assembly of the Republic of Croatia, Term 9, Session 4	2017-07-12	Unicameralism	9. mandat	-	Zasedanje 4	2017-07-14	-	Reference	English	Regular	MP	notMinister	SDP	Socijaldemokratska partija Hrvatske	Coalition	Centre-left	KlisovićJoško	Klisović, Joško	M	1968	
ParlaMint-HR-en_2017-07-12-0	ParlaMint-HR_2017-07-12-0.u45440	Minutes of the National Assembly of the Republic of Croatia, Term 9, Session 4	2017-07-12	Unicameralism	9. mandat	-	Zasedanje 4	2017-07-14	-	Reference	English	Chairperson	MP	notMinister	nezavisni	nezavisni	-	-	RadinFurio	Radin, Furio	M	1950	
ParlaMint-HR-en_2017-07-12-0	ParlaMint-HR_2017-07-12-0.u45441	Minutes of the National Assembly of the Republic of Croatia, Term 9, Session 4	2017-07-12	Unicameralism	9. mandat	-	Zasedanje 4	2017-07-14	-	Reference	English	Regular	MP	notMinister	GLAS	Građansko-liberalni savez	Opposition	Centre-left	PusićVesna	Pusić, Vesna	F	1953	
ParlaMint-HR-en_2017-07-12-0	ParlaMint-HR_2017-07-12-0.u45442	Minutes of the National Assembly of the Republic of Croatia, Term 9, Session 4	2017-07-12	Unicameralism	9. mandat	-	Zasedanje 4	2017-07-14	-	Reference	English	Chairperson	MP	notMinister	nezavisni	nezavisni	-	-	RadinFurio	Radin, Furio	M	1950	
ParlaMint-HR-en_2017-07-12-0	ParlaMint-HR_2017-07-12-0.u45443	Minutes of the National Assembly of the Republic of Croatia, Term 9, Session 4	2017-07-12	Unicameralism	9. mandat	-	Zasedanje 4	2017-07-14	-	Reference	English	Regular	MP	notMinister	HDZ	Hrvatska demokratska zajednica	Coalition	Centre-right	StierDavorIvo	Stier, Davor Ivo	M	1972	
ParlaMint-HR-en_2017-07-12-0	ParlaMint-HR_2017-07-12-0.u45444	Minutes of the National Assembly of the Republic of Croatia, Term 9, Session 4	2017-07-12	Unicameralism	9. mandat	-	Zasedanje 4	2017-07-14	-	Reference	English	Chairperson	MP	notMinister	nezavisni	nezavisni	-	-	RadinFurio	Radin, Furio	M	1950	
ParlaMint-HR-en_2017-07-12-0	ParlaMint-HR_2017-07-12-0.u45445	Minutes of the National Assembly of the Republic of Croatia, Term 9, Session 4	2017-07-12	Unicameralism	9. mandat	-	Zasedanje 4	2017-07-14	-	Reference	English	Regular	MP	notMinister	GLAS	Građansko-liberalni savez	Opposition	Centre-left	PusićVesna	Pusić, Vesna	F	1953	
ParlaMint-HR-en_2017-07-12-0	ParlaMint-HR_2017-07-12-0.u45446	Minutes of the National Assembly of the Republic of Croatia, Term 9, Session 4	2017-07-12	Unicameralism	9. mandat	-	Zasedanje 4	2017-07-14	-	Reference	English	Chairperson	MP	notMinister	nezavisni	nezavisni	-	-	RadinFurio	Radin, Furio	M	1950	
ParlaMint-HR-en_2017-07-12-0	ParlaMint-HR_2017-07-12-0.u45447	Minutes of the National Assembly of the Republic of Croatia, Term 9, Session 4	2017-07-12	Unicameralism	9. mandat	-	Zasedanje 4	2017-07-14	-	Reference	English	Regular	MP	notMinister	HDZ	Hrvatska demokratska zajednica	Coalition	Centre-right	PetrijevčaninVuksanovićIrena	Petrijevčanin Vuksanović, Irena	F	1978	
ParlaMint-HR-en_2017-07-12-0	ParlaMint-HR_2017-07-12-0.u45448	Minutes of the National Assembly of the Republic of Croatia, Term 9, Session 4	2017-07-12	Unicameralism	9. mandat	-	Zasedanje 4	2017-07-14	-	Reference	English	Regular	MP	notMinister	GLAS	Građansko-liberalni savez	Opposition	Centre-left	PusićVesna	Pusić, Vesna	F	1953	
ParlaMint-HR-en_2017-07-12-0	ParlaMint-HR_2017-07-12-0.u45449	Minutes of the National Assembly of the Republic of Croatia, Term 9, Session 4	2017-07-12	Unicameralism	9. mandat	-	Zasedanje 4	2017-07-14	-	Reference	English	Chairperson	MP	notMinister	nezavisni	nezavisni	-	-	RadinFurio	Radin, Furio	M	1950	
ParlaMint-HR-en_2017-07-12-0	ParlaMint-HR_2017-07-12-0.u45450	Minutes of the National Assembly of the Republic of Croatia, Term 9, Session 4	2017-07-12	Unicameralism	9. mandat	-	Zasedanje 4	2017-07-14	-	Reference	English	Regular	MP	notMinister	GLAS	Građansko-liberalni savez	Opposition	Centre-left	PusićVesna	Pusić, Vesna	F	1953	
ParlaMint-HR-en_2017-07-12-0	ParlaMint-HR_2017-07-12-0.u45451	Minutes of the National Assembly of the Republic of Croatia, Term 9, Session 4	2017-07-12	Unicameralism	9. mandat	-	Zasedanje 4	2017-07-14	-	Reference	English	Chairperson	MP	notMinister	nezavisni	nezavisni	-	-	RadinFurio	Radin, Furio	M	1950	
ParlaMint-HR-en_2017-07-12-0	ParlaMint-HR_2017-07-12-0.u45452	Minutes of the National Assembly of the Republic of Croatia, Term 9, Session 4	2017-07-12	Unicameralism	9. mandat	-	Zasedanje 4	2017-07-14	-	Reference	English	Regular	notMP	notMinister	-	-	-	-	BušićZdravka	Bušić, Zdravka	F	1950	
ParlaMint-HR-en_2017-07-12-0	ParlaMint-HR_2017-07-12-0.u45453	Minutes of the National Assembly of the Republic of Croatia, Term 9, Session 4	2017-07-12	Unicameralism	9. mandat	-	Zasedanje 4	2017-07-14	-	Reference	English	Chairperson	MP	notMinister	nezavisni	nezavisni	-	-	RadinFurio	Radin, Furio	M	1950	
ParlaMint-HR-en_2017-07-12-0	ParlaMint-HR_2017-07-12-0.u45454	Minutes of the National Assembly of the Republic of Croatia, Term 9, Session 4	2017-07-12	Unicameralism	9. mandat	-	Zasedanje 4	2017-07-14	-	Reference	English	Regular	MP	notMinister	SDP	Socijaldemokratska partija Hrvatske	Coalition	Centre-left	KlisovićJoško	Klisović, Joško	M	1968	
ParlaMint-HR-en_2017-07-12-0	ParlaMint-HR_2017-07-12-0.u45455	Minutes of the National Assembly of the Republic of Croatia, Term 9, Session 4	2017-07-12	Unicameralism	9. mandat	-	Zasedanje 4	2017-07-14	-	Reference	English	Chairperson	MP	notMinister	nezavisni	nezavisni	-	-	RadinFurio	Radin, Furio	M	1950	
ParlaMint-HR-en_2017-07-12-0	ParlaMint-HR_2017-07-12-0.u45456	Minutes of the National Assembly of the Republic of Croatia, Term 9, Session 4	2017-07-12	Unicameralism	9. mandat	-	Zasedanje 4	2017-07-14	-	Reference	English	Regular	notMP	notMinister	-	-	-	-	BušićZdravka	Bušić, Zdravka	F	1950	
ParlaMint-HR-en_2017-07-12-0	ParlaMint-HR_2017-07-12-0.u45457	Minutes of the National Assembly of the Republic of Croatia, Term 9, Session 4	2017-07-12	Unicameralism	9. mandat	-	Zasedanje 4	2017-07-14	-	Reference	English	Chairperson	MP	notMinister	nezavisni	nezavisni	-	-	RadinFurio	Radin, Furio	M	1950	
ParlaMint-HR-en_2017-07-12-0	ParlaMint-HR_2017-07-12-0.u45458	Minutes of the National Assembly of the Republic of Croatia, Term 9, Session 4	2017-07-12	Unicameralism	9. mandat	-	Zasedanje 4	2017-07-14	-	Reference	English	Regular	MP	notMinister	HDZ	Hrvatska demokratska zajednica	Coalition	Centre-right	JandrokovićGordan	Jandroković, Gordan	M	1967	
ParlaMint-HR-en_2017-07-12-0	ParlaMint-HR_2017-07-12-0.u45460	Minutes of the National Assembly of the Republic of Croatia, Term 9, Session 4	2017-07-12	Unicameralism	9. mandat	-	Zasedanje 4	2017-07-14	-	Reference	English	Regular	MP	notMinister	SDP	Socijaldemokratska partija Hrvatske	Coalition	Centre-left	BernardićDavor	Bernardić, Davor	M	1980	
ParlaMint-HR-en_2017-07-12-0	ParlaMint-HR_2017-07-12-0.u45461	Minutes of the National Assembly of the Republic of Croatia, Term 9, Session 4	2017-07-12	Unicameralism	9. mandat	-	Zasedanje 4	2017-07-14	-	Reference	English	Chairperson	MP	notMinister	HDZ	Hrvatska demokratska zajednica	Coalition	Centre-right	JandrokovićGordan	Jandroković, Gordan	M	1967	
ParlaMint-HR-en_2017-07-12-0	ParlaMint-HR_2017-07-12-0.u45462	Minutes of the National Assembly of the Republic of Croatia, Term 9, Session 4	2017-07-12	Unicameralism	9. mandat	-	Zasedanje 4	2017-07-14	-	Reference	English	Regular	MP	notMinister	Živi zid	Živi zid	Coalition	-	SinčićIvanVilibor	Sinčić, Ivan Vilibor	M	1990	
ParlaMint-HR-en_2017-07-12-0	ParlaMint-HR_2017-07-12-0.u45463	Minutes of the National Assembly of the Republic of Croatia, Term 9, Session 4	2017-07-12	Unicameralism	9. mandat	-	Zasedanje 4	2017-07-14	-	Reference	English	Chairperson	MP	notMinister	HDZ	Hrvatska demokratska zajednica	Coalition	Centre-right	JandrokovićGordan	Jandroković, Gordan	M	1967	
ParlaMint-HR-en_2017-07-12-0	ParlaMint-HR_2017-07-12-0.u45464	Minutes of the National Assembly of the Republic of Croatia, Term 9, Session 4	2017-07-12	Unicameralism	9. mandat	-	Zasedanje 4	2017-07-14	-	Reference	English	Regular	MP	notMinister	MOST	Most nezavisnih lista	Opposition	Centre-right to right	BuljMiro	Bulj, Miro	M	1972	
ParlaMint-HR-en_2017-07-12-0	ParlaMint-HR_2017-07-12-0.u45465	Minutes of the National Assembly of the Republic of Croatia, Term 9, Session 4	2017-07-12	Unicameralism	9. mandat	-	Zasedanje 4	2017-07-14	-	Reference	English	Chairperson	MP	notMinister	HDZ	Hrvatska demokratska zajednica	Coalition	Centre-right	JandrokovićGordan	Jandroković, Gordan	M	1967	
ParlaMint-HR-en_2017-07-12-0	ParlaMint-HR_2017-07-12-0.u45466	Minutes of the National Assembly of the Republic of Croatia, Term 9, Session 4	2017-07-12	Unicameralism	9. mandat	-	Zasedanje 4	2017-07-14	-	Reference	English	Regular	MP	notMinister	MOST	Most nezavisnih lista	Opposition	Centre-right to right	GrmojaNikola	Grmoja, Nikola	M	1981	
ParlaMint-HR-en_2017-07-12-0	ParlaMint-HR_2017-07-12-0.u45467	Minutes of the National Assembly of the Republic of Croatia, Term 9, Session 4	2017-07-12	Unicameralism	9. mandat	-	Zasedanje 4	2017-07-14	-	Reference	English	Chairperson	MP	notMinister	HDZ	Hrvatska demokratska zajednica	Coalition	Centre-right	JandrokovićGordan	Jandroković, Gordan	M	1967	
ParlaMint-HR-en_2017-07-12-0	ParlaMint-HR_2017-07-12-0.u45468	Minutes of the National Assembly of the Republic of Croatia, Term 9, Session 4	2017-07-12	Unicameralism	9. mandat	-	Zasedanje 4	2017-07-14	-	Reference	English	Regular	MP	notMinister	SDP	Socijaldemokratska partija Hrvatske	Coalition	Centre-left	BernardićDavor	Bernardić, Davor	M	1980	
ParlaMint-HR-en_2017-07-12-0	ParlaMint-HR_2017-07-12-0.u45469	Minutes of the National Assembly of the Republic of Croatia, Term 9, Session 4	2017-07-12	Unicameralism	9. mandat	-	Zasedanje 4	2017-07-14	-	Reference	English	Chairperson	MP	notMinister	HDZ	Hrvatska demokratska zajednica	Coalition	Centre-right	JandrokovićGordan	Jandroković, Gordan	M	1967	
ParlaMint-HR-en_2017-07-12-0	ParlaMint-HR_2017-07-12-0.u45470	Minutes of the National Assembly of the Republic of Croatia, Term 9, Session 4	2017-07-12	Unicameralism	9. mandat	-	Zasedanje 4	2017-07-14	-	Reference	English	Regular	MP	notMinister	SDP	Socijaldemokratska partija Hrvatske	Coalition	Centre-left	MiljenićOrsat	Miljenić, Orsat	M	1968	
ParlaMint-HR-en_2017-07-12-0	ParlaMint-HR_2017-07-12-0.u45471	Minutes of the National Assembly of the Republic of Croatia, Term 9, Session 4	2017-07-12	Unicameralism	9. mandat	-	Zasedanje 4	2017-07-14	-	Reference	English	Chairperson	MP	notMinister	HDZ	Hrvatska demokratska zajednica	Coalition	Centre-right	JandrokovićGordan	Jandroković, Gordan	M	1967	
ParlaMint-HR-en_2017-07-12-0	ParlaMint-HR_2017-07-12-0.u45472	Minutes of the National Assembly of the Republic of Croatia, Term 9, Session 4	2017-07-12	Unicameralism	9. mandat	-	Zasedanje 4	2017-07-14	-	Reference	English	Regular	MP	notMinister	SDP	Socijaldemokratska partija Hrvatske	Coalition	Centre-left	BernardićDavor	Bernardić, Davor	M	1980	
ParlaMint-HR-en_2017-07-12-0	ParlaMint-HR_2017-07-12-0.u45473	Minutes of the National Assembly of the Republic of Croatia, Term 9, Session 4	2017-07-12	Unicameralism	9. mandat	-	Zasedanje 4	2017-07-14	-	Reference	English	Chairperson	MP	notMinister	HDZ	Hrvatska demokratska zajednica	Coalition	Centre-right	JandrokovićGordan	Jandroković, Gordan	M	1967	
ParlaMint-HR-en_2017-07-12-0	ParlaMint-HR_2017-07-12-0.u45474	Minutes of the National Assembly of the Republic of Croatia, Term 9, Session 4	2017-07-12	Unicameralism	9. mandat	-	Zasedanje 4	2017-07-14	-	Reference	English	Regular	MP	notMinister	HDZ	Hrvatska demokratska zajednica	Coalition	Centre-right	CulejStevo	Culej, Stevo	M	1964	
ParlaMint-HR-en_2017-07-12-0	ParlaMint-HR_2017-07-12-0.u45475	Minutes of the National Assembly of the Republic of Croatia, Term 9, Session 4	2017-07-12	Unicameralism	9. mandat	-	Zasedanje 4	2017-07-14	-	Reference	English	Chairperson	MP	notMinister	HDZ	Hrvatska demokratska zajednica	Coalition	Centre-right	JandrokovićGordan	Jandroković, Gordan	M	1967	
ParlaMint-HR-en_2017-07-12-0	ParlaMint-HR_2017-07-12-0.u45476	Minutes of the National Assembly of the Republic of Croatia, Term 9, Session 4	2017-07-12	Unicameralism	9. mandat	-	Zasedanje 4	2017-07-14	-	Reference	English	Regular	MP	notMinister	HDZ	Hrvatska demokratska zajednica	Coalition	Centre-right	CulejStevo	Culej, Stevo	M	1964	
ParlaMint-HR-en_2017-07-12-0	ParlaMint-HR_2017-07-12-0.u45477	Minutes of the National Assembly of the Republic of Croatia, Term 9, Session 4	2017-07-12	Unicameralism	9. mandat	-	Zasedanje 4	2017-07-14	-	Reference	English	Chairperson	MP	notMinister	HDZ	Hrvatska demokratska zajednica	Coalition	Centre-right	JandrokovićGordan	Jandroković, Gordan	M	1967	
ParlaMint-HR-en_2017-07-12-0	ParlaMint-HR_2017-07-12-0.u45478	Minutes of the National Assembly of the Republic of Croatia, Term 9, Session 4	2017-07-12	Unicameralism	9. mandat	-	Zasedanje 4	2017-07-14	-	Reference	English	Regular	MP	notMinister	HDZ	Hrvatska demokratska zajednica	Coalition	Centre-right	CulejStevo	Culej, Stevo	M	1964	
ParlaMint-HR-en_2017-07-12-0	ParlaMint-HR_2017-07-12-0.u45479	Minutes of the National Assembly of the Republic of Croatia, Term 9, Session 4	2017-07-12	Unicameralism	9. mandat	-	Zasedanje 4	2017-07-14	-	Reference	English	Chairperson	MP	notMinister	HDZ	Hrvatska demokratska zajednica	Coalition	Centre-right	JandrokovićGordan	Jandroković, Gordan	M	1967	
ParlaMint-HR-en_2017-07-12-0	ParlaMint-HR_2017-07-12-0.u45480	Minutes of the National Assembly of the Republic of Croatia, Term 9, Session 4	2017-07-12	Unicameralism	9. mandat	-	Zasedanje 4	2017-07-14	-	Reference	English	Regular	MP	notMinister	SDP	Socijaldemokratska partija Hrvatske	Coalition	Centre-left	BernardićDavor	Bernardić, Davor	M	1980	
ParlaMint-HR-en_2017-07-12-0	ParlaMint-HR_2017-07-12-0.u45481	Minutes of the National Assembly of the Republic of Croatia, Term 9, Session 4	2017-07-12	Unicameralism	9. mandat	-	Zasedanje 4	2017-07-14	-	Reference	English	Chairperson	MP	notMinister	HDZ	Hrvatska demokratska zajednica	Coalition	Centre-right	JandrokovićGordan	Jandroković, Gordan	M	1967	
ParlaMint-HR-en_2017-07-12-0	ParlaMint-HR_2017-07-12-0.u45482	Minutes of the National Assembly of the Republic of Croatia, Term 9, Session 4	2017-07-12	Unicameralism	9. mandat	-	Zasedanje 4	2017-07-14	-	Reference	English	Regular	MP	notMinister	HDZ	Hrvatska demokratska zajednica	Coalition	Centre-right	BorićJosip	Borić, Josip	M	1972	
ParlaMint-HR-en_2017-07-12-0	ParlaMint-HR_2017-07-12-0.u45483	Minutes of the National Assembly of the Republic of Croatia, Term 9, Session 4	2017-07-12	Unicameralism	9. mandat	-	Zasedanje 4	2017-07-14	-	Reference	English	Chairperson	MP	notMinister	HDZ	Hrvatska demokratska zajednica	Coalition	Centre-right	JandrokovićGordan	Jandroković, Gordan	M	1967	
ParlaMint-HR-en_2017-07-12-0	ParlaMint-HR_2017-07-12-0.u45484	Minutes of the National Assembly of the Republic of Croatia, Term 9, Session 4	2017-07-12	Unicameralism	9. mandat	-	Zasedanje 4	2017-07-14	-	Reference	English	Regular	MP	notMinister	SDP	Socijaldemokratska partija Hrvatske	Coalition	Centre-left	BernardićDavor	Bernardić, Davor	M	1980	
ParlaMint-HR-en_2017-07-12-0	ParlaMint-HR_2017-07-12-0.u45485	Minutes of the National Assembly of the Republic of Croatia, Term 9, Session 4	2017-07-12	Unicameralism	9. mandat	-	Zasedanje 4	2017-07-14	-	Reference	English	Chairperson	MP	notMinister	HDZ	Hrvatska demokratska zajednica	Coalition	Centre-right	JandrokovićGordan	Jandroković, Gordan	M	1967	
ParlaMint-HR-en_2017-07-12-0	ParlaMint-HR_2017-07-12-0.u45486	Minutes of the National Assembly of the Republic of Croatia, Term 9, Session 4	2017-07-12	Unicameralism	9. mandat	-	Zasedanje 4	2017-07-14	-	Reference	English	Regular	MP	notMinister	nezavisni	nezavisni	-	-	ŽagarTomislav	Žagar, Tomislav	M	1969	
ParlaMint-HR-en_2017-07-12-0	ParlaMint-HR_2017-07-12-0.u45487	Minutes of the National Assembly of the Republic of Croatia, Term 9, Session 4	2017-07-12	Unicameralism	9. mandat	-	Zasedanje 4	2017-07-14	-	Reference	English	Chairperson	MP	notMinister	HDZ	Hrvatska demokratska zajednica	Coalition	Centre-right	JandrokovićGordan	Jandroković, Gordan	M	1967	
ParlaMint-HR-en_2017-07-12-0	ParlaMint-HR_2017-07-12-0.u45488	Minutes of the National Assembly of the Republic of Croatia, Term 9, Session 4	2017-07-12	Unicameralism	9. mandat	-	Zasedanje 4	2017-07-14	-	Reference	English	Regular	MP	notMinister	MOST	Most nezavisnih lista	Opposition	Centre-right to right	NinčevićLesandrićIvana	Ninčević-Lesandrić, Ivana	F	1983	
ParlaMint-HR-en_2017-07-12-0	ParlaMint-HR_2017-07-12-0.u45489	Minutes of the National Assembly of the Republic of Croatia, Term 9, Session 4	2017-07-12	Unicameralism	9. mandat	-	Zasedanje 4	2017-07-14	-	Reference	English	Chairperson	MP	notMinister	HDZ	Hrvatska demokratska zajednica	Coalition	Centre-right	JandrokovićGordan	Jandroković, Gordan	M	1967	
ParlaMint-HR-en_2017-07-12-0	ParlaMint-HR_2017-07-12-0.u45490	Minutes of the National Assembly of the Republic of Croatia, Term 9, Session 4	2017-07-12	Unicameralism	9. mandat	-	Zasedanje 4	2017-07-14	-	Reference	English	Regular	MP	notMinister	HDZ	Hrvatska demokratska zajednica	Coalition	Centre-right	ŠukerIvan	Šuker, Ivan	M	1957	
ParlaMint-HR-en_2017-07-12-0	ParlaMint-HR_2017-07-12-0.u45491	Minutes of the National Assembly of the Republic of Croatia, Term 9, Session 4	2017-07-12	Unicameralism	9. mandat	-	Zasedanje 4	2017-07-14	-	Reference	English	Chairperson	MP	notMinister	HDZ	Hrvatska demokratska zajednica	Coalition	Centre-right	JandrokovićGordan	Jandroković, Gordan	M	1967	
ParlaMint-HR-en_2017-07-12-0	ParlaMint-HR_2017-07-12-0.u45492	Minutes of the National Assembly of the Republic of Croatia, Term 9, Session 4	2017-07-12	Unicameralism	9. mandat	-	Zasedanje 4	2017-07-14	-	Reference	English	Regular	MP	notMinister	SDP	Socijaldemokratska partija Hrvatske	Coalition	Centre-left	BernardićDavor	Bernardić, Davor	M	1980	
ParlaMint-HR-en_2017-07-12-0	ParlaMint-HR_2017-07-12-0.u45493	Minutes of the National Assembly of the Republic of Croatia, Term 9, Session 4	2017-07-12	Unicameralism	9. mandat	-	Zasedanje 4	2017-07-14	-	Reference	English	Chairperson	MP	notMinister	HDZ	Hrvatska demokratska zajednica	Coalition	Centre-right	JandrokovićGordan	Jandroković, Gordan	M	1967	
ParlaMint-HR-en_2017-07-12-0	ParlaMint-HR_2017-07-12-0.u45494	Minutes of the National Assembly of the Republic of Croatia, Term 9, Session 4	2017-07-12	Unicameralism	9. mandat	-	Zasedanje 4	2017-07-14	-	Reference	English	Regular	MP	notMinister	HDZ	Hrvatska demokratska zajednica	Coalition	Centre-right	PerićGrozdana	Perić, Grozdana	F	1961	
ParlaMint-HR-en_2017-07-12-0	ParlaMint-HR_2017-07-12-0.u45495	Minutes of the National Assembly of the Republic of Croatia, Term 9, Session 4	2017-07-12	Unicameralism	9. mandat	-	Zasedanje 4	2017-07-14	-	Reference	English	Chairperson	MP	notMinister	HDZ	Hrvatska demokratska zajednica	Coalition	Centre-right	JandrokovićGordan	Jandroković, Gordan	M	1967	
ParlaMint-HR-en_2017-07-12-0	ParlaMint-HR_2017-07-12-0.u45496	Minutes of the National Assembly of the Republic of Croatia, Term 9, Session 4	2017-07-12	Unicameralism	9. mandat	-	Zasedanje 4	2017-07-14	-	Reference	English	Regular	MP	notMinister	SDP	Socijaldemokratska partija Hrvatske	Coalition	Centre-left	BernardićDavor	Bernardić, Davor	M	1980	
ParlaMint-HR-en_2017-07-12-0	ParlaMint-HR_2017-07-12-0.u45497	Minutes of the National Assembly of the Republic of Croatia, Term 9, Session 4	2017-07-12	Unicameralism	9. mandat	-	Zasedanje 4	2017-07-14	-	Reference	English	Chairperson	MP	notMinister	HDZ	Hrvatska demokratska zajednica	Coalition	Centre-right	JandrokovićGordan	Jandroković, Gordan	M	1967	
ParlaMint-HR-en_2017-07-12-0	ParlaMint-HR_2017-07-12-0.u45498	Minutes of the National Assembly of the Republic of Croatia, Term 9, Session 4	2017-07-12	Unicameralism	9. mandat	-	Zasedanje 4	2017-07-14	-	Reference	English	Regular	MP	notMinister	SDP	Socijaldemokratska partija Hrvatske	Coalition	Centre-left	GrbinPeđa	Grbin, Peđa	M	1979	
ParlaMint-HR-en_2017-07-12-0	ParlaMint-HR_2017-07-12-0.u45499	Minutes of the National Assembly of the Republic of Croatia, Term 9, Session 4	2017-07-12	Unicameralism	9. mandat	-	Zasedanje 4	2017-07-14	-	Reference	English	Chairperson	MP	notMinister	HDZ	Hrvatska demokratska zajednica	Coalition	Centre-right	JandrokovićGordan	Jandroković, Gordan	M	1967	
ParlaMint-HR-en_2017-07-12-0	ParlaMint-HR_2017-07-12-0.u45500	Minutes of the National Assembly of the Republic of Croatia, Term 9, Session 4	2017-07-12	Unicameralism	9. mandat	-	Zasedanje 4	2017-07-14	-	Reference	English	Regular	MP	notMinister	SDP	Socijaldemokratska partija Hrvatske	Coalition	Centre-left	BernardićDavor	Bernardić, Davor	M	1980	
ParlaMint-HR-en_2017-07-12-0	ParlaMint-HR_2017-07-12-0.u45501	Minutes of the National Assembly of the Republic of Croatia, Term 9, Session 4	2017-07-12	Unicameralism	9. mandat	-	Zasedanje 4	2017-07-14	-	Reference	English	Chairperson	MP	notMinister	HDZ	Hrvatska demokratska zajednica	Coalition	Centre-right	JandrokovićGordan	Jandroković, Gordan	M	1967	
ParlaMint-HR-en_2017-07-12-0	ParlaMint-HR_2017-07-12-0.u45502	Minutes of the National Assembly of the Republic of Croatia, Term 9, Session 4	2017-07-12	Unicameralism	9. mandat	-	Zasedanje 4	2017-07-14	-	Reference	English	Regular	MP	notMinister	SDP	Socijaldemokratska partija Hrvatske	Coalition	Centre-left	MarasGordan	Maras, Gordan	M	1974	
ParlaMint-HR-en_2017-07-12-0	ParlaMint-HR_2017-07-12-0.u45503	Minutes of the National Assembly of the Republic of Croatia, Term 9, Session 4	2017-07-12	Unicameralism	9. mandat	-	Zasedanje 4	2017-07-14	-	Reference	English	Chairperson	MP	notMinister	HDZ	Hrvatska demokratska zajednica	Coalition	Centre-right	JandrokovićGordan	Jandroković, Gordan	M	1967	
ParlaMint-HR-en_2017-07-12-0	ParlaMint-HR_2017-07-12-0.u45504	Minutes of the National Assembly of the Republic of Croatia, Term 9, Session 4	2017-07-12	Unicameralism	9. mandat	-	Zasedanje 4	2017-07-14	-	Reference	English	Regular	MP	notMinister	MOST	Most nezavisnih lista	Opposition	Centre-right to right	NinčevićLesandrićIvana	Ninčević-Lesandrić, Ivana	F	1983	
ParlaMint-HR-en_2017-07-12-0	ParlaMint-HR_2017-07-12-0.u45505	Minutes of the National Assembly of the Republic of Croatia, Term 9, Session 4	2017-07-12	Unicameralism	9. mandat	-	Zasedanje 4	2017-07-14	-	Reference	English	Chairperson	MP	notMinister	HDZ	Hrvatska demokratska zajednica	Coalition	Centre-right	JandrokovićGordan	Jandroković, Gordan	M	1967	
ParlaMint-HR-en_2017-07-12-0	ParlaMint-HR_2017-07-12-0.u45506	Minutes of the National Assembly of the Republic of Croatia, Term 9, Session 4	2017-07-12	Unicameralism	9. mandat	-	Zasedanje 4	2017-07-14	-	Reference	English	Regular	MP	notMinister	MOST	Most nezavisnih lista	Opposition	Centre-right to right	GrmojaNikola	Grmoja, Nikola	M	1981	
ParlaMint-HR-en_2017-07-12-0	ParlaMint-HR_2017-07-12-0.u45507	Minutes of the National Assembly of the Republic of Croatia, Term 9, Session 4	2017-07-12	Unicameralism	9. mandat	-	Zasedanje 4	2017-07-14	-	Reference	English	Chairperson	MP	notMinister	HDZ	Hrvatska demokratska zajednica	Coalition	Centre-right	JandrokovićGordan	Jandroković, Gordan	M	1967	
ParlaMint-HR-en_2017-07-12-0	ParlaMint-HR_2017-07-12-0.u45508	Minutes of the National Assembly of the Republic of Croatia, Term 9, Session 4	2017-07-12	Unicameralism	9. mandat	-	Zasedanje 4	2017-07-14	-	Reference	English	Regular	MP	notMinister	Živi zid	Živi zid	Coalition	-	SinčićIvanVilibor	Sinčić, Ivan Vilibor	M	1990	
ParlaMint-HR-en_2017-07-12-0	ParlaMint-HR_2017-07-12-0.u45509	Minutes of the National Assembly of the Republic of Croatia, Term 9, Session 4	2017-07-12	Unicameralism	9. mandat	-	Zasedanje 4	2017-07-14	-	Reference	English	Chairperson	MP	notMinister	HDZ	Hrvatska demokratska zajednica	Coalition	Centre-right	JandrokovićGordan	Jandroković, Gordan	M	1967	
ParlaMint-HR-en_2017-07-12-0	ParlaMint-HR_2017-07-12-0.u45510	Minutes of the National Assembly of the Republic of Croatia, Term 9, Session 4	2017-07-12	Unicameralism	9. mandat	-	Zasedanje 4	2017-07-14	-	Reference	English	Regular	MP	notMinister	MOST	Most nezavisnih lista	Opposition	Centre-right to right	NinčevićLesandrićIvana	Ninčević-Lesandrić, Ivana	F	1983	
ParlaMint-HR-en_2017-07-12-0	ParlaMint-HR_2017-07-12-0.u45511	Minutes of the National Assembly of the Republic of Croatia, Term 9, Session 4	2017-07-12	Unicameralism	9. mandat	-	Zasedanje 4	2017-07-14	-	Reference	English	Chairperson	MP	notMinister	HDZ	Hrvatska demokratska zajednica	Coalition	Centre-right	JandrokovićGordan	Jandroković, Gordan	M	1967	
ParlaMint-HR-en_2017-07-12-0	ParlaMint-HR_2017-07-12-0.u45512	Minutes of the National Assembly of the Republic of Croatia, Term 9, Session 4	2017-07-12	Unicameralism	9. mandat	-	Zasedanje 4	2017-07-14	-	Reference	English	Regular	notMP	notMinister	-	-	-	-	VranješDragica	Vranješ, Dragica	U	-	
ParlaMint-HR-en_2017-07-12-0	ParlaMint-HR_2017-07-12-0.u45513	Minutes of the National Assembly of the Republic of Croatia, Term 9, Session 4	2017-07-12	Unicameralism	9. mandat	-	Zasedanje 4	2017-07-14	-	Reference	English	Chairperson	MP	notMinister	HDZ	Hrvatska demokratska zajednica	Coalition	Centre-right	JandrokovićGordan	Jandroković, Gordan	M	1967	
ParlaMint-HR-en_2017-07-12-0	ParlaMint-HR_2017-07-12-0.u45514	Minutes of the National Assembly of the Republic of Croatia, Term 9, Session 4	2017-07-12	Unicameralism	9. mandat	-	Zasedanje 4	2017-07-14	-	Reference	English	Regular	MP	notMinister	MOST	Most nezavisnih lista	Opposition	Centre-right to right	NinčevićLesandrićIvana	Ninčević-Lesandrić, Ivana	F	1983	
ParlaMint-HR-en_2017-07-12-0	ParlaMint-HR_2017-07-12-0.u45515	Minutes of the National Assembly of the Republic of Croatia, Term 9, Session 4	2017-07-12	Unicameralism	9. mandat	-	Zasedanje 4	2017-07-14	-	Reference	English	Chairperson	MP	notMinister	HDZ	Hrvatska demokratska zajednica	Coalition	Centre-right	JandrokovićGordan	Jandroković, Gordan	M	1967	
ParlaMint-HR-en_2017-07-12-0	ParlaMint-HR_2017-07-12-0.u45516	Minutes of the National Assembly of the Republic of Croatia, Term 9, Session 4	2017-07-12	Unicameralism	9. mandat	-	Zasedanje 4	2017-07-14	-	Reference	English	Regular	MP	notMinister	MOST	Most nezavisnih lista	Opposition	Centre-right to right	SladoljevMarko	Sladoljev, Marko	M	1973	
ParlaMint-HR-en_2017-07-12-0	ParlaMint-HR_2017-07-12-0.u45517	Minutes of the National Assembly of the Republic of Croatia, Term 9, Session 4	2017-07-12	Unicameralism	9. mandat	-	Zasedanje 4	2017-07-14	-	Reference	English	Chairperson	MP	notMinister	HDZ	Hrvatska demokratska zajednica	Coalition	Centre-right	JandrokovićGordan	Jandroković, Gordan	M	1967	
ParlaMint-HR-en_2017-07-12-0	ParlaMint-HR_2017-07-12-0.u45518	Minutes of the National Assembly of the Republic of Croatia, Term 9, Session 4	2017-07-12	Unicameralism	9. mandat	-	Zasedanje 4	2017-07-14	-	Reference	English	Regular	MP	notMinister	MOST	Most nezavisnih lista	Opposition	Centre-right to right	NinčevićLesandrićIvana	Ninčević-Lesandrić, Ivana	F	1983	
ParlaMint-HR-en_2017-07-12-0	ParlaMint-HR_2017-07-12-0.u45519	Minutes of the National Assembly of the Republic of Croatia, Term 9, Session 4	2017-07-12	Unicameralism	9. mandat	-	Zasedanje 4	2017-07-14	-	Reference	English	Chairperson	MP	notMinister	HDZ	Hrvatska demokratska zajednica	Coalition	Centre-right	JandrokovićGordan	Jandroković, Gordan	M	1967	
ParlaMint-HR-en_2017-07-12-0	ParlaMint-HR_2017-07-12-0.u45520	Minutes of the National Assembly of the Republic of Croatia, Term 9, Session 4	2017-07-12	Unicameralism	9. mandat	-	Zasedanje 4	2017-07-14	-	Reference	English	Regular	MP	notMinister	Živi zid	Živi zid	Coalition	-	PernarIvan	Pernar, Ivan	M	1985	
ParlaMint-HR-en_2017-07-12-0	ParlaMint-HR_2017-07-12-0.u45521	Minutes of the National Assembly of the Republic of Croatia, Term 9, Session 4	2017-07-12	Unicameralism	9. mandat	-	Zasedanje 4	2017-07-14	-	Reference	English	Chairperson	MP	notMinister	HDZ	Hrvatska demokratska zajednica	Coalition	Centre-right	JandrokovićGordan	Jandroković, Gordan	M	1967	
ParlaMint-HR-en_2017-07-12-0	ParlaMint-HR_2017-07-12-0.u45522	Minutes of the National Assembly of the Republic of Croatia, Term 9, Session 4	2017-07-12	Unicameralism	9. mandat	-	Zasedanje 4	2017-07-14	-	Reference	English	Regular	MP	notMinister	HDZ	Hrvatska demokratska zajednica	Coalition	Centre-right	PerićGrozdana	Perić, Grozdana	F	1961	
ParlaMint-HR-en_2017-07-12-0	ParlaMint-HR_2017-07-12-0.u45523	Minutes of the National Assembly of the Republic of Croatia, Term 9, Session 4	2017-07-12	Unicameralism	9. mandat	-	Zasedanje 4	2017-07-14	-	Reference	English	Chairperson	MP	notMinister	HDZ	Hrvatska demokratska zajednica	Coalition	Centre-right	JandrokovićGordan	Jandroković, Gordan	M	1967	
ParlaMint-HR-en_2017-07-12-0	ParlaMint-HR_2017-07-12-0.u45524	Minutes of the National Assembly of the Republic of Croatia, Term 9, Session 4	2017-07-12	Unicameralism	9. mandat	-	Zasedanje 4	2017-07-14	-	Reference	English	Regular	MP	notMinister	MOST	Most nezavisnih lista	Opposition	Centre-right to right	NinčevićLesandrićIvana	Ninčević-Lesandrić, Ivana	F	1983	
ParlaMint-HR-en_2017-07-12-0	ParlaMint-HR_2017-07-12-0.u45525	Minutes of the National Assembly of the Republic of Croatia, Term 9, Session 4	2017-07-12	Unicameralism	9. mandat	-	Zasedanje 4	2017-07-14	-	Reference	English	Chairperson	MP	notMinister	HDZ	Hrvatska demokratska zajednica	Coalition	Centre-right	JandrokovićGordan	Jandroković, Gordan	M	1967	
ParlaMint-HR-en_2017-07-12-0	ParlaMint-HR_2017-07-12-0.u45526	Minutes of the National Assembly of the Republic of Croatia, Term 9, Session 4	2017-07-12	Unicameralism	9. mandat	-	Zasedanje 4	2017-07-14	-	Reference	English	Regular	MP	notMinister	SDP	Socijaldemokratska partija Hrvatske	Coalition	Centre-left	MatićPredrag	Matić, Predrag	M	1962	
ParlaMint-HR-en_2017-07-12-0	ParlaMint-HR_2017-07-12-0.u45527	Minutes of the National Assembly of the Republic of Croatia, Term 9, Session 4	2017-07-12	Unicameralism	9. mandat	-	Zasedanje 4	2017-07-14	-	Reference	English	Chairperson	MP	notMinister	HDZ	Hrvatska demokratska zajednica	Coalition	Centre-right	JandrokovićGordan	Jandroković, Gordan	M	1967	
ParlaMint-HR-en_2017-07-12-0	ParlaMint-HR_2017-07-12-0.u45528	Minutes of the National Assembly of the Republic of Croatia, Term 9, Session 4	2017-07-12	Unicameralism	9. mandat	-	Zasedanje 4	2017-07-14	-	Reference	English	Regular	MP	notMinister	MOST	Most nezavisnih lista	Opposition	Centre-right to right	NinčevićLesandrićIvana	Ninčević-Lesandrić, Ivana	F	1983	
ParlaMint-HR-en_2017-07-12-0	ParlaMint-HR_2017-07-12-0.u45529	Minutes of the National Assembly of the Republic of Croatia, Term 9, Session 4	2017-07-12	Unicameralism	9. mandat	-	Zasedanje 4	2017-07-14	-	Reference	English	Chairperson	MP	notMinister	HDZ	Hrvatska demokratska zajednica	Coalition	Centre-right	JandrokovićGordan	Jandroković, Gordan	M	1967	
ParlaMint-HR-en_2017-07-12-0	ParlaMint-HR_2017-07-12-0.u45530	Minutes of the National Assembly of the Republic of Croatia, Term 9, Session 4	2017-07-12	Unicameralism	9. mandat	-	Zasedanje 4	2017-07-14	-	Reference	English	Regular	MP	notMinister	PH	Promijenimo Hrvatsku!	Coalition	-	MišićIvica	Mišić, Ivica	M	1955	
ParlaMint-HR-en_2017-07-12-0	ParlaMint-HR_2017-07-12-0.u45531	Minutes of the National Assembly of the Republic of Croatia, Term 9, Session 4	2017-07-12	Unicameralism	9. mandat	-	Zasedanje 4	2017-07-14	-	Reference	English	Chairperson	MP	notMinister	HDZ	Hrvatska demokratska zajednica	Coalition	Centre-right	JandrokovićGordan	Jandroković, Gordan	M	1967	
ParlaMint-HR-en_2017-07-12-0	ParlaMint-HR_2017-07-12-0.u45532	Minutes of the National Assembly of the Republic of Croatia, Term 9, Session 4	2017-07-12	Unicameralism	9. mandat	-	Zasedanje 4	2017-07-14	-	Reference	English	Regular	MP	notMinister	MOST	Most nezavisnih lista	Opposition	Centre-right to right	NinčevićLesandrićIvana	Ninčević-Lesandrić, Ivana	F	1983	
ParlaMint-HR-en_2017-07-12-0	ParlaMint-HR_2017-07-12-0.u45533	Minutes of the National Assembly of the Republic of Croatia, Term 9, Session 4	2017-07-12	Unicameralism	9. mandat	-	Zasedanje 4	2017-07-14	-	Reference	English	Chairperson	MP	notMinister	HDZ	Hrvatska demokratska zajednica	Coalition	Centre-right	JandrokovićGordan	Jandroković, Gordan	M	1967	
ParlaMint-HR-en_2017-07-12-0	ParlaMint-HR_2017-07-12-0.u45534	Minutes of the National Assembly of the Republic of Croatia, Term 9, Session 4	2017-07-12	Unicameralism	9. mandat	-	Zasedanje 4	2017-07-14	-	Reference	English	Regular	MP	notMinister	SDP	Socijaldemokratska partija Hrvatske	Coalition	Centre-left	MarasGordan	Maras, Gordan	M	1974	
ParlaMint-HR-en_2017-07-12-0	ParlaMint-HR_2017-07-12-0.u45535	Minutes of the National Assembly of the Republic of Croatia, Term 9, Session 4	2017-07-12	Unicameralism	9. mandat	-	Zasedanje 4	2017-07-14	-	Reference	English	Chairperson	MP	notMinister	HDZ	Hrvatska demokratska zajednica	Coalition	Centre-right	JandrokovićGordan	Jandroković, Gordan	M	1967	
ParlaMint-HR-en_2017-07-12-0	ParlaMint-HR_2017-07-12-0.u45536	Minutes of the National Assembly of the Republic of Croatia, Term 9, Session 4	2017-07-12	Unicameralism	9. mandat	-	Zasedanje 4	2017-07-14	-	Reference	English	Regular	MP	notMinister	MOST	Most nezavisnih lista	Opposition	Centre-right to right	NinčevićLesandrićIvana	Ninčević-Lesandrić, Ivana	F	1983	
ParlaMint-HR-en_2017-07-12-0	ParlaMint-HR_2017-07-12-0.u45537	Minutes of the National Assembly of the Republic of Croatia, Term 9, Session 4	2017-07-12	Unicameralism	9. mandat	-	Zasedanje 4	2017-07-14	-	Reference	English	Chairperson	MP	notMinister	HDZ	Hrvatska demokratska zajednica	Coalition	Centre-right	JandrokovićGordan	Jandroković, Gordan	M	1967	
ParlaMint-HR-en_2017-07-12-0	ParlaMint-HR_2017-07-12-0.u45538	Minutes of the National Assembly of the Republic of Croatia, Term 9, Session 4	2017-07-12	Unicameralism	9. mandat	-	Zasedanje 4	2017-07-14	-	Reference	English	Regular	MP	notMinister	MOST	Most nezavisnih lista	Opposition	Centre-right to right	BuljMiro	Bulj, Miro	M	1972	
ParlaMint-HR-en_2017-07-12-0	ParlaMint-HR_2017-07-12-0.u45539	Minutes of the National Assembly of the Republic of Croatia, Term 9, Session 4	2017-07-12	Unicameralism	9. mandat	-	Zasedanje 4	2017-07-14	-	Reference	English	Chairperson	MP	notMinister	HDZ	Hrvatska demokratska zajednica	Coalition	Centre-right	JandrokovićGordan	Jandroković, Gordan	M	1967	
ParlaMint-HR-en_2017-07-12-0	ParlaMint-HR_2017-07-12-0.u45540	Minutes of the National Assembly of the Republic of Croatia, Term 9, Session 4	2017-07-12	Unicameralism	9. mandat	-	Zasedanje 4	2017-07-14	-	Reference	English	Regular	MP	notMinister	MOST	Most nezavisnih lista	Opposition	Centre-right to right	NinčevićLesandrićIvana	Ninčević-Lesandrić, Ivana	F	1983	
ParlaMint-HR-en_2017-07-12-0	ParlaMint-HR_2017-07-12-0.u45541	Minutes of the National Assembly of the Republic of Croatia, Term 9, Session 4	2017-07-12	Unicameralism	9. mandat	-	Zasedanje 4	2017-07-14	-	Reference	English	Chairperson	MP	notMinister	HDZ	Hrvatska demokratska zajednica	Coalition	Centre-right	JandrokovićGordan	Jandroković, Gordan	M	1967	
ParlaMint-HR-en_2017-07-12-0	ParlaMint-HR_2017-07-12-0.u45542	Minutes of the National Assembly of the Republic of Croatia, Term 9, Session 4	2017-07-12	Unicameralism	9. mandat	-	Zasedanje 4	2017-07-14	-	Reference	English	Regular	MP	notMinister	HDZ	Hrvatska demokratska zajednica	Coalition	Centre-right	BorićJosip	Borić, Josip	M	1972	
ParlaMint-HR-en_2017-07-12-0	ParlaMint-HR_2017-07-12-0.u45543	Minutes of the National Assembly of the Republic of Croatia, Term 9, Session 4	2017-07-12	Unicameralism	9. mandat	-	Zasedanje 4	2017-07-14	-	Reference	English	Chairperson	MP	notMinister	HDZ	Hrvatska demokratska zajednica	Coalition	Centre-right	JandrokovićGordan	Jandroković, Gordan	M	1967	
ParlaMint-HR-en_2017-07-12-0	ParlaMint-HR_2017-07-12-0.u45544	Minutes of the National Assembly of the Republic of Croatia, Term 9, Session 4	2017-07-12	Unicameralism	9. mandat	-	Zasedanje 4	2017-07-14	-	Reference	English	Regular	MP	notMinister	MOST	Most nezavisnih lista	Opposition	Centre-right to right	NinčevićLesandrićIvana	Ninčević-Lesandrić, Ivana	F	1983	
ParlaMint-HR-en_2017-07-12-0	ParlaMint-HR_2017-07-12-0.u45545	Minutes of the National Assembly of the Republic of Croatia, Term 9, Session 4	2017-07-12	Unicameralism	9. mandat	-	Zasedanje 4	2017-07-14	-	Reference	English	Chairperson	MP	notMinister	HDZ	Hrvatska demokratska zajednica	Coalition	Centre-right	JandrokovićGordan	Jandroković, Gordan	M	1967	
ParlaMint-HR-en_2017-07-12-0	ParlaMint-HR_2017-07-12-0.u45546	Minutes of the National Assembly of the Republic of Croatia, Term 9, Session 4	2017-07-12	Unicameralism	9. mandat	-	Zasedanje 4	2017-07-14	-	Reference	English	Regular	MP	notMinister	HDZ	Hrvatska demokratska zajednica	Coalition	Centre-right	ŠukerIvan	Šuker, Ivan	M	1957	
ParlaMint-HR-en_2017-07-12-0	ParlaMint-HR_2017-07-12-0.u45547	Minutes of the National Assembly of the Republic of Croatia, Term 9, Session 4	2017-07-12	Unicameralism	9. mandat	-	Zasedanje 4	2017-07-14	-	Reference	English	Chairperson	MP	notMinister	HDZ	Hrvatska demokratska zajednica	Coalition	Centre-right	JandrokovićGordan	Jandroković, Gordan	M	1967	
ParlaMint-HR-en_2017-07-12-0	ParlaMint-HR_2017-07-12-0.u45548	Minutes of the National Assembly of the Republic of Croatia, Term 9, Session 4	2017-07-12	Unicameralism	9. mandat	-	Zasedanje 4	2017-07-14	-	Reference	English	Regular	MP	notMinister	MOST	Most nezavisnih lista	Opposition	Centre-right to right	GrmojaNikola	Grmoja, Nikola	M	1981	
ParlaMint-HR-en_2017-07-12-0	ParlaMint-HR_2017-07-12-0.u45549	Minutes of the National Assembly of the Republic of Croatia, Term 9, Session 4	2017-07-12	Unicameralism	9. mandat	-	Zasedanje 4	2017-07-14	-	Reference	English	Chairperson	MP	notMinister	HDZ	Hrvatska demokratska zajednica	Coalition	Centre-right	JandrokovićGordan	Jandroković, Gordan	M	1967	
ParlaMint-HR-en_2017-07-12-0	ParlaMint-HR_2017-07-12-0.u45550	Minutes of the National Assembly of the Republic of Croatia, Term 9, Session 4	2017-07-12	Unicameralism	9. mandat	-	Zasedanje 4	2017-07-14	-	Reference	English	Regular	MP	notMinister	MOST	Most nezavisnih lista	Opposition	Centre-right to right	NinčevićLesandrićIvana	Ninčević-Lesandrić, Ivana	F	1983	
ParlaMint-HR-en_2017-07-12-0	ParlaMint-HR_2017-07-12-0.u45551	Minutes of the National Assembly of the Republic of Croatia, Term 9, Session 4	2017-07-12	Unicameralism	9. mandat	-	Zasedanje 4	2017-07-14	-	Reference	English	Chairperson	MP	notMinister	HDZ	Hrvatska demokratska zajednica	Coalition	Centre-right	JandrokovićGordan	Jandroković, Gordan	M	1967	
ParlaMint-HR-en_2017-07-12-0	ParlaMint-HR_2017-07-12-0.u45552	Minutes of the National Assembly of the Republic of Croatia, Term 9, Session 4	2017-07-12	Unicameralism	9. mandat	-	Zasedanje 4	2017-07-14	-	Reference	English	Regular	MP	notMinister	HDZ	Hrvatska demokratska zajednica	Coalition	Centre-right	BačićBranko	Bačić, Branko	M	1959	
ParlaMint-HR-en_2017-07-12-0	ParlaMint-HR_2017-07-12-0.u45553	Minutes of the National Assembly of the Republic of Croatia, Term 9, Session 4	2017-07-12	Unicameralism	9. mandat	-	Zasedanje 4	2017-07-14	-	Reference	English	Chairperson	MP	notMinister	HDZ	Hrvatska demokratska zajednica	Coalition	Centre-right	JandrokovićGordan	Jandroković, Gordan	M	1967	
ParlaMint-HR-en_2017-07-12-0	ParlaMint-HR_2017-07-12-0.u45554	Minutes of the National Assembly of the Republic of Croatia, Term 9, Session 4	2017-07-12	Unicameralism	9. mandat	-	Zasedanje 4	2017-07-14	-	Reference	English	Regular	MP	notMinister	SDP	Socijaldemokratska partija Hrvatske	Coalition	Centre-left	GrbinPeđa	Grbin, Peđa	M	1979	
ParlaMint-HR-en_2017-07-12-0	ParlaMint-HR_2017-07-12-0.u45555	Minutes of the National Assembly of the Republic of Croatia, Term 9, Session 4	2017-07-12	Unicameralism	9. mandat	-	Zasedanje 4	2017-07-14	-	Reference	English	Chairperson	MP	notMinister	HDZ	Hrvatska demokratska zajednica	Coalition	Centre-right	JandrokovićGordan	Jandroković, Gordan	M	1967	
ParlaMint-HR-en_2017-07-12-0	ParlaMint-HR_2017-07-12-0.u45556	Minutes of the National Assembly of the Republic of Croatia, Term 9, Session 4	2017-07-12	Unicameralism	9. mandat	-	Zasedanje 4	2017-07-14	-	Reference	English	Regular	MP	notMinister	Živi zid	Živi zid	Coalition	-	PernarIvan	Pernar, Ivan	M	1985	
ParlaMint-HR-en_2017-07-12-0	ParlaMint-HR_2017-07-12-0.u45557	Minutes of the National Assembly of the Republic of Croatia, Term 9, Session 4	2017-07-12	Unicameralism	9. mandat	-	Zasedanje 4	2017-07-14	-	Reference	English	Chairperson	MP	notMinister	HDZ	Hrvatska demokratska zajednica	Coalition	Centre-right	JandrokovićGordan	Jandroković, Gordan	M	1967	
ParlaMint-HR-en_2017-07-12-0	ParlaMint-HR_2017-07-12-0.u45558	Minutes of the National Assembly of the Republic of Croatia, Term 9, Session 4	2017-07-12	Unicameralism	9. mandat	-	Zasedanje 4	2017-07-14	-	Reference	English	Regular	MP	notMinister	HDZ	Hrvatska demokratska zajednica	Coalition	Centre-right	BačićBranko	Bačić, Branko	M	1959	
ParlaMint-HR-en_2017-07-12-0	ParlaMint-HR_2017-07-12-0.u45559	Minutes of the National Assembly of the Republic of Croatia, Term 9, Session 4	2017-07-12	Unicameralism	9. mandat	-	Zasedanje 4	2017-07-14	-	Reference	English	Chairperson	MP	notMinister	HDZ	Hrvatska demokratska zajednica	Coalition	Centre-right	JandrokovićGordan	Jandroković, Gordan	M	1967	
ParlaMint-HR-en_2017-07-12-0	ParlaMint-HR_2017-07-12-0.u45560	Minutes of the National Assembly of the Republic of Croatia, Term 9, Session 4	2017-07-12	Unicameralism	9. mandat	-	Zasedanje 4	2017-07-14	-	Reference	English	Regular	MP	notMinister	SDP	Socijaldemokratska partija Hrvatske	Coalition	Centre-left	GrbinPeđa	Grbin, Peđa	M	1979	
ParlaMint-HR-en_2017-07-12-0	ParlaMint-HR_2017-07-12-0.u45561	Minutes of the National Assembly of the Republic of Croatia, Term 9, Session 4	2017-07-12	Unicameralism	9. mandat	-	Zasedanje 4	2017-07-14	-	Reference	English	Chairperson	MP	notMinister	HDZ	Hrvatska demokratska zajednica	Coalition	Centre-right	JandrokovićGordan	Jandroković, Gordan	M	1967	
ParlaMint-HR-en_2017-07-12-0	ParlaMint-HR_2017-07-12-0.u45562	Minutes of the National Assembly of the Republic of Croatia, Term 9, Session 4	2017-07-12	Unicameralism	9. mandat	-	Zasedanje 4	2017-07-14	-	Reference	English	Regular	MP	notMinister	HDZ	Hrvatska demokratska zajednica	Coalition	Centre-right	BačićBranko	Bačić, Branko	M	1959	
ParlaMint-HR-en_2017-07-12-0	ParlaMint-HR_2017-07-12-0.u45563	Minutes of the National Assembly of the Republic of Croatia, Term 9, Session 4	2017-07-12	Unicameralism	9. mandat	-	Zasedanje 4	2017-07-14	-	Reference	English	Chairperson	MP	notMinister	HDZ	Hrvatska demokratska zajednica	Coalition	Centre-right	JandrokovićGordan	Jandroković, Gordan	M	1967	
ParlaMint-HR-en_2017-07-12-0	ParlaMint-HR_2017-07-12-0.u45564	Minutes of the National Assembly of the Republic of Croatia, Term 9, Session 4	2017-07-12	Unicameralism	9. mandat	-	Zasedanje 4	2017-07-14	-	Reference	English	Regular	MP	notMinister	SDP	Socijaldemokratska partija Hrvatske	Coalition	Centre-left	MarasGordan	Maras, Gordan	M	1974	
ParlaMint-HR-en_2017-07-12-0	ParlaMint-HR_2017-07-12-0.u45565	Minutes of the National Assembly of the Republic of Croatia, Term 9, Session 4	2017-07-12	Unicameralism	9. mandat	-	Zasedanje 4	2017-07-14	-	Reference	English	Chairperson	MP	notMinister	HDZ	Hrvatska demokratska zajednica	Coalition	Centre-right	JandrokovićGordan	Jandroković, Gordan	M	1967	
ParlaMint-HR-en_2017-07-12-0	ParlaMint-HR_2017-07-12-0.u45566	Minutes of the National Assembly of the Republic of Croatia, Term 9, Session 4	2017-07-12	Unicameralism	9. mandat	-	Zasedanje 4	2017-07-14	-	Reference	English	Regular	MP	notMinister	HDZ	Hrvatska demokratska zajednica	Coalition	Centre-right	BačićBranko	Bačić, Branko	M	1959	
ParlaMint-HR-en_2017-07-12-0	ParlaMint-HR_2017-07-12-0.u45567	Minutes of the National Assembly of the Republic of Croatia, Term 9, Session 4	2017-07-12	Unicameralism	9. mandat	-	Zasedanje 4	2017-07-14	-	Reference	English	Chairperson	MP	notMinister	HDZ	Hrvatska demokratska zajednica	Coalition	Centre-right	JandrokovićGordan	Jandroković, Gordan	M	1967	
ParlaMint-HR-en_2017-07-12-0	ParlaMint-HR_2017-07-12-0.u45568	Minutes of the National Assembly of the Republic of Croatia, Term 9, Session 4	2017-07-12	Unicameralism	9. mandat	-	Zasedanje 4	2017-07-14	-	Reference	English	Regular	MP	notMinister	SDP	Socijaldemokratska partija Hrvatske	Coalition	Centre-left	StazićNenad	Stazić, Nenad	M	1957	
ParlaMint-HR-en_2017-07-12-0	ParlaMint-HR_2017-07-12-0.u45569	Minutes of the National Assembly of the Republic of Croatia, Term 9, Session 4	2017-07-12	Unicameralism	9. mandat	-	Zasedanje 4	2017-07-14	-	Reference	English	Chairperson	MP	notMinister	HDZ	Hrvatska demokratska zajednica	Coalition	Centre-right	JandrokovićGordan	Jandroković, Gordan	M	1967	
ParlaMint-HR-en_2017-07-12-0	ParlaMint-HR_2017-07-12-0.u45570	Minutes of the National Assembly of the Republic of Croatia, Term 9, Session 4	2017-07-12	Unicameralism	9. mandat	-	Zasedanje 4	2017-07-14	-	Reference	English	Regular	MP	notMinister	HDZ	Hrvatska demokratska zajednica	Coalition	Centre-right	BačićBranko	Bačić, Branko	M	1959	
ParlaMint-HR-en_2017-07-12-0	ParlaMint-HR_2017-07-12-0.u45571	Minutes of the National Assembly of the Republic of Croatia, Term 9, Session 4	2017-07-12	Unicameralism	9. mandat	-	Zasedanje 4	2017-07-14	-	Reference	English	Chairperson	MP	notMinister	HDZ	Hrvatska demokratska zajednica	Coalition	Centre-right	JandrokovićGordan	Jandroković, Gordan	M	1967	
ParlaMint-HR-en_2017-07-12-0	ParlaMint-HR_2017-07-12-0.u45572	Minutes of the National Assembly of the Republic of Croatia, Term 9, Session 4	2017-07-12	Unicameralism	9. mandat	-	Zasedanje 4	2017-07-14	-	Reference	English	Regular	notMP	notMinister	-	-	-	-	VranješDragica	Vranješ, Dragica	U	-	
ParlaMint-HR-en_2017-07-12-0	ParlaMint-HR_2017-07-12-0.u45573	Minutes of the National Assembly of the Republic of Croatia, Term 9, Session 4	2017-07-12	Unicameralism	9. mandat	-	Zasedanje 4	2017-07-14	-	Reference	English	Chairperson	MP	notMinister	HDZ	Hrvatska demokratska zajednica	Coalition	Centre-right	JandrokovićGordan	Jandroković, Gordan	M	1967	
ParlaMint-HR-en_2017-07-12-0	ParlaMint-HR_2017-07-12-0.u45574	Minutes of the National Assembly of the Republic of Croatia, Term 9, Session 4	2017-07-12	Unicameralism	9. mandat	-	Zasedanje 4	2017-07-14	-	Reference	English	Regular	MP	notMinister	HDZ	Hrvatska demokratska zajednica	Coalition	Centre-right	BačićBranko	Bačić, Branko	M	1959	
ParlaMint-HR-en_2017-07-12-0	ParlaMint-HR_2017-07-12-0.u45575	Minutes of the National Assembly of the Republic of Croatia, Term 9, Session 4	2017-07-12	Unicameralism	9. mandat	-	Zasedanje 4	2017-07-14	-	Reference	English	Chairperson	MP	notMinister	HDZ	Hrvatska demokratska zajednica	Coalition	Centre-right	JandrokovićGordan	Jandroković, Gordan	M	1967	
ParlaMint-HR-en_2017-07-12-0	ParlaMint-HR_2017-07-12-0.u45576	Minutes of the National Assembly of the Republic of Croatia, Term 9, Session 4	2017-07-12	Unicameralism	9. mandat	-	Zasedanje 4	2017-07-14	-	Reference	English	Regular	MP	notMinister	PH	Promijenimo Hrvatsku!	Coalition	-	MišićIvica	Mišić, Ivica	M	1955	
ParlaMint-HR-en_2017-07-12-0	ParlaMint-HR_2017-07-12-0.u45577	Minutes of the National Assembly of the Republic of Croatia, Term 9, Session 4	2017-07-12	Unicameralism	9. mandat	-	Zasedanje 4	2017-07-14	-	Reference	English	Chairperson	MP	notMinister	SDP	Socijaldemokratska partija Hrvatske	Coalition	Centre-left	HajdašDončićSiniša	Hajdaš Dončić, Siniša	M	1974	
ParlaMint-HR-en_2017-07-12-0	ParlaMint-HR_2017-07-12-0.u45578	Minutes of the National Assembly of the Republic of Croatia, Term 9, Session 4	2017-07-12	Unicameralism	9. mandat	-	Zasedanje 4	2017-07-14	-	Reference	English	Regular	MP	notMinister	HDZ	Hrvatska demokratska zajednica	Coalition	Centre-right	BačićBranko	Bačić, Branko	M	1959	
ParlaMint-HR-en_2017-07-12-0	ParlaMint-HR_2017-07-12-0.u45579	Minutes of the National Assembly of the Republic of Croatia, Term 9, Session 4	2017-07-12	Unicameralism	9. mandat	-	Zasedanje 4	2017-07-14	-	Reference	English	Chairperson	MP	notMinister	SDP	Socijaldemokratska partija Hrvatske	Coalition	Centre-left	HajdašDončićSiniša	Hajdaš Dončić, Siniša	M	1974	
ParlaMint-HR-en_2017-07-12-0	ParlaMint-HR_2017-07-12-0.u45580	Minutes of the National Assembly of the Republic of Croatia, Term 9, Session 4	2017-07-12	Unicameralism	9. mandat	-	Zasedanje 4	2017-07-14	-	Reference	English	Regular	MP	notMinister	SDP	Socijaldemokratska partija Hrvatske	Coalition	Centre-left	VešligajMarko	Vešligaj, Marko	M	1982	
ParlaMint-HR-en_2017-07-12-0	ParlaMint-HR_2017-07-12-0.u45581	Minutes of the National Assembly of the Republic of Croatia, Term 9, Session 4	2017-07-12	Unicameralism	9. mandat	-	Zasedanje 4	2017-07-14	-	Reference	English	Chairperson	MP	notMinister	SDP	Socijaldemokratska partija Hrvatske	Coalition	Centre-left	HajdašDončićSiniša	Hajdaš Dončić, Siniša	M	1974	
ParlaMint-HR-en_2017-07-12-0	ParlaMint-HR_2017-07-12-0.u45582	Minutes of the National Assembly of the Republic of Croatia, Term 9, Session 4	2017-07-12	Unicameralism	9. mandat	-	Zasedanje 4	2017-07-14	-	Reference	English	Regular	MP	notMinister	HDZ	Hrvatska demokratska zajednica	Coalition	Centre-right	BačićBranko	Bačić, Branko	M	1959	
ParlaMint-HR-en_2017-07-12-0	ParlaMint-HR_2017-07-12-0.u45583	Minutes of the National Assembly of the Republic of Croatia, Term 9, Session 4	2017-07-12	Unicameralism	9. mandat	-	Zasedanje 4	2017-07-14	-	Reference	English	Chairperson	MP	notMinister	SDP	Socijaldemokratska partija Hrvatske	Coalition	Centre-left	HajdašDončićSiniša	Hajdaš Dončić, Siniša	M	1974	
ParlaMint-HR-en_2017-07-12-0	ParlaMint-HR_2017-07-12-0.u45584	Minutes of the National Assembly of the Republic of Croatia, Term 9, Session 4	2017-07-12	Unicameralism	9. mandat	-	Zasedanje 4	2017-07-14	-	Reference	English	Regular	MP	notMinister	HDZ	Hrvatska demokratska zajednica	Coalition	Centre-right	BorićJosip	Borić, Josip	M	1972	
ParlaMint-HR-en_2017-07-12-0	ParlaMint-HR_2017-07-12-0.u45585	Minutes of the National Assembly of the Republic of Croatia, Term 9, Session 4	2017-07-12	Unicameralism	9. mandat	-	Zasedanje 4	2017-07-14	-	Reference	English	Chairperson	MP	notMinister	SDP	Socijaldemokratska partija Hrvatske	Coalition	Centre-left	HajdašDončićSiniša	Hajdaš Dončić, Siniša	M	1974	
ParlaMint-HR-en_2017-07-12-0	ParlaMint-HR_2017-07-12-0.u45586	Minutes of the National Assembly of the Republic of Croatia, Term 9, Session 4	2017-07-12	Unicameralism	9. mandat	-	Zasedanje 4	2017-07-14	-	Reference	English	Regular	MP	notMinister	HDZ	Hrvatska demokratska zajednica	Coalition	Centre-right	BačićBranko	Bačić, Branko	M	1959	
ParlaMint-HR-en_2017-07-12-0	ParlaMint-HR_2017-07-12-0.u45587	Minutes of the National Assembly of the Republic of Croatia, Term 9, Session 4	2017-07-12	Unicameralism	9. mandat	-	Zasedanje 4	2017-07-14	-	Reference	English	Chairperson	MP	notMinister	SDP	Socijaldemokratska partija Hrvatske	Coalition	Centre-left	HajdašDončićSiniša	Hajdaš Dončić, Siniša	M	1974	
ParlaMint-HR-en_2017-07-12-0	ParlaMint-HR_2017-07-12-0.u45588	Minutes of the National Assembly of the Republic of Croatia, Term 9, Session 4	2017-07-12	Unicameralism	9. mandat	-	Zasedanje 4	2017-07-14	-	Reference	English	Regular	MP	notMinister	HDZ	Hrvatska demokratska zajednica	Coalition	Centre-right	PerićGrozdana	Perić, Grozdana	F	1961	
ParlaMint-HR-en_2017-07-12-0	ParlaMint-HR_2017-07-12-0.u45589	Minutes of the National Assembly of the Republic of Croatia, Term 9, Session 4	2017-07-12	Unicameralism	9. mandat	-	Zasedanje 4	2017-07-14	-	Reference	English	Chairperson	MP	notMinister	SDP	Socijaldemokratska partija Hrvatske	Coalition	Centre-left	HajdašDončićSiniša	Hajdaš Dončić, Siniša	M	1974	
ParlaMint-HR-en_2017-07-12-0	ParlaMint-HR_2017-07-12-0.u45590	Minutes of the National Assembly of the Republic of Croatia, Term 9, Session 4	2017-07-12	Unicameralism	9. mandat	-	Zasedanje 4	2017-07-14	-	Reference	English	Regular	MP	notMinister	HDZ	Hrvatska demokratska zajednica	Coalition	Centre-right	BačićBranko	Bačić, Branko	M	1959	
ParlaMint-HR-en_2017-07-12-0	ParlaMint-HR_2017-07-12-0.u45591	Minutes of the National Assembly of the Republic of Croatia, Term 9, Session 4	2017-07-12	Unicameralism	9. mandat	-	Zasedanje 4	2017-07-14	-	Reference	English	Chairperson	MP	notMinister	SDP	Socijaldemokratska partija Hrvatske	Coalition	Centre-left	HajdašDončićSiniša	Hajdaš Dončić, Siniša	M	1974	
ParlaMint-HR-en_2017-07-12-0	ParlaMint-HR_2017-07-12-0.u45592	Minutes of the National Assembly of the Republic of Croatia, Term 9, Session 4	2017-07-12	Unicameralism	9. mandat	-	Zasedanje 4	2017-07-14	-	Reference	English	Regular	MP	notMinister	Živi zid	Živi zid	Coalition	-	SinčićIvanVilibor	Sinčić, Ivan Vilibor	M	1990	
ParlaMint-HR-en_2017-07-12-0	ParlaMint-HR_2017-07-12-0.u45593	Minutes of the National Assembly of the Republic of Croatia, Term 9, Session 4	2017-07-12	Unicameralism	9. mandat	-	Zasedanje 4	2017-07-14	-	Reference	English	Chairperson	MP	notMinister	SDP	Socijaldemokratska partija Hrvatske	Coalition	Centre-left	HajdašDončićSiniša	Hajdaš Dončić, Siniša	M	1974	
ParlaMint-HR-en_2017-07-12-0	ParlaMint-HR_2017-07-12-0.u45594	Minutes of the National Assembly of the Republic of Croatia, Term 9, Session 4	2017-07-12	Unicameralism	9. mandat	-	Zasedanje 4	2017-07-14	-	Reference	English	Regular	MP	notMinister	HDZ	Hrvatska demokratska zajednica	Coalition	Centre-right	BačićBranko	Bačić, Branko	M	1959	
ParlaMint-HR-en_2017-07-12-0	ParlaMint-HR_2017-07-12-0.u45595	Minutes of the National Assembly of the Republic of Croatia, Term 9, Session 4	2017-07-12	Unicameralism	9. mandat	-	Zasedanje 4	2017-07-14	-	Reference	English	Chairperson	MP	notMinister	SDP	Socijaldemokratska partija Hrvatske	Coalition	Centre-left	HajdašDončićSiniša	Hajdaš Dončić, Siniša	M	1974	
ParlaMint-HR-en_2017-07-12-0	ParlaMint-HR_2017-07-12-0.u45596	Minutes of the National Assembly of the Republic of Croatia, Term 9, Session 4	2017-07-12	Unicameralism	9. mandat	-	Zasedanje 4	2017-07-14	-	Reference	English	Regular	MP	notMinister	HSS	Hrvatska seljačka stranka	Coalition	Centre to centre-right	LenartŽeljko	Lenart, Željko	M	1968	
ParlaMint-HR-en_2017-07-12-0	ParlaMint-HR_2017-07-12-0.u45597	Minutes of the National Assembly of the Republic of Croatia, Term 9, Session 4	2017-07-12	Unicameralism	9. mandat	-	Zasedanje 4	2017-07-14	-	Reference	English	Chairperson	MP	notMinister	SDP	Socijaldemokratska partija Hrvatske	Coalition	Centre-left	HajdašDončićSiniša	Hajdaš Dončić, Siniša	M	1974	
ParlaMint-HR-en_2017-07-12-0	ParlaMint-HR_2017-07-12-0.u45598	Minutes of the National Assembly of the Republic of Croatia, Term 9, Session 4	2017-07-12	Unicameralism	9. mandat	-	Zasedanje 4	2017-07-14	-	Reference	English	Regular	MP	notMinister	HDZ	Hrvatska demokratska zajednica	Coalition	Centre-right	BačićBranko	Bačić, Branko	M	1959	
ParlaMint-HR-en_2017-07-12-0	ParlaMint-HR_2017-07-12-0.u45599	Minutes of the National Assembly of the Republic of Croatia, Term 9, Session 4	2017-07-12	Unicameralism	9. mandat	-	Zasedanje 4	2017-07-14	-	Reference	English	Chairperson	MP	notMinister	SDP	Socijaldemokratska partija Hrvatske	Coalition	Centre-left	HajdašDončićSiniša	Hajdaš Dončić, Siniša	M	1974	
ParlaMint-HR-en_2017-07-12-0	ParlaMint-HR_2017-07-12-0.u45600	Minutes of the National Assembly of the Republic of Croatia, Term 9, Session 4	2017-07-12	Unicameralism	9. mandat	-	Zasedanje 4	2017-07-14	-	Reference	English	Regular	MP	notMinister	HDZ	Hrvatska demokratska zajednica	Coalition	Centre-right	JelkovacMarija	Jelkovac, Marija	F	1971	
ParlaMint-HR-en_2017-07-12-0	ParlaMint-HR_2017-07-12-0.u45601	Minutes of the National Assembly of the Republic of Croatia, Term 9, Session 4	2017-07-12	Unicameralism	9. mandat	-	Zasedanje 4	2017-07-14	-	Reference	English	Chairperson	MP	notMinister	SDP	Socijaldemokratska partija Hrvatske	Coalition	Centre-left	HajdašDončićSiniša	Hajdaš Dončić, Siniša	M	1974	
ParlaMint-HR-en_2017-07-12-0	ParlaMint-HR_2017-07-12-0.u45602	Minutes of the National Assembly of the Republic of Croatia, Term 9, Session 4	2017-07-12	Unicameralism	9. mandat	-	Zasedanje 4	2017-07-14	-	Reference	English	Regular	MP	notMinister	HDZ	Hrvatska demokratska zajednica	Coalition	Centre-right	BačićBranko	Bačić, Branko	M	1959	
ParlaMint-HR-en_2017-07-12-0	ParlaMint-HR_2017-07-12-0.u45603	Minutes of the National Assembly of the Republic of Croatia, Term 9, Session 4	2017-07-12	Unicameralism	9. mandat	-	Zasedanje 4	2017-07-14	-	Reference	English	Chairperson	MP	notMinister	SDP	Socijaldemokratska partija Hrvatske	Coalition	Centre-left	HajdašDončićSiniša	Hajdaš Dončić, Siniša	M	1974	
ParlaMint-HR-en_2017-07-12-0	ParlaMint-HR_2017-07-12-0.u45604	Minutes of the National Assembly of the Republic of Croatia, Term 9, Session 4	2017-07-12	Unicameralism	9. mandat	-	Zasedanje 4	2017-07-14	-	Reference	English	Regular	MP	notMinister	HDZ	Hrvatska demokratska zajednica	Coalition	Centre-right	ŠukerIvan	Šuker, Ivan	M	1957	
ParlaMint-HR-en_2017-07-12-0	ParlaMint-HR_2017-07-12-0.u45605	Minutes of the National Assembly of the Republic of Croatia, Term 9, Session 4	2017-07-12	Unicameralism	9. mandat	-	Zasedanje 4	2017-07-14	-	Reference	English	Chairperson	MP	notMinister	SDP	Socijaldemokratska partija Hrvatske	Coalition	Centre-left	HajdašDončićSiniša	Hajdaš Dončić, Siniša	M	1974	
ParlaMint-HR-en_2017-07-12-0	ParlaMint-HR_2017-07-12-0.u45606	Minutes of the National Assembly of the Republic of Croatia, Term 9, Session 4	2017-07-12	Unicameralism	9. mandat	-	Zasedanje 4	2017-07-14	-	Reference	English	Regular	MP	notMinister	HDZ	Hrvatska demokratska zajednica	Coalition	Centre-right	BačićBranko	Bačić, Branko	M	1959	
ParlaMint-HR-en_2017-07-12-0	ParlaMint-HR_2017-07-12-0.u45607	Minutes of the National Assembly of the Republic of Croatia, Term 9, Session 4	2017-07-12	Unicameralism	9. mandat	-	Zasedanje 4	2017-07-14	-	Reference	English	Chairperson	MP	notMinister	SDP	Socijaldemokratska partija Hrvatske	Coalition	Centre-left	HajdašDončićSiniša	Hajdaš Dončić, Siniša	M	1974	
ParlaMint-HR-en_2017-07-12-0	ParlaMint-HR_2017-07-12-0.u45608	Minutes of the National Assembly of the Republic of Croatia, Term 9, Session 4	2017-07-12	Unicameralism	9. mandat	-	Zasedanje 4	2017-07-14	-	Reference	English	Regular	MP	notMinister	MOST	Most nezavisnih lista	Opposition	Centre-right to right	GrmojaNikola	Grmoja, Nikola	M	1981	
ParlaMint-HR-en_2017-07-12-0	ParlaMint-HR_2017-07-12-0.u45609	Minutes of the National Assembly of the Republic of Croatia, Term 9, Session 4	2017-07-12	Unicameralism	9. mandat	-	Zasedanje 4	2017-07-14	-	Reference	English	Chairperson	MP	notMinister	SDP	Socijaldemokratska partija Hrvatske	Coalition	Centre-left	HajdašDončićSiniša	Hajdaš Dončić, Siniša	M	1974	
ParlaMint-HR-en_2017-07-12-0	ParlaMint-HR_2017-07-12-0.u45610	Minutes of the National Assembly of the Republic of Croatia, Term 9, Session 4	2017-07-12	Unicameralism	9. mandat	-	Zasedanje 4	2017-07-14	-	Reference	English	Regular	MP	notMinister	HDZ	Hrvatska demokratska zajednica	Coalition	Centre-right	BačićBranko	Bačić, Branko	M	1959	
ParlaMint-HR-en_2017-07-12-0	ParlaMint-HR_2017-07-12-0.u45611	Minutes of the National Assembly of the Republic of Croatia, Term 9, Session 4	2017-07-12	Unicameralism	9. mandat	-	Zasedanje 4	2017-07-14	-	Reference	English	Chairperson	MP	notMinister	SDP	Socijaldemokratska partija Hrvatske	Coalition	Centre-left	HajdašDončićSiniša	Hajdaš Dončić, Siniša	M	1974	
ParlaMint-HR-en_2017-07-12-0	ParlaMint-HR_2017-07-12-0.u45612	Minutes of the National Assembly of the Republic of Croatia, Term 9, Session 4	2017-07-12	Unicameralism	9. mandat	-	Zasedanje 4	2017-07-14	-	Reference	English	Regular	MP	notMinister	MOST	Most nezavisnih lista	Opposition	Centre-right to right	BuljMiro	Bulj, Miro	M	1972	
ParlaMint-HR-en_2017-07-12-0	ParlaMint-HR_2017-07-12-0.u45613	Minutes of the National Assembly of the Republic of Croatia, Term 9, Session 4	2017-07-12	Unicameralism	9. mandat	-	Zasedanje 4	2017-07-14	-	Reference	English	Chairperson	MP	notMinister	SDP	Socijaldemokratska partija Hrvatske	Coalition	Centre-left	HajdašDončićSiniša	Hajdaš Dončić, Siniša	M	1974	
ParlaMint-HR-en_2017-07-12-0	ParlaMint-HR_2017-07-12-0.u45614	Minutes of the National Assembly of the Republic of Croatia, Term 9, Session 4	2017-07-12	Unicameralism	9. mandat	-	Zasedanje 4	2017-07-14	-	Reference	English	Regular	MP	notMinister	HDZ	Hrvatska demokratska zajednica	Coalition	Centre-right	BačićBranko	Bačić, Branko	M	1959	
ParlaMint-HR-en_2017-07-12-0	ParlaMint-HR_2017-07-12-0.u45615	Minutes of the National Assembly of the Republic of Croatia, Term 9, Session 4	2017-07-12	Unicameralism	9. mandat	-	Zasedanje 4	2017-07-14	-	Reference	English	Chairperson	MP	notMinister	SDP	Socijaldemokratska partija Hrvatske	Coalition	Centre-left	HajdašDončićSiniša	Hajdaš Dončić, Siniša	M	1974	
ParlaMint-HR-en_2017-07-12-0	ParlaMint-HR_2017-07-12-0.u45616	Minutes of the National Assembly of the Republic of Croatia, Term 9, Session 4	2017-07-12	Unicameralism	9. mandat	-	Zasedanje 4	2017-07-14	-	Reference	English	Regular	MP	notMinister	SDP	Socijaldemokratska partija Hrvatske	Coalition	Centre-left	MarasGordan	Maras, Gordan	M	1974	
ParlaMint-HR-en_2017-07-12-0	ParlaMint-HR_2017-07-12-0.u45617	Minutes of the National Assembly of the Republic of Croatia, Term 9, Session 4	2017-07-12	Unicameralism	9. mandat	-	Zasedanje 4	2017-07-14	-	Reference	English	Chairperson	MP	notMinister	SDP	Socijaldemokratska partija Hrvatske	Coalition	Centre-left	HajdašDončićSiniša	Hajdaš Dončić, Siniša	M	1974	
ParlaMint-HR-en_2017-07-12-0	ParlaMint-HR_2017-07-12-0.u45618	Minutes of the National Assembly of the Republic of Croatia, Term 9, Session 4	2017-07-12	Unicameralism	9. mandat	-	Zasedanje 4	2017-07-14	-	Reference	English	Regular	MP	notMinister	MOST	Most nezavisnih lista	Opposition	Centre-right to right	BuljMiro	Bulj, Miro	M	1972	
ParlaMint-HR-en_2017-07-12-0	ParlaMint-HR_2017-07-12-0.u45619	Minutes of the National Assembly of the Republic of Croatia, Term 9, Session 4	2017-07-12	Unicameralism	9. mandat	-	Zasedanje 4	2017-07-14	-	Reference	English	Chairperson	MP	notMinister	SDP	Socijaldemokratska partija Hrvatske	Coalition	Centre-left	HajdašDončićSiniša	Hajdaš Dončić, Siniša	M	1974	
ParlaMint-HR-en_2017-07-12-0	ParlaMint-HR_2017-07-12-0.u45620	Minutes of the National Assembly of the Republic of Croatia, Term 9, Session 4	2017-07-12	Unicameralism	9. mandat	-	Zasedanje 4	2017-07-14	-	Reference	English	Regular	MP	notMinister	SDP	Socijaldemokratska partija Hrvatske	Coalition	Centre-left	MarasGordan	Maras, Gordan	M	1974	
ParlaMint-HR-en_2017-07-12-0	ParlaMint-HR_2017-07-12-0.u45621	Minutes of the National Assembly of the Republic of Croatia, Term 9, Session 4	2017-07-12	Unicameralism	9. mandat	-	Zasedanje 4	2017-07-14	-	Reference	English	Chairperson	MP	notMinister	SDP	Socijaldemokratska partija Hrvatske	Coalition	Centre-left	HajdašDončićSiniša	Hajdaš Dončić, Siniša	M	1974	
ParlaMint-HR-en_2017-07-12-0	ParlaMint-HR_2017-07-12-0.u45622	Minutes of the National Assembly of the Republic of Croatia, Term 9, Session 4	2017-07-12	Unicameralism	9. mandat	-	Zasedanje 4	2017-07-14	-	Reference	English	Regular	MP	notMinister	Živi zid	Živi zid	Coalition	-	SinčićIvanVilibor	Sinčić, Ivan Vilibor	M	1990	
ParlaMint-HR-en_2017-07-12-0	ParlaMint-HR_2017-07-12-0.u45623	Minutes of the National Assembly of the Republic of Croatia, Term 9, Session 4	2017-07-12	Unicameralism	9. mandat	-	Zasedanje 4	2017-07-14	-	Reference	English	Chairperson	MP	notMinister	SDP	Socijaldemokratska partija Hrvatske	Coalition	Centre-left	HajdašDončićSiniša	Hajdaš Dončić, Siniša	M	1974	
ParlaMint-HR-en_2017-07-12-0	ParlaMint-HR_2017-07-12-0.u45624	Minutes of the National Assembly of the Republic of Croatia, Term 9, Session 4	2017-07-12	Unicameralism	9. mandat	-	Zasedanje 4	2017-07-14	-	Reference	English	Regular	MP	notMinister	SDP	Socijaldemokratska partija Hrvatske	Coalition	Centre-left	MarasGordan	Maras, Gordan	M	1974	
ParlaMint-HR-en_2017-07-12-0	ParlaMint-HR_2017-07-12-0.u45625	Minutes of the National Assembly of the Republic of Croatia, Term 9, Session 4	2017-07-12	Unicameralism	9. mandat	-	Zasedanje 4	2017-07-14	-	Reference	English	Chairperson	MP	notMinister	SDP	Socijaldemokratska partija Hrvatske	Coalition	Centre-left	HajdašDončićSiniša	Hajdaš Dončić, Siniša	M	1974	
ParlaMint-HR-en_2017-07-12-0	ParlaMint-HR_2017-07-12-0.u45626	Minutes of the National Assembly of the Republic of Croatia, Term 9, Session 4	2017-07-12	Unicameralism	9. mandat	-	Zasedanje 4	2017-07-14	-	Reference	English	Regular	MP	notMinister	SDP	Socijaldemokratska partija Hrvatske	Coalition	Centre-left	MarasGordan	Maras, Gordan	M	1974	
ParlaMint-HR-en_2017-07-12-0	ParlaMint-HR_2017-07-12-0.u45627	Minutes of the National Assembly of the Republic of Croatia, Term 9, Session 4	2017-07-12	Unicameralism	9. mandat	-	Zasedanje 4	2017-07-14	-	Reference	English	Chairperson	MP	notMinister	SDP	Socijaldemokratska partija Hrvatske	Coalition	Centre-left	HajdašDončićSiniša	Hajdaš Dončić, Siniša	M	1974	
ParlaMint-HR-en_2017-07-12-0	ParlaMint-HR_2017-07-12-0.u45628	Minutes of the National Assembly of the Republic of Croatia, Term 9, Session 4	2017-07-12	Unicameralism	9. mandat	-	Zasedanje 4	2017-07-14	-	Reference	English	Regular	notMP	notMinister	-	-	-	-	VranješDragica	Vranješ, Dragica	U	-	
ParlaMint-HR-en_2017-07-12-0	ParlaMint-HR_2017-07-12-0.u45629	Minutes of the National Assembly of the Republic of Croatia, Term 9, Session 4	2017-07-12	Unicameralism	9. mandat	-	Zasedanje 4	2017-07-14	-	Reference	English	Chairperson	MP	notMinister	SDP	Socijaldemokratska partija Hrvatske	Coalition	Centre-left	HajdašDončićSiniša	Hajdaš Dončić, Siniša	M	1974	
ParlaMint-HR-en_2017-07-12-0	ParlaMint-HR_2017-07-12-0.u45630	Minutes of the National Assembly of the Republic of Croatia, Term 9, Session 4	2017-07-12	Unicameralism	9. mandat	-	Zasedanje 4	2017-07-14	-	Reference	English	Regular	MP	notMinister	SDP	Socijaldemokratska partija Hrvatske	Coalition	Centre-left	MarasGordan	Maras, Gordan	M	1974	
ParlaMint-HR-en_2017-07-12-0	ParlaMint-HR_2017-07-12-0.u45631	Minutes of the National Assembly of the Republic of Croatia, Term 9, Session 4	2017-07-12	Unicameralism	9. mandat	-	Zasedanje 4	2017-07-14	-	Reference	English	Chairperson	MP	notMinister	SDP	Socijaldemokratska partija Hrvatske	Coalition	Centre-left	HajdašDončićSiniša	Hajdaš Dončić, Siniša	M	1974	
ParlaMint-HR-en_2017-07-12-0	ParlaMint-HR_2017-07-12-0.u45632	Minutes of the National Assembly of the Republic of Croatia, Term 9, Session 4	2017-07-12	Unicameralism	9. mandat	-	Zasedanje 4	2017-07-14	-	Reference	English	Regular	MP	notMinister	HDZ	Hrvatska demokratska zajednica	Coalition	Centre-right	BačićBranko	Bačić, Branko	M	1959	
ParlaMint-HR-en_2017-07-12-0	ParlaMint-HR_2017-07-12-0.u45633	Minutes of the National Assembly of the Republic of Croatia, Term 9, Session 4	2017-07-12	Unicameralism	9. mandat	-	Zasedanje 4	2017-07-14	-	Reference	English	Chairperson	MP	notMinister	SDP	Socijaldemokratska partija Hrvatske	Coalition	Centre-left	HajdašDončićSiniša	Hajdaš Dončić, Siniša	M	1974	
ParlaMint-HR-en_2017-07-12-0	ParlaMint-HR_2017-07-12-0.u45634	Minutes of the National Assembly of the Republic of Croatia, Term 9, Session 4	2017-07-12	Unicameralism	9. mandat	-	Zasedanje 4	2017-07-14	-	Reference	English	Regular	MP	notMinister	SDP	Socijaldemokratska partija Hrvatske	Coalition	Centre-left	MarasGordan	Maras, Gordan	M	1974	
ParlaMint-HR-en_2017-07-12-0	ParlaMint-HR_2017-07-12-0.u45635	Minutes of the National Assembly of the Republic of Croatia, Term 9, Session 4	2017-07-12	Unicameralism	9. mandat	-	Zasedanje 4	2017-07-14	-	Reference	English	Chairperson	MP	notMinister	SDP	Socijaldemokratska partija Hrvatske	Coalition	Centre-left	HajdašDončićSiniša	Hajdaš Dončić, Siniša	M	1974	
ParlaMint-HR-en_2017-07-12-0	ParlaMint-HR_2017-07-12-0.u45636	Minutes of the National Assembly of the Republic of Croatia, Term 9, Session 4	2017-07-12	Unicameralism	9. mandat	-	Zasedanje 4	2017-07-14	-	Reference	English	Regular	MP	notMinister	MOST	Most nezavisnih lista	Opposition	Centre-right to right	GrmojaNikola	Grmoja, Nikola	M	1981	
ParlaMint-HR-en_2017-07-12-0	ParlaMint-HR_2017-07-12-0.u45637	Minutes of the National Assembly of the Republic of Croatia, Term 9, Session 4	2017-07-12	Unicameralism	9. mandat	-	Zasedanje 4	2017-07-14	-	Reference	English	Chairperson	MP	notMinister	SDP	Socijaldemokratska partija Hrvatske	Coalition	Centre-left	HajdašDončićSiniša	Hajdaš Dončić, Siniša	M	1974	
ParlaMint-HR-en_2017-07-12-0	ParlaMint-HR_2017-07-12-0.u45638	Minutes of the National Assembly of the Republic of Croatia, Term 9, Session 4	2017-07-12	Unicameralism	9. mandat	-	Zasedanje 4	2017-07-14	-	Reference	English	Regular	MP	notMinister	SDP	Socijaldemokratska partija Hrvatske	Coalition	Centre-left	MarasGordan	Maras, Gordan	M	1974	
ParlaMint-HR-en_2017-07-12-0	ParlaMint-HR_2017-07-12-0.u45639	Minutes of the National Assembly of the Republic of Croatia, Term 9, Session 4	2017-07-12	Unicameralism	9. mandat	-	Zasedanje 4	2017-07-14	-	Reference	English	Chairperson	MP	notMinister	SDP	Socijaldemokratska partija Hrvatske	Coalition	Centre-left	HajdašDončićSiniša	Hajdaš Dončić, Siniša	M	1974	
ParlaMint-HR-en_2017-07-12-0	ParlaMint-HR_2017-07-12-0.u45640	Minutes of the National Assembly of the Republic of Croatia, Term 9, Session 4	2017-07-12	Unicameralism	9. mandat	-	Zasedanje 4	2017-07-14	-	Reference	English	Regular	MP	notMinister	HDZ	Hrvatska demokratska zajednica	Coalition	Centre-right	BorićJosip	Borić, Josip	M	1972	
ParlaMint-HR-en_2017-07-12-0	ParlaMint-HR_2017-07-12-0.u45641	Minutes of the National Assembly of the Republic of Croatia, Term 9, Session 4	2017-07-12	Unicameralism	9. mandat	-	Zasedanje 4	2017-07-14	-	Reference	English	Chairperson	MP	notMinister	SDP	Socijaldemokratska partija Hrvatske	Coalition	Centre-left	HajdašDončićSiniša	Hajdaš Dončić, Siniša	M	1974	
ParlaMint-HR-en_2017-07-12-0	ParlaMint-HR_2017-07-12-0.u45642	Minutes of the National Assembly of the Republic of Croatia, Term 9, Session 4	2017-07-12	Unicameralism	9. mandat	-	Zasedanje 4	2017-07-14	-	Reference	English	Regular	MP	notMinister	SDP	Socijaldemokratska partija Hrvatske	Coalition	Centre-left	MarasGordan	Maras, Gordan	M	1974	
ParlaMint-HR-en_2017-07-12-0	ParlaMint-HR_2017-07-12-0.u45643	Minutes of the National Assembly of the Republic of Croatia, Term 9, Session 4	2017-07-12	Unicameralism	9. mandat	-	Zasedanje 4	2017-07-14	-	Reference	English	Chairperson	MP	notMinister	SDP	Socijaldemokratska partija Hrvatske	Coalition	Centre-left	HajdašDončićSiniša	Hajdaš Dončić, Siniša	M	1974	
ParlaMint-HR-en_2017-07-12-0	ParlaMint-HR_2017-07-12-0.u45644	Minutes of the National Assembly of the Republic of Croatia, Term 9, Session 4	2017-07-12	Unicameralism	9. mandat	-	Zasedanje 4	2017-07-14	-	Reference	English	Regular	MP	notMinister	SDP	Socijaldemokratska partija Hrvatske	Coalition	Centre-left	MarasGordan	Maras, Gordan	M	1974	
ParlaMint-HR-en_2017-07-12-0	ParlaMint-HR_2017-07-12-0.u45645	Minutes of the National Assembly of the Republic of Croatia, Term 9, Session 4	2017-07-12	Unicameralism	9. mandat	-	Zasedanje 4	2017-07-14	-	Reference	English	Chairperson	MP	notMinister	SDP	Socijaldemokratska partija Hrvatske	Coalition	Centre-left	HajdašDončićSiniša	Hajdaš Dončić, Siniša	M	1974	
ParlaMint-HR-en_2017-07-12-0	ParlaMint-HR_2017-07-12-0.u45646	Minutes of the National Assembly of the Republic of Croatia, Term 9, Session 4	2017-07-12	Unicameralism	9. mandat	-	Zasedanje 4	2017-07-14	-	Reference	English	Regular	MP	notMinister	HDZ	Hrvatska demokratska zajednica	Coalition	Centre-right	CulejStevo	Culej, Stevo	M	1964	
ParlaMint-HR-en_2017-07-12-0	ParlaMint-HR_2017-07-12-0.u45647	Minutes of the National Assembly of the Republic of Croatia, Term 9, Session 4	2017-07-12	Unicameralism	9. mandat	-	Zasedanje 4	2017-07-14	-	Reference	English	Chairperson	MP	notMinister	SDP	Socijaldemokratska partija Hrvatske	Coalition	Centre-left	HajdašDončićSiniša	Hajdaš Dončić, Siniša	M	1974	
ParlaMint-HR-en_2017-07-12-0	ParlaMint-HR_2017-07-12-0.u45648	Minutes of the National Assembly of the Republic of Croatia, Term 9, Session 4	2017-07-12	Unicameralism	9. mandat	-	Zasedanje 4	2017-07-14	-	Reference	English	Regular	MP	notMinister	SDP	Socijaldemokratska partija Hrvatske	Coalition	Centre-left	MarasGordan	Maras, Gordan	M	1974	
ParlaMint-HR-en_2017-07-12-0	ParlaMint-HR_2017-07-12-0.u45649	Minutes of the National Assembly of the Republic of Croatia, Term 9, Session 4	2017-07-12	Unicameralism	9. mandat	-	Zasedanje 4	2017-07-14	-	Reference	English	Chairperson	MP	notMinister	SDP	Socijaldemokratska partija Hrvatske	Coalition	Centre-left	HajdašDončićSiniša	Hajdaš Dončić, Siniša	M	1974	
ParlaMint-HR-en_2017-07-12-0	ParlaMint-HR_2017-07-12-0.u45650	Minutes of the National Assembly of the Republic of Croatia, Term 9, Session 4	2017-07-12	Unicameralism	9. mandat	-	Zasedanje 4	2017-07-14	-	Reference	English	Regular	MP	notMinister	SDP	Socijaldemokratska partija Hrvatske	Coalition	Centre-left	MarasGordan	Maras, Gordan	M	1974	
ParlaMint-HR-en_2017-07-12-0	ParlaMint-HR_2017-07-12-0.u45651	Minutes of the National Assembly of the Republic of Croatia, Term 9, Session 4	2017-07-12	Unicameralism	9. mandat	-	Zasedanje 4	2017-07-14	-	Reference	English	Chairperson	MP	notMinister	SDP	Socijaldemokratska partija Hrvatske	Coalition	Centre-left	HajdašDončićSiniša	Hajdaš Dončić, Siniša	M	1974	
ParlaMint-HR-en_2017-07-12-0	ParlaMint-HR_2017-07-12-0.u45652	Minutes of the National Assembly of the Republic of Croatia, Term 9, Session 4	2017-07-12	Unicameralism	9. mandat	-	Zasedanje 4	2017-07-14	-	Reference	English	Regular	MP	notMinister	MOST	Most nezavisnih lista	Opposition	Centre-right to right	NinčevićLesandrićIvana	Ninčević-Lesandrić, Ivana	F	1983	
ParlaMint-HR-en_2017-07-12-0	ParlaMint-HR_2017-07-12-0.u45653	Minutes of the National Assembly of the Republic of Croatia, Term 9, Session 4	2017-07-12	Unicameralism	9. mandat	-	Zasedanje 4	2017-07-14	-	Reference	English	Chairperson	MP	notMinister	SDP	Socijaldemokratska partija Hrvatske	Coalition	Centre-left	HajdašDončićSiniša	Hajdaš Dončić, Siniša	M	1974	
ParlaMint-HR-en_2017-07-12-0	ParlaMint-HR_2017-07-12-0.u45654	Minutes of the National Assembly of the Republic of Croatia, Term 9, Session 4	2017-07-12	Unicameralism	9. mandat	-	Zasedanje 4	2017-07-14	-	Reference	English	Regular	MP	notMinister	SDP	Socijaldemokratska partija Hrvatske	Coalition	Centre-left	MarasGordan	Maras, Gordan	M	1974	
ParlaMint-HR-en_2017-07-12-0	ParlaMint-HR_2017-07-12-0.u45655	Minutes of the National Assembly of the Republic of Croatia, Term 9, Session 4	2017-07-12	Unicameralism	9. mandat	-	Zasedanje 4	2017-07-14	-	Reference	English	Chairperson	MP	notMinister	SDP	Socijaldemokratska partija Hrvatske	Coalition	Centre-left	HajdašDončićSiniša	Hajdaš Dončić, Siniša	M	1974	
ParlaMint-HR-en_2017-07-12-0	ParlaMint-HR_2017-07-12-0.u45656	Minutes of the National Assembly of the Republic of Croatia, Term 9, Session 4	2017-07-12	Unicameralism	9. mandat	-	Zasedanje 4	2017-07-14	-	Reference	English	Regular	MP	notMinister	Živi zid	Živi zid	Coalition	-	SinčićIvanVilibor	Sinčić, Ivan Vilibor	M	1990	
ParlaMint-HR-en_2017-07-12-0	ParlaMint-HR_2017-07-12-0.u45657	Minutes of the National Assembly of the Republic of Croatia, Term 9, Session 4	2017-07-12	Unicameralism	9. mandat	-	Zasedanje 4	2017-07-14	-	Reference	English	Chairperson	MP	notMinister	SDP	Socijaldemokratska partija Hrvatske	Coalition	Centre-left	HajdašDončićSiniša	Hajdaš Dončić, Siniša	M	1974	
ParlaMint-HR-en_2017-07-12-0	ParlaMint-HR_2017-07-12-0.u45658	Minutes of the National Assembly of the Republic of Croatia, Term 9, Session 4	2017-07-12	Unicameralism	9. mandat	-	Zasedanje 4	2017-07-14	-	Reference	English	Regular	MP	notMinister	HDZ	Hrvatska demokratska zajednica	Coalition	Centre-right	BorićJosip	Borić, Josip	M	1972	
ParlaMint-HR-en_2017-07-12-0	ParlaMint-HR_2017-07-12-0.u45659	Minutes of the National Assembly of the Republic of Croatia, Term 9, Session 4	2017-07-12	Unicameralism	9. mandat	-	Zasedanje 4	2017-07-14	-	Reference	English	Chairperson	MP	notMinister	SDP	Socijaldemokratska partija Hrvatske	Coalition	Centre-left	HajdašDončićSiniša	Hajdaš Dončić, Siniša	M	1974	
ParlaMint-HR-en_2017-07-12-0	ParlaMint-HR_2017-07-12-0.u45660	Minutes of the National Assembly of the Republic of Croatia, Term 9, Session 4	2017-07-12	Unicameralism	9. mandat	-	Zasedanje 4	2017-07-14	-	Reference	English	Regular	MP	notMinister	Živi zid	Živi zid	Coalition	-	SinčićIvanVilibor	Sinčić, Ivan Vilibor	M	1990	
ParlaMint-HR-en_2017-07-12-0	ParlaMint-HR_2017-07-12-0.u45661	Minutes of the National Assembly of the Republic of Croatia, Term 9, Session 4	2017-07-12	Unicameralism	9. mandat	-	Zasedanje 4	2017-07-14	-	Reference	English	Chairperson	MP	notMinister	SDP	Socijaldemokratska partija Hrvatske	Coalition	Centre-left	HajdašDončićSiniša	Hajdaš Dončić, Siniša	M	1974	
ParlaMint-HR-en_2017-07-12-0	ParlaMint-HR_2017-07-12-0.u45662	Minutes of the National Assembly of the Republic of Croatia, Term 9, Session 4	2017-07-12	Unicameralism	9. mandat	-	Zasedanje 4	2017-07-14	-	Reference	English	Regular	MP	notMinister	GLAS	Građansko-liberalni savez	Opposition	Centre-left	BeusRichemberghGoran	Beus Richembergh, Goran	M	1965	
ParlaMint-HR-en_2017-07-12-0	ParlaMint-HR_2017-07-12-0.u45663	Minutes of the National Assembly of the Republic of Croatia, Term 9, Session 4	2017-07-12	Unicameralism	9. mandat	-	Zasedanje 4	2017-07-14	-	Reference	English	Chairperson	MP	notMinister	SDP	Socijaldemokratska partija Hrvatske	Coalition	Centre-left	HajdašDončićSiniša	Hajdaš Dončić, Siniša	M	1974	
ParlaMint-HR-en_2017-07-12-0	ParlaMint-HR_2017-07-12-0.u45664	Minutes of the National Assembly of the Republic of Croatia, Term 9, Session 4	2017-07-12	Unicameralism	9. mandat	-	Zasedanje 4	2017-07-14	-	Reference	English	Regular	MP	notMinister	HDZ	Hrvatska demokratska zajednica	Coalition	Centre-right	BorićJosip	Borić, Josip	M	1972	
ParlaMint-HR-en_2017-07-12-0	ParlaMint-HR_2017-07-12-0.u45665	Minutes of the National Assembly of the Republic of Croatia, Term 9, Session 4	2017-07-12	Unicameralism	9. mandat	-	Zasedanje 4	2017-07-14	-	Reference	English	Chairperson	MP	notMinister	SDP	Socijaldemokratska partija Hrvatske	Coalition	Centre-left	HajdašDončićSiniša	Hajdaš Dončić, Siniša	M	1974	
ParlaMint-HR-en_2017-07-12-0	ParlaMint-HR_2017-07-12-0.u45666	Minutes of the National Assembly of the Republic of Croatia, Term 9, Session 4	2017-07-12	Unicameralism	9. mandat	-	Zasedanje 4	2017-07-14	-	Reference	English	Regular	MP	notMinister	GLAS	Građansko-liberalni savez	Opposition	Centre-left	BeusRichemberghGoran	Beus Richembergh, Goran	M	1965	
ParlaMint-HR-en_2017-07-12-0	ParlaMint-HR_2017-07-12-0.u45667	Minutes of the National Assembly of the Republic of Croatia, Term 9, Session 4	2017-07-12	Unicameralism	9. mandat	-	Zasedanje 4	2017-07-14	-	Reference	English	Chairperson	MP	notMinister	SDP	Socijaldemokratska partija Hrvatske	Coalition	Centre-left	HajdašDončićSiniša	Hajdaš Dončić, Siniša	M	1974	
ParlaMint-HR-en_2017-07-12-0	ParlaMint-HR_2017-07-12-0.u45668	Minutes of the National Assembly of the Republic of Croatia, Term 9, Session 4	2017-07-12	Unicameralism	9. mandat	-	Zasedanje 4	2017-07-14	-	Reference	English	Regular	MP	notMinister	HDZ	Hrvatska demokratska zajednica	Coalition	Centre-right	JuričevMartinčevBranka	Juričev-Martinčev, Branka	F	1965	
ParlaMint-HR-en_2017-07-12-0	ParlaMint-HR_2017-07-12-0.u45669	Minutes of the National Assembly of the Republic of Croatia, Term 9, Session 4	2017-07-12	Unicameralism	9. mandat	-	Zasedanje 4	2017-07-14	-	Reference	English	Chairperson	MP	notMinister	SDP	Socijaldemokratska partija Hrvatske	Coalition	Centre-left	HajdašDončićSiniša	Hajdaš Dončić, Siniša	M	1974	
ParlaMint-HR-en_2017-07-12-0	ParlaMint-HR_2017-07-12-0.u45670	Minutes of the National Assembly of the Republic of Croatia, Term 9, Session 4	2017-07-12	Unicameralism	9. mandat	-	Zasedanje 4	2017-07-14	-	Reference	English	Regular	MP	notMinister	GLAS	Građansko-liberalni savez	Opposition	Centre-left	BeusRichemberghGoran	Beus Richembergh, Goran	M	1965	
ParlaMint-HR-en_2017-07-12-0	ParlaMint-HR_2017-07-12-0.u45671	Minutes of the National Assembly of the Republic of Croatia, Term 9, Session 4	2017-07-12	Unicameralism	9. mandat	-	Zasedanje 4	2017-07-14	-	Reference	English	Chairperson	MP	notMinister	SDP	Socijaldemokratska partija Hrvatske	Coalition	Centre-left	HajdašDončićSiniša	Hajdaš Dončić, Siniša	M	1974	
ParlaMint-HR-en_2017-07-12-0	ParlaMint-HR_2017-07-12-0.u45672	Minutes of the National Assembly of the Republic of Croatia, Term 9, Session 4	2017-07-12	Unicameralism	9. mandat	-	Zasedanje 4	2017-07-14	-	Reference	English	Regular	MP	notMinister	MOST	Most nezavisnih lista	Opposition	Centre-right to right	GrmojaNikola	Grmoja, Nikola	M	1981	
ParlaMint-HR-en_2017-07-12-0	ParlaMint-HR_2017-07-12-0.u45673	Minutes of the National Assembly of the Republic of Croatia, Term 9, Session 4	2017-07-12	Unicameralism	9. mandat	-	Zasedanje 4	2017-07-14	-	Reference	English	Chairperson	MP	notMinister	SDP	Socijaldemokratska partija Hrvatske	Coalition	Centre-left	HajdašDončićSiniša	Hajdaš Dončić, Siniša	M	1974	
ParlaMint-HR-en_2017-07-12-0	ParlaMint-HR_2017-07-12-0.u45674	Minutes of the National Assembly of the Republic of Croatia, Term 9, Session 4	2017-07-12	Unicameralism	9. mandat	-	Zasedanje 4	2017-07-14	-	Reference	English	Regular	MP	notMinister	GLAS	Građansko-liberalni savez	Opposition	Centre-left	BeusRichemberghGoran	Beus Richembergh, Goran	M	1965	
ParlaMint-HR-en_2017-07-12-0	ParlaMint-HR_2017-07-12-0.u45675	Minutes of the National Assembly of the Republic of Croatia, Term 9, Session 4	2017-07-12	Unicameralism	9. mandat	-	Zasedanje 4	2017-07-14	-	Reference	English	Chairperson	MP	notMinister	SDP	Socijaldemokratska partija Hrvatske	Coalition	Centre-left	HajdašDončićSiniša	Hajdaš Dončić, Siniša	M	1974	
ParlaMint-HR-en_2017-07-12-0	ParlaMint-HR_2017-07-12-0.u45676	Minutes of the National Assembly of the Republic of Croatia, Term 9, Session 4	2017-07-12	Unicameralism	9. mandat	-	Zasedanje 4	2017-07-14	-	Reference	English	Regular	MP	notMinister	MOST	Most nezavisnih lista	Opposition	Centre-right to right	NinčevićLesandrićIvana	Ninčević-Lesandrić, Ivana	F	1983	
ParlaMint-HR-en_2017-07-12-0	ParlaMint-HR_2017-07-12-0.u45677	Minutes of the National Assembly of the Republic of Croatia, Term 9, Session 4	2017-07-12	Unicameralism	9. mandat	-	Zasedanje 4	2017-07-14	-	Reference	English	Chairperson	MP	notMinister	SDP	Socijaldemokratska partija Hrvatske	Coalition	Centre-left	HajdašDončićSiniša	Hajdaš Dončić, Siniša	M	1974	
ParlaMint-HR-en_2017-07-12-0	ParlaMint-HR_2017-07-12-0.u45678	Minutes of the National Assembly of the Republic of Croatia, Term 9, Session 4	2017-07-12	Unicameralism	9. mandat	-	Zasedanje 4	2017-07-14	-	Reference	English	Regular	MP	notMinister	GLAS	Građansko-liberalni savez	Opposition	Centre-left	BeusRichemberghGoran	Beus Richembergh, Goran	M	1965	
ParlaMint-HR-en_2017-07-12-0	ParlaMint-HR_2017-07-12-0.u45679	Minutes of the National Assembly of the Republic of Croatia, Term 9, Session 4	2017-07-12	Unicameralism	9. mandat	-	Zasedanje 4	2017-07-14	-	Reference	English	Chairperson	MP	notMinister	SDP	Socijaldemokratska partija Hrvatske	Coalition	Centre-left	HajdašDončićSiniša	Hajdaš Dončić, Siniša	M	1974	
ParlaMint-HR-en_2017-07-12-0	ParlaMint-HR_2017-07-12-0.u45680	Minutes of the National Assembly of the Republic of Croatia, Term 9, Session 4	2017-07-12	Unicameralism	9. mandat	-	Zasedanje 4	2017-07-14	-	Reference	English	Regular	MP	notMinister	HSS	Hrvatska seljačka stranka	Coalition	Centre to centre-right	VlaovićDavor	Vlaović, Davor	M	1963	
ParlaMint-HR-en_2017-07-12-0	ParlaMint-HR_2017-07-12-0.u45681	Minutes of the National Assembly of the Republic of Croatia, Term 9, Session 4	2017-07-12	Unicameralism	9. mandat	-	Zasedanje 4	2017-07-14	-	Reference	English	Chairperson	MP	notMinister	SDP	Socijaldemokratska partija Hrvatske	Coalition	Centre-left	HajdašDončićSiniša	Hajdaš Dončić, Siniša	M	1974	
ParlaMint-HR-en_2017-07-12-0	ParlaMint-HR_2017-07-12-0.u45682	Minutes of the National Assembly of the Republic of Croatia, Term 9, Session 4	2017-07-12	Unicameralism	9. mandat	-	Zasedanje 4	2017-07-14	-	Reference	English	Regular	MP	notMinister	GLAS	Građansko-liberalni savez	Opposition	Centre-left	BeusRichemberghGoran	Beus Richembergh, Goran	M	1965	
ParlaMint-HR-en_2017-07-12-0	ParlaMint-HR_2017-07-12-0.u45683	Minutes of the National Assembly of the Republic of Croatia, Term 9, Session 4	2017-07-12	Unicameralism	9. mandat	-	Zasedanje 4	2017-07-14	-	Reference	English	Chairperson	MP	notMinister	SDP	Socijaldemokratska partija Hrvatske	Coalition	Centre-left	HajdašDončićSiniša	Hajdaš Dončić, Siniša	M	1974	
ParlaMint-HR-en_2017-07-12-0	ParlaMint-HR_2017-07-12-0.u45684	Minutes of the National Assembly of the Republic of Croatia, Term 9, Session 4	2017-07-12	Unicameralism	9. mandat	-	Zasedanje 4	2017-07-14	-	Reference	English	Regular	MP	notMinister	HSS	Hrvatska seljačka stranka	Coalition	Centre to centre-right	VlaovićDavor	Vlaović, Davor	M	1963	
ParlaMint-HR-en_2017-07-12-0	ParlaMint-HR_2017-07-12-0.u45685	Minutes of the National Assembly of the Republic of Croatia, Term 9, Session 4	2017-07-12	Unicameralism	9. mandat	-	Zasedanje 4	2017-07-14	-	Reference	English	Chairperson	MP	notMinister	SDP	Socijaldemokratska partija Hrvatske	Coalition	Centre-left	HajdašDončićSiniša	Hajdaš Dončić, Siniša	M	1974	
ParlaMint-HR-en_2017-07-12-0	ParlaMint-HR_2017-07-12-0.u45686	Minutes of the National Assembly of the Republic of Croatia, Term 9, Session 4	2017-07-12	Unicameralism	9. mandat	-	Zasedanje 4	2017-07-14	-	Reference	English	Regular	MP	notMinister	HSS	Hrvatska seljačka stranka	Coalition	Centre to centre-right	MadjerMladen	Madjer, Mladen	M	1965	
ParlaMint-HR-en_2017-07-12-0	ParlaMint-HR_2017-07-12-0.u45687	Minutes of the National Assembly of the Republic of Croatia, Term 9, Session 4	2017-07-12	Unicameralism	9. mandat	-	Zasedanje 4	2017-07-14	-	Reference	English	Chairperson	MP	notMinister	SDP	Socijaldemokratska partija Hrvatske	Coalition	Centre-left	HajdašDončićSiniša	Hajdaš Dončić, Siniša	M	1974	
ParlaMint-HR-en_2017-07-12-0	ParlaMint-HR_2017-07-12-0.u45688	Minutes of the National Assembly of the Republic of Croatia, Term 9, Session 4	2017-07-12	Unicameralism	9. mandat	-	Zasedanje 4	2017-07-14	-	Reference	English	Regular	MP	notMinister	HSS	Hrvatska seljačka stranka	Coalition	Centre to centre-right	VlaovićDavor	Vlaović, Davor	M	1963	
ParlaMint-HR-en_2017-07-12-0	ParlaMint-HR_2017-07-12-0.u45689	Minutes of the National Assembly of the Republic of Croatia, Term 9, Session 4	2017-07-12	Unicameralism	9. mandat	-	Zasedanje 4	2017-07-14	-	Reference	English	Chairperson	MP	notMinister	SDP	Socijaldemokratska partija Hrvatske	Coalition	Centre-left	HajdašDončićSiniša	Hajdaš Dončić, Siniša	M	1974	
ParlaMint-HR-en_2017-07-12-0	ParlaMint-HR_2017-07-12-0.u45690	Minutes of the National Assembly of the Republic of Croatia, Term 9, Session 4	2017-07-12	Unicameralism	9. mandat	-	Zasedanje 4	2017-07-14	-	Reference	English	Regular	MP	notMinister	MOST	Most nezavisnih lista	Opposition	Centre-right to right	BuljMiro	Bulj, Miro	M	1972	
ParlaMint-HR-en_2017-07-12-0	ParlaMint-HR_2017-07-12-0.u45691	Minutes of the National Assembly of the Republic of Croatia, Term 9, Session 4	2017-07-12	Unicameralism	9. mandat	-	Zasedanje 4	2017-07-14	-	Reference	English	Chairperson	MP	notMinister	SDP	Socijaldemokratska partija Hrvatske	Coalition	Centre-left	HajdašDončićSiniša	Hajdaš Dončić, Siniša	M	1974	
ParlaMint-HR-en_2017-07-12-0	ParlaMint-HR_2017-07-12-0.u45692	Minutes of the National Assembly of the Republic of Croatia, Term 9, Session 4	2017-07-12	Unicameralism	9. mandat	-	Zasedanje 4	2017-07-14	-	Reference	English	Regular	MP	notMinister	HSS	Hrvatska seljačka stranka	Coalition	Centre to centre-right	VlaovićDavor	Vlaović, Davor	M	1963	
ParlaMint-HR-en_2017-07-12-0	ParlaMint-HR_2017-07-12-0.u45693	Minutes of the National Assembly of the Republic of Croatia, Term 9, Session 4	2017-07-12	Unicameralism	9. mandat	-	Zasedanje 4	2017-07-14	-	Reference	English	Chairperson	MP	notMinister	SDP	Socijaldemokratska partija Hrvatske	Coalition	Centre-left	HajdašDončićSiniša	Hajdaš Dončić, Siniša	M	1974	
ParlaMint-HR-en_2017-07-12-0	ParlaMint-HR_2017-07-12-0.u45694	Minutes of the National Assembly of the Republic of Croatia, Term 9, Session 4	2017-07-12	Unicameralism	9. mandat	-	Zasedanje 4	2017-07-14	-	Reference	English	Regular	MP	notMinister	Živi zid	Živi zid	Coalition	-	SinčićIvanVilibor	Sinčić, Ivan Vilibor	M	1990	
ParlaMint-HR-en_2017-07-12-0	ParlaMint-HR_2017-07-12-0.u45695	Minutes of the National Assembly of the Republic of Croatia, Term 9, Session 4	2017-07-12	Unicameralism	9. mandat	-	Zasedanje 4	2017-07-14	-	Reference	English	Chairperson	MP	notMinister	SDP	Socijaldemokratska partija Hrvatske	Coalition	Centre-left	HajdašDončićSiniša	Hajdaš Dončić, Siniša	M	1974	
ParlaMint-HR-en_2017-07-12-0	ParlaMint-HR_2017-07-12-0.u45696	Minutes of the National Assembly of the Republic of Croatia, Term 9, Session 4	2017-07-12	Unicameralism	9. mandat	-	Zasedanje 4	2017-07-14	-	Reference	English	Regular	MP	notMinister	HSS	Hrvatska seljačka stranka	Coalition	Centre to centre-right	VlaovićDavor	Vlaović, Davor	M	1963	
ParlaMint-HR-en_2017-07-12-0	ParlaMint-HR_2017-07-12-0.u45697	Minutes of the National Assembly of the Republic of Croatia, Term 9, Session 4	2017-07-12	Unicameralism	9. mandat	-	Zasedanje 4	2017-07-14	-	Reference	English	Chairperson	MP	notMinister	SDP	Socijaldemokratska partija Hrvatske	Coalition	Centre-left	HajdašDončićSiniša	Hajdaš Dončić, Siniša	M	1974	
ParlaMint-HR-en_2017-07-12-0	ParlaMint-HR_2017-07-12-0.u45698	Minutes of the National Assembly of the Republic of Croatia, Term 9, Session 4	2017-07-12	Unicameralism	9. mandat	-	Zasedanje 4	2017-07-14	-	Reference	English	Regular	MP	notMinister	HSS	Hrvatska seljačka stranka	Coalition	Centre to centre-right	LenartŽeljko	Lenart, Željko	M	1968	
ParlaMint-HR-en_2017-07-12-0	ParlaMint-HR_2017-07-12-0.u45699	Minutes of the National Assembly of the Republic of Croatia, Term 9, Session 4	2017-07-12	Unicameralism	9. mandat	-	Zasedanje 4	2017-07-14	-	Reference	English	Chairperson	MP	notMinister	SDP	Socijaldemokratska partija Hrvatske	Coalition	Centre-left	HajdašDončićSiniša	Hajdaš Dončić, Siniša	M	1974	
ParlaMint-HR-en_2017-07-12-0	ParlaMint-HR_2017-07-12-0.u45700	Minutes of the National Assembly of the Republic of Croatia, Term 9, Session 4	2017-07-12	Unicameralism	9. mandat	-	Zasedanje 4	2017-07-14	-	Reference	English	Regular	MP	notMinister	SDP	Socijaldemokratska partija Hrvatske	Coalition	Centre-left	MarasGordan	Maras, Gordan	M	1974	
ParlaMint-HR-en_2017-07-12-0	ParlaMint-HR_2017-07-12-0.u45701	Minutes of the National Assembly of the Republic of Croatia, Term 9, Session 4	2017-07-12	Unicameralism	9. mandat	-	Zasedanje 4	2017-07-14	-	Reference	English	Chairperson	MP	notMinister	HDZ	Hrvatska demokratska zajednica	Coalition	Centre-right	ReinerŽeljko	Reiner, Željko	M	1953	
ParlaMint-HR-en_2017-07-12-0	ParlaMint-HR_2017-07-12-0.u45702	Minutes of the National Assembly of the Republic of Croatia, Term 9, Session 4	2017-07-12	Unicameralism	9. mandat	-	Zasedanje 4	2017-07-14	-	Reference	English	Regular	MP	notMinister	HDZ	Hrvatska demokratska zajednica	Coalition	Centre-right	JuričevMartinčevBranka	Juričev-Martinčev, Branka	F	1965	
ParlaMint-HR-en_2017-07-12-0	ParlaMint-HR_2017-07-12-0.u45703	Minutes of the National Assembly of the Republic of Croatia, Term 9, Session 4	2017-07-12	Unicameralism	9. mandat	-	Zasedanje 4	2017-07-14	-	Reference	English	Chairperson	MP	notMinister	HDZ	Hrvatska demokratska zajednica	Coalition	Centre-right	ReinerŽeljko	Reiner, Željko	M	1953	
ParlaMint-HR-en_2017-07-12-0	ParlaMint-HR_2017-07-12-0.u45704	Minutes of the National Assembly of the Republic of Croatia, Term 9, Session 4	2017-07-12	Unicameralism	9. mandat	-	Zasedanje 4	2017-07-14	-	Reference	English	Regular	MP	notMinister	SDP	Socijaldemokratska partija Hrvatske	Coalition	Centre-left	MarasGordan	Maras, Gordan	M	1974	
ParlaMint-HR-en_2017-07-12-0	ParlaMint-HR_2017-07-12-0.u45705	Minutes of the National Assembly of the Republic of Croatia, Term 9, Session 4	2017-07-12	Unicameralism	9. mandat	-	Zasedanje 4	2017-07-14	-	Reference	English	Chairperson	MP	notMinister	HDZ	Hrvatska demokratska zajednica	Coalition	Centre-right	ReinerŽeljko	Reiner, Željko	M	1953	
ParlaMint-HR-en_2017-07-12-0	ParlaMint-HR_2017-07-12-0.u45706	Minutes of the National Assembly of the Republic of Croatia, Term 9, Session 4	2017-07-12	Unicameralism	9. mandat	-	Zasedanje 4	2017-07-14	-	Reference	English	Regular	MP	notMinister	MOST	Most nezavisnih lista	Opposition	Centre-right to right	GrmojaNikola	Grmoja, Nikola	M	1981	
ParlaMint-HR-en_2017-07-12-0	ParlaMint-HR_2017-07-12-0.u45707	Minutes of the National Assembly of the Republic of Croatia, Term 9, Session 4	2017-07-12	Unicameralism	9. mandat	-	Zasedanje 4	2017-07-14	-	Reference	English	Chairperson	MP	notMinister	HDZ	Hrvatska demokratska zajednica	Coalition	Centre-right	ReinerŽeljko	Reiner, Željko	M	1953	
ParlaMint-HR-en_2017-07-12-0	ParlaMint-HR_2017-07-12-0.u45708	Minutes of the National Assembly of the Republic of Croatia, Term 9, Session 4	2017-07-12	Unicameralism	9. mandat	-	Zasedanje 4	2017-07-14	-	Reference	English	Regular	MP	notMinister	SDP	Socijaldemokratska partija Hrvatske	Coalition	Centre-left	MarasGordan	Maras, Gordan	M	1974	
ParlaMint-HR-en_2017-07-12-0	ParlaMint-HR_2017-07-12-0.u45709	Minutes of the National Assembly of the Republic of Croatia, Term 9, Session 4	2017-07-12	Unicameralism	9. mandat	-	Zasedanje 4	2017-07-14	-	Reference	English	Chairperson	MP	notMinister	HDZ	Hrvatska demokratska zajednica	Coalition	Centre-right	ReinerŽeljko	Reiner, Željko	M	1953	
ParlaMint-HR-en_2017-07-12-0	ParlaMint-HR_2017-07-12-0.u45710	Minutes of the National Assembly of the Republic of Croatia, Term 9, Session 4	2017-07-12	Unicameralism	9. mandat	-	Zasedanje 4	2017-07-14	-	Reference	English	Regular	MP	notMinister	MOST	Most nezavisnih lista	Opposition	Centre-right to right	BuljMiro	Bulj, Miro	M	1972	
ParlaMint-HR-en_2017-07-12-0	ParlaMint-HR_2017-07-12-0.u45711	Minutes of the National Assembly of the Republic of Croatia, Term 9, Session 4	2017-07-12	Unicameralism	9. mandat	-	Zasedanje 4	2017-07-14	-	Reference	English	Chairperson	MP	notMinister	HDZ	Hrvatska demokratska zajednica	Coalition	Centre-right	ReinerŽeljko	Reiner, Željko	M	1953	
ParlaMint-HR-en_2017-07-12-0	ParlaMint-HR_2017-07-12-0.u45712	Minutes of the National Assembly of the Republic of Croatia, Term 9, Session 4	2017-07-12	Unicameralism	9. mandat	-	Zasedanje 4	2017-07-14	-	Reference	English	Regular	MP	notMinister	SDP	Socijaldemokratska partija Hrvatske	Coalition	Centre-left	MarasGordan	Maras, Gordan	M	1974	
ParlaMint-HR-en_2017-07-12-0	ParlaMint-HR_2017-07-12-0.u45713	Minutes of the National Assembly of the Republic of Croatia, Term 9, Session 4	2017-07-12	Unicameralism	9. mandat	-	Zasedanje 4	2017-07-14	-	Reference	English	Chairperson	MP	notMinister	HDZ	Hrvatska demokratska zajednica	Coalition	Centre-right	ReinerŽeljko	Reiner, Željko	M	1953	
ParlaMint-HR-en_2017-07-12-0	ParlaMint-HR_2017-07-12-0.u45714	Minutes of the National Assembly of the Republic of Croatia, Term 9, Session 4	2017-07-12	Unicameralism	9. mandat	-	Zasedanje 4	2017-07-14	-	Reference	English	Regular	MP	notMinister	HSS	Hrvatska seljačka stranka	Coalition	Centre to centre-right	VlaovićDavor	Vlaović, Davor	M	1963	
ParlaMint-HR-en_2017-07-12-0	ParlaMint-HR_2017-07-12-0.u45715	Minutes of the National Assembly of the Republic of Croatia, Term 9, Session 4	2017-07-12	Unicameralism	9. mandat	-	Zasedanje 4	2017-07-14	-	Reference	English	Chairperson	MP	notMinister	HDZ	Hrvatska demokratska zajednica	Coalition	Centre-right	ReinerŽeljko	Reiner, Željko	M	1953	
ParlaMint-HR-en_2017-07-12-0	ParlaMint-HR_2017-07-12-0.u45716	Minutes of the National Assembly of the Republic of Croatia, Term 9, Session 4	2017-07-12	Unicameralism	9. mandat	-	Zasedanje 4	2017-07-14	-	Reference	English	Regular	MP	notMinister	SDP	Socijaldemokratska partija Hrvatske	Coalition	Centre-left	MarasGordan	Maras, Gordan	M	1974	
ParlaMint-HR-en_2017-07-12-0	ParlaMint-HR_2017-07-12-0.u45717	Minutes of the National Assembly of the Republic of Croatia, Term 9, Session 4	2017-07-12	Unicameralism	9. mandat	-	Zasedanje 4	2017-07-14	-	Reference	English	Chairperson	MP	notMinister	HDZ	Hrvatska demokratska zajednica	Coalition	Centre-right	ReinerŽeljko	Reiner, Željko	M	1953	
ParlaMint-HR-en_2017-07-12-0	ParlaMint-HR_2017-07-12-0.u45718	Minutes of the National Assembly of the Republic of Croatia, Term 9, Session 4	2017-07-12	Unicameralism	9. mandat	-	Zasedanje 4	2017-07-14	-	Reference	English	Regular	MP	notMinister	MOST	Most nezavisnih lista	Opposition	Centre-right to right	NinčevićLesandrićIvana	Ninčević-Lesandrić, Ivana	F	1983	
ParlaMint-HR-en_2017-07-12-0	ParlaMint-HR_2017-07-12-0.u45719	Minutes of the National Assembly of the Republic of Croatia, Term 9, Session 4	2017-07-12	Unicameralism	9. mandat	-	Zasedanje 4	2017-07-14	-	Reference	English	Chairperson	MP	notMinister	HDZ	Hrvatska demokratska zajednica	Coalition	Centre-right	ReinerŽeljko	Reiner, Željko	M	1953	
ParlaMint-HR-en_2017-07-12-0	ParlaMint-HR_2017-07-12-0.u45720	Minutes of the National Assembly of the Republic of Croatia, Term 9, Session 4	2017-07-12	Unicameralism	9. mandat	-	Zasedanje 4	2017-07-14	-	Reference	English	Regular	MP	notMinister	SDP	Socijaldemokratska partija Hrvatske	Coalition	Centre-left	MarasGordan	Maras, Gordan	M	1974	
ParlaMint-HR-en_2017-07-12-0	ParlaMint-HR_2017-07-12-0.u45721	Minutes of the National Assembly of the Republic of Croatia, Term 9, Session 4	2017-07-12	Unicameralism	9. mandat	-	Zasedanje 4	2017-07-14	-	Reference	English	Chairperson	MP	notMinister	HDZ	Hrvatska demokratska zajednica	Coalition	Centre-right	ReinerŽeljko	Reiner, Željko	M	1953	
ParlaMint-HR-en_2017-07-12-0	ParlaMint-HR_2017-07-12-0.u45722	Minutes of the National Assembly of the Republic of Croatia, Term 9, Session 4	2017-07-12	Unicameralism	9. mandat	-	Zasedanje 4	2017-07-14	-	Reference	English	Regular	MP	notMinister	MOST	Most nezavisnih lista	Opposition	Centre-right to right	BuljMiro	Bulj, Miro	M	1972	
ParlaMint-HR-en_2017-07-12-0	ParlaMint-HR_2017-07-12-0.u45723	Minutes of the National Assembly of the Republic of Croatia, Term 9, Session 4	2017-07-12	Unicameralism	9. mandat	-	Zasedanje 4	2017-07-14	-	Reference	English	Chairperson	MP	notMinister	HDZ	Hrvatska demokratska zajednica	Coalition	Centre-right	ReinerŽeljko	Reiner, Željko	M	1953	
ParlaMint-HR-en_2017-07-12-0	ParlaMint-HR_2017-07-12-0.u45724	Minutes of the National Assembly of the Republic of Croatia, Term 9, Session 4	2017-07-12	Unicameralism	9. mandat	-	Zasedanje 4	2017-07-14	-	Reference	English	Regular	MP	notMinister	MOST	Most nezavisnih lista	Opposition	Centre-right to right	GrmojaNikola	Grmoja, Nikola	M	1981	
ParlaMint-HR-en_2017-07-12-0	ParlaMint-HR_2017-07-12-0.u45725	Minutes of the National Assembly of the Republic of Croatia, Term 9, Session 4	2017-07-12	Unicameralism	9. mandat	-	Zasedanje 4	2017-07-14	-	Reference	English	Chairperson	MP	notMinister	HDZ	Hrvatska demokratska zajednica	Coalition	Centre-right	ReinerŽeljko	Reiner, Željko	M	1953	
ParlaMint-HR-en_2017-07-12-0	ParlaMint-HR_2017-07-12-0.u45726	Minutes of the National Assembly of the Republic of Croatia, Term 9, Session 4	2017-07-12	Unicameralism	9. mandat	-	Zasedanje 4	2017-07-14	-	Reference	English	Regular	MP	notMinister	MOST	Most nezavisnih lista	Opposition	Centre-right to right	BuljMiro	Bulj, Miro	M	1972	
ParlaMint-HR-en_2017-07-12-0	ParlaMint-HR_2017-07-12-0.u45727	Minutes of the National Assembly of the Republic of Croatia, Term 9, Session 4	2017-07-12	Unicameralism	9. mandat	-	Zasedanje 4	2017-07-14	-	Reference	English	Chairperson	MP	notMinister	HDZ	Hrvatska demokratska zajednica	Coalition	Centre-right	ReinerŽeljko	Reiner, Željko	M	1953	
ParlaMint-HR-en_2017-07-12-0	ParlaMint-HR_2017-07-12-0.u45728	Minutes of the National Assembly of the Republic of Croatia, Term 9, Session 4	2017-07-12	Unicameralism	9. mandat	-	Zasedanje 4	2017-07-14	-	Reference	English	Regular	MP	notMinister	MOST	Most nezavisnih lista	Opposition	Centre-right to right	SladoljevMarko	Sladoljev, Marko	M	1973	
ParlaMint-HR-en_2017-07-12-0	ParlaMint-HR_2017-07-12-0.u45729	Minutes of the National Assembly of the Republic of Croatia, Term 9, Session 4	2017-07-12	Unicameralism	9. mandat	-	Zasedanje 4	2017-07-14	-	Reference	English	Chairperson	MP	notMinister	HDZ	Hrvatska demokratska zajednica	Coalition	Centre-right	ReinerŽeljko	Reiner, Željko	M	1953	
ParlaMint-HR-en_2017-07-12-0	ParlaMint-HR_2017-07-12-0.u45730	Minutes of the National Assembly of the Republic of Croatia, Term 9, Session 4	2017-07-12	Unicameralism	9. mandat	-	Zasedanje 4	2017-07-14	-	Reference	English	Regular	MP	notMinister	MOST	Most nezavisnih lista	Opposition	Centre-right to right	BuljMiro	Bulj, Miro	M	1972	
ParlaMint-HR-en_2017-07-12-0	ParlaMint-HR_2017-07-12-0.u45731	Minutes of the National Assembly of the Republic of Croatia, Term 9, Session 4	2017-07-12	Unicameralism	9. mandat	-	Zasedanje 4	2017-07-14	-	Reference	English	Chairperson	MP	notMinister	HDZ	Hrvatska demokratska zajednica	Coalition	Centre-right	ReinerŽeljko	Reiner, Željko	M	1953	
ParlaMint-HR-en_2017-07-12-0	ParlaMint-HR_2017-07-12-0.u45732	Minutes of the National Assembly of the Republic of Croatia, Term 9, Session 4	2017-07-12	Unicameralism	9. mandat	-	Zasedanje 4	2017-07-14	-	Reference	English	Regular	MP	notMinister	MOST	Most nezavisnih lista	Opposition	Centre-right to right	GrmojaNikola	Grmoja, Nikola	M	1981	
ParlaMint-HR-en_2017-07-12-0	ParlaMint-HR_2017-07-12-0.u45733	Minutes of the National Assembly of the Republic of Croatia, Term 9, Session 4	2017-07-12	Unicameralism	9. mandat	-	Zasedanje 4	2017-07-14	-	Reference	English	Chairperson	MP	notMinister	HDZ	Hrvatska demokratska zajednica	Coalition	Centre-right	ReinerŽeljko	Reiner, Željko	M	1953	
ParlaMint-HR-en_2017-07-12-0	ParlaMint-HR_2017-07-12-0.u45734	Minutes of the National Assembly of the Republic of Croatia, Term 9, Session 4	2017-07-12	Unicameralism	9. mandat	-	Zasedanje 4	2017-07-14	-	Reference	English	Regular	MP	notMinister	MOST	Most nezavisnih lista	Opposition	Centre-right to right	BuljMiro	Bulj, Miro	M	1972	
ParlaMint-HR-en_2017-07-12-0	ParlaMint-HR_2017-07-12-0.u45735	Minutes of the National Assembly of the Republic of Croatia, Term 9, Session 4	2017-07-12	Unicameralism	9. mandat	-	Zasedanje 4	2017-07-14	-	Reference	English	Chairperson	MP	notMinister	HDZ	Hrvatska demokratska zajednica	Coalition	Centre-right	ReinerŽeljko	Reiner, Željko	M	1953	
ParlaMint-HR-en_2017-07-12-0	ParlaMint-HR_2017-07-12-0.u45736	Minutes of the National Assembly of the Republic of Croatia, Term 9, Session 4	2017-07-12	Unicameralism	9. mandat	-	Zasedanje 4	2017-07-14	-	Reference	English	Regular	MP	notMinister	HDZ	Hrvatska demokratska zajednica	Coalition	Centre-right	BačićAnte	Bačić, Ante	M	1984	
ParlaMint-HR-en_2017-07-12-0	ParlaMint-HR_2017-07-12-0.u45737	Minutes of the National Assembly of the Republic of Croatia, Term 9, Session 4	2017-07-12	Unicameralism	9. mandat	-	Zasedanje 4	2017-07-14	-	Reference	English	Chairperson	MP	notMinister	HDZ	Hrvatska demokratska zajednica	Coalition	Centre-right	ReinerŽeljko	Reiner, Željko	M	1953	
ParlaMint-HR-en_2017-07-12-0	ParlaMint-HR_2017-07-12-0.u45738	Minutes of the National Assembly of the Republic of Croatia, Term 9, Session 4	2017-07-12	Unicameralism	9. mandat	-	Zasedanje 4	2017-07-14	-	Reference	English	Regular	MP	notMinister	MOST	Most nezavisnih lista	Opposition	Centre-right to right	BuljMiro	Bulj, Miro	M	1972	
ParlaMint-HR-en_2017-07-12-0	ParlaMint-HR_2017-07-12-0.u45739	Minutes of the National Assembly of the Republic of Croatia, Term 9, Session 4	2017-07-12	Unicameralism	9. mandat	-	Zasedanje 4	2017-07-14	-	Reference	English	Chairperson	MP	notMinister	HDZ	Hrvatska demokratska zajednica	Coalition	Centre-right	ReinerŽeljko	Reiner, Željko	M	1953	
ParlaMint-HR-en_2017-07-12-0	ParlaMint-HR_2017-07-12-0.u45740	Minutes of the National Assembly of the Republic of Croatia, Term 9, Session 4	2017-07-12	Unicameralism	9. mandat	-	Zasedanje 4	2017-07-14	-	Reference	English	Regular	MP	notMinister	MOST	Most nezavisnih lista	Opposition	Centre-right to right	BuljMiro	Bulj, Miro	M	1972	
ParlaMint-HR-en_2017-07-12-0	ParlaMint-HR_2017-07-12-0.u45741	Minutes of the National Assembly of the Republic of Croatia, Term 9, Session 4	2017-07-12	Unicameralism	9. mandat	-	Zasedanje 4	2017-07-14	-	Reference	English	Chairperson	MP	notMinister	HDZ	Hrvatska demokratska zajednica	Coalition	Centre-right	ReinerŽeljko	Reiner, Željko	M	1953	
ParlaMint-HR-en_2017-07-12-0	ParlaMint-HR_2017-07-12-0.u45742	Minutes of the National Assembly of the Republic of Croatia, Term 9, Session 4	2017-07-12	Unicameralism	9. mandat	-	Zasedanje 4	2017-07-14	-	Reference	English	Regular	MP	notMinister	MOST	Most nezavisnih lista	Opposition	Centre-right to right	GrmojaNikola	Grmoja, Nikola	M	1981	
ParlaMint-HR-en_2017-07-12-0	ParlaMint-HR_2017-07-12-0.u45743	Minutes of the National Assembly of the Republic of Croatia, Term 9, Session 4	2017-07-12	Unicameralism	9. mandat	-	Zasedanje 4	2017-07-14	-	Reference	English	Chairperson	MP	notMinister	HDZ	Hrvatska demokratska zajednica	Coalition	Centre-right	ReinerŽeljko	Reiner, Željko	M	1953	
ParlaMint-HR-en_2017-07-12-0	ParlaMint-HR_2017-07-12-0.u45744	Minutes of the National Assembly of the Republic of Croatia, Term 9, Session 4	2017-07-12	Unicameralism	9. mandat	-	Zasedanje 4	2017-07-14	-	Reference	English	Regular	MP	notMinister	SDP	Socijaldemokratska partija Hrvatske	Coalition	Centre-left	MarasGordan	Maras, Gordan	M	1974	
ParlaMint-HR-en_2017-07-12-0	ParlaMint-HR_2017-07-12-0.u45745	Minutes of the National Assembly of the Republic of Croatia, Term 9, Session 4	2017-07-12	Unicameralism	9. mandat	-	Zasedanje 4	2017-07-14	-	Reference	English	Chairperson	MP	notMinister	HDZ	Hrvatska demokratska zajednica	Coalition	Centre-right	ReinerŽeljko	Reiner, Željko	M	1953	
ParlaMint-HR-en_2017-07-12-0	ParlaMint-HR_2017-07-12-0.u45746	Minutes of the National Assembly of the Republic of Croatia, Term 9, Session 4	2017-07-12	Unicameralism	9. mandat	-	Zasedanje 4	2017-07-14	-	Reference	English	Regular	MP	notMinister	MOST	Most nezavisnih lista	Opposition	Centre-right to right	GrmojaNikola	Grmoja, Nikola	M	1981	
ParlaMint-HR-en_2017-07-12-0	ParlaMint-HR_2017-07-12-0.u45747	Minutes of the National Assembly of the Republic of Croatia, Term 9, Session 4	2017-07-12	Unicameralism	9. mandat	-	Zasedanje 4	2017-07-14	-	Reference	English	Chairperson	MP	notMinister	HDZ	Hrvatska demokratska zajednica	Coalition	Centre-right	ReinerŽeljko	Reiner, Željko	M	1953	
ParlaMint-HR-en_2017-07-12-0	ParlaMint-HR_2017-07-12-0.u45748	Minutes of the National Assembly of the Republic of Croatia, Term 9, Session 4	2017-07-12	Unicameralism	9. mandat	-	Zasedanje 4	2017-07-14	-	Reference	English	Regular	MP	notMinister	Živi zid	Živi zid	Coalition	-	PernarIvan	Pernar, Ivan	M	1985	
ParlaMint-HR-en_2017-07-12-0	ParlaMint-HR_2017-07-12-0.u45749	Minutes of the National Assembly of the Republic of Croatia, Term 9, Session 4	2017-07-12	Unicameralism	9. mandat	-	Zasedanje 4	2017-07-14	-	Reference	English	Chairperson	MP	notMinister	HDZ	Hrvatska demokratska zajednica	Coalition	Centre-right	ReinerŽeljko	Reiner, Željko	M	1953	
ParlaMint-HR-en_2017-07-12-0	ParlaMint-HR_2017-07-12-0.u45750	Minutes of the National Assembly of the Republic of Croatia, Term 9, Session 4	2017-07-12	Unicameralism	9. mandat	-	Zasedanje 4	2017-07-14	-	Reference	English	Regular	MP	notMinister	Živi zid	Živi zid	Coalition	-	PernarIvan	Pernar, Ivan	M	1985	
ParlaMint-HR-en_2017-07-12-0	ParlaMint-HR_2017-07-12-0.u45751	Minutes of the National Assembly of the Republic of Croatia, Term 9, Session 4	2017-07-12	Unicameralism	9. mandat	-	Zasedanje 4	2017-07-14	-	Reference	English	Chairperson	MP	notMinister	HDZ	Hrvatska demokratska zajednica	Coalition	Centre-right	ReinerŽeljko	Reiner, Željko	M	1953	
ParlaMint-HR-en_2017-07-12-0	ParlaMint-HR_2017-07-12-0.u45752	Minutes of the National Assembly of the Republic of Croatia, Term 9, Session 4	2017-07-12	Unicameralism	9. mandat	-	Zasedanje 4	2017-07-14	-	Reference	English	Regular	MP	notMinister	Živi zid	Živi zid	Coalition	-	PernarIvan	Pernar, Ivan	M	1985	
ParlaMint-HR-en_2017-07-12-0	ParlaMint-HR_2017-07-12-0.u45753	Minutes of the National Assembly of the Republic of Croatia, Term 9, Session 4	2017-07-12	Unicameralism	9. mandat	-	Zasedanje 4	2017-07-14	-	Reference	English	Chairperson	MP	notMinister	HDZ	Hrvatska demokratska zajednica	Coalition	Centre-right	ReinerŽeljko	Reiner, Željko	M	1953	
ParlaMint-HR-en_2017-07-12-0	ParlaMint-HR_2017-07-12-0.u45754	Minutes of the National Assembly of the Republic of Croatia, Term 9, Session 4	2017-07-12	Unicameralism	9. mandat	-	Zasedanje 4	2017-07-14	-	Reference	English	Regular	MP	notMinister	Živi zid	Živi zid	Coalition	-	PernarIvan	Pernar, Ivan	M	1985	
ParlaMint-HR-en_2017-07-12-0	ParlaMint-HR_2017-07-12-0.u45755	Minutes of the National Assembly of the Republic of Croatia, Term 9, Session 4	2017-07-12	Unicameralism	9. mandat	-	Zasedanje 4	2017-07-14	-	Reference	English	Chairperson	MP	notMinister	HDZ	Hrvatska demokratska zajednica	Coalition	Centre-right	ReinerŽeljko	Reiner, Željko	M	1953	
ParlaMint-HR-en_2017-07-12-0	ParlaMint-HR_2017-07-12-0.u45756	Minutes of the National Assembly of the Republic of Croatia, Term 9, Session 4	2017-07-12	Unicameralism	9. mandat	-	Zasedanje 4	2017-07-14	-	Reference	English	Regular	MP	notMinister	MOST	Most nezavisnih lista	Opposition	Centre-right to right	GrmojaNikola	Grmoja, Nikola	M	1981	
ParlaMint-HR-en_2017-07-12-0	ParlaMint-HR_2017-07-12-0.u45757	Minutes of the National Assembly of the Republic of Croatia, Term 9, Session 4	2017-07-12	Unicameralism	9. mandat	-	Zasedanje 4	2017-07-14	-	Reference	English	Chairperson	MP	notMinister	HDZ	Hrvatska demokratska zajednica	Coalition	Centre-right	ReinerŽeljko	Reiner, Željko	M	1953	
ParlaMint-HR-en_2017-07-12-0	ParlaMint-HR_2017-07-12-0.u45758	Minutes of the National Assembly of the Republic of Croatia, Term 9, Session 4	2017-07-12	Unicameralism	9. mandat	-	Zasedanje 4	2017-07-14	-	Reference	English	Regular	MP	notMinister	Živi zid	Živi zid	Coalition	-	PernarIvan	Pernar, Ivan	M	1985	
ParlaMint-HR-en_2017-07-12-0	ParlaMint-HR_2017-07-12-0.u45759	Minutes of the National Assembly of the Republic of Croatia, Term 9, Session 4	2017-07-12	Unicameralism	9. mandat	-	Zasedanje 4	2017-07-14	-	Reference	English	Chairperson	MP	notMinister	HDZ	Hrvatska demokratska zajednica	Coalition	Centre-right	ReinerŽeljko	Reiner, Željko	M	1953	
ParlaMint-HR-en_2017-07-12-0	ParlaMint-HR_2017-07-12-0.u45760	Minutes of the National Assembly of the Republic of Croatia, Term 9, Session 4	2017-07-12	Unicameralism	9. mandat	-	Zasedanje 4	2017-07-14	-	Reference	English	Regular	MP	notMinister	MOST	Most nezavisnih lista	Opposition	Centre-right to right	BuljMiro	Bulj, Miro	M	1972	
ParlaMint-HR-en_2017-07-12-0	ParlaMint-HR_2017-07-12-0.u45761	Minutes of the National Assembly of the Republic of Croatia, Term 9, Session 4	2017-07-12	Unicameralism	9. mandat	-	Zasedanje 4	2017-07-14	-	Reference	English	Chairperson	MP	notMinister	HDZ	Hrvatska demokratska zajednica	Coalition	Centre-right	ReinerŽeljko	Reiner, Željko	M	1953	
ParlaMint-HR-en_2017-07-12-0	ParlaMint-HR_2017-07-12-0.u45762	Minutes of the National Assembly of the Republic of Croatia, Term 9, Session 4	2017-07-12	Unicameralism	9. mandat	-	Zasedanje 4	2017-07-14	-	Reference	English	Regular	MP	notMinister	MOST	Most nezavisnih lista	Opposition	Centre-right to right	GrmojaNikola	Grmoja, Nikola	M	1981	
ParlaMint-HR-en_2017-07-12-0	ParlaMint-HR_2017-07-12-0.u45763	Minutes of the National Assembly of the Republic of Croatia, Term 9, Session 4	2017-07-12	Unicameralism	9. mandat	-	Zasedanje 4	2017-07-14	-	Reference	English	Chairperson	MP	notMinister	HDZ	Hrvatska demokratska zajednica	Coalition	Centre-right	ReinerŽeljko	Reiner, Željko	M	1953	
ParlaMint-HR-en_2017-07-12-0	ParlaMint-HR_2017-07-12-0.u45764	Minutes of the National Assembly of the Republic of Croatia, Term 9, Session 4	2017-07-12	Unicameralism	9. mandat	-	Zasedanje 4	2017-07-14	-	Reference	English	Regular	MP	notMinister	MOST	Most nezavisnih lista	Opposition	Centre-right to right	BuljMiro	Bulj, Miro	M	1972	
ParlaMint-HR-en_2017-07-12-0	ParlaMint-HR_2017-07-12-0.u45765	Minutes of the National Assembly of the Republic of Croatia, Term 9, Session 4	2017-07-12	Unicameralism	9. mandat	-	Zasedanje 4	2017-07-14	-	Reference	English	Chairperson	MP	notMinister	HDZ	Hrvatska demokratska zajednica	Coalition	Centre-right	ReinerŽeljko	Reiner, Željko	M	1953	
ParlaMint-HR-en_2017-07-12-0	ParlaMint-HR_2017-07-12-0.u45766	Minutes of the National Assembly of the Republic of Croatia, Term 9, Session 4	2017-07-12	Unicameralism	9. mandat	-	Zasedanje 4	2017-07-14	-	Reference	English	Regular	MP	notMinister	SDP	Socijaldemokratska partija Hrvatske	Coalition	Centre-left	MarasGordan	Maras, Gordan	M	1974	
ParlaMint-HR-en_2017-07-12-0	ParlaMint-HR_2017-07-12-0.u45767	Minutes of the National Assembly of the Republic of Croatia, Term 9, Session 4	2017-07-12	Unicameralism	9. mandat	-	Zasedanje 4	2017-07-14	-	Reference	English	Chairperson	MP	notMinister	HDZ	Hrvatska demokratska zajednica	Coalition	Centre-right	ReinerŽeljko	Reiner, Željko	M	1953	
ParlaMint-HR-en_2017-07-12-0	ParlaMint-HR_2017-07-12-0.u45768	Minutes of the National Assembly of the Republic of Croatia, Term 9, Session 4	2017-07-12	Unicameralism	9. mandat	-	Zasedanje 4	2017-07-14	-	Reference	English	Regular	MP	notMinister	HDZ	Hrvatska demokratska zajednica	Coalition	Centre-right	BačićBranko	Bačić, Branko	M	1959	
ParlaMint-HR-en_2017-07-12-0	ParlaMint-HR_2017-07-12-0.u45769	Minutes of the National Assembly of the Republic of Croatia, Term 9, Session 4	2017-07-12	Unicameralism	9. mandat	-	Zasedanje 4	2017-07-14	-	Reference	English	Chairperson	MP	notMinister	HDZ	Hrvatska demokratska zajednica	Coalition	Centre-right	ReinerŽeljko	Reiner, Željko	M	1953	
ParlaMint-HR-en_2017-07-12-0	ParlaMint-HR_2017-07-12-0.u45770	Minutes of the National Assembly of the Republic of Croatia, Term 9, Session 4	2017-07-12	Unicameralism	9. mandat	-	Zasedanje 4	2017-07-14	-	Reference	English	Regular	MP	notMinister	SDP	Socijaldemokratska partija Hrvatske	Coalition	Centre-left	MarasGordan	Maras, Gordan	M	1974	
ParlaMint-HR-en_2017-07-12-0	ParlaMint-HR_2017-07-12-0.u45771	Minutes of the National Assembly of the Republic of Croatia, Term 9, Session 4	2017-07-12	Unicameralism	9. mandat	-	Zasedanje 4	2017-07-14	-	Reference	English	Chairperson	MP	notMinister	HDZ	Hrvatska demokratska zajednica	Coalition	Centre-right	ReinerŽeljko	Reiner, Željko	M	1953	
ParlaMint-HR-en_2017-07-12-0	ParlaMint-HR_2017-07-12-0.u45772	Minutes of the National Assembly of the Republic of Croatia, Term 9, Session 4	2017-07-12	Unicameralism	9. mandat	-	Zasedanje 4	2017-07-14	-	Reference	English	Chairperson	MP	notMinister	HDZ	Hrvatska demokratska zajednica	Coalition	Centre-right	JandrokovićGordan	Jandroković, Gordan	M	1967	
ParlaMint-HR-en_2017-07-12-0	ParlaMint-HR_2017-07-12-0.u45773	Minutes of the National Assembly of the Republic of Croatia, Term 9, Session 4	2017-07-12	Unicameralism	9. mandat	-	Zasedanje 4	2017-07-14	-	Reference	English	Regular	MP	notMinister	SDP	Socijaldemokratska partija Hrvatske	Coalition	Centre-left	BaukArsen	Bauk, Arsen	M	1973	
ParlaMint-HR-en_2017-07-12-0	ParlaMint-HR_2017-07-12-0.u45774	Minutes of the National Assembly of the Republic of Croatia, Term 9, Session 4	2017-07-12	Unicameralism	9. mandat	-	Zasedanje 4	2017-07-14	-	Reference	English	Chairperson	MP	notMinister	HDZ	Hrvatska demokratska zajednica	Coalition	Centre-right	JandrokovićGordan	Jandroković, Gordan	M	1967	
ParlaMint-HR-en_2017-07-12-0	ParlaMint-HR_2017-07-12-0.u45775	Minutes of the National Assembly of the Republic of Croatia, Term 9, Session 4	2017-07-12	Unicameralism	9. mandat	-	Zasedanje 4	2017-07-14	-	Reference	English	Regular	MP	notMinister	Živi zid	Živi zid	Coalition	-	SinčićIvanVilibor	Sinčić, Ivan Vilibor	M	1990	
ParlaMint-HR-en_2017-07-12-0	ParlaMint-HR_2017-07-12-0.u45776	Minutes of the National Assembly of the Republic of Croatia, Term 9, Session 4	2017-07-12	Unicameralism	9. mandat	-	Zasedanje 4	2017-07-14	-	Reference	English	Chairperson	MP	notMinister	HDZ	Hrvatska demokratska zajednica	Coalition	Centre-right	JandrokovićGordan	Jandroković, Gordan	M	1967	
ParlaMint-HR-en_2017-07-12-0	ParlaMint-HR_2017-07-12-0.u45777	Minutes of the National Assembly of the Republic of Croatia, Term 9, Session 4	2017-07-12	Unicameralism	9. mandat	-	Zasedanje 4	2017-07-14	-	Reference	English	Regular	MP	notMinister	SNAGA	SNAGA - Stranka narodnog i građanskog aktivizma	Coalition	-	AleksićGoran	Aleksić, Goran	M	1965	
ParlaMint-HR-en_2017-07-12-0	ParlaMint-HR_2017-07-12-0.u45778	Minutes of the National Assembly of the Republic of Croatia, Term 9, Session 4	2017-07-12	Unicameralism	9. mandat	-	Zasedanje 4	2017-07-14	-	Reference	English	Chairperson	MP	notMinister	HDZ	Hrvatska demokratska zajednica	Coalition	Centre-right	JandrokovićGordan	Jandroković, Gordan	M	1967	
ParlaMint-HR-en_2017-07-12-0	ParlaMint-HR_2017-07-12-0.u45779	Minutes of the National Assembly of the Republic of Croatia, Term 9, Session 4	2017-07-12	Unicameralism	9. mandat	-	Zasedanje 4	2017-07-14	-	Reference	English	Regular	MP	notMinister	Živi zid	Živi zid	Coalition	-	SinčićIvanVilibor	Sinčić, Ivan Vilibor	M	1990	
ParlaMint-HR-en_2017-07-12-0	ParlaMint-HR_2017-07-12-0.u45780	Minutes of the National Assembly of the Republic of Croatia, Term 9, Session 4	2017-07-12	Unicameralism	9. mandat	-	Zasedanje 4	2017-07-14	-	Reference	English	Chairperson	MP	notMinister	HDZ	Hrvatska demokratska zajednica	Coalition	Centre-right	JandrokovićGordan	Jandroković, Gordan	M	1967	
ParlaMint-HR-en_2017-07-12-0	ParlaMint-HR_2017-07-12-0.u45781	Minutes of the National Assembly of the Republic of Croatia, Term 9, Session 4	2017-07-12	Unicameralism	9. mandat	-	Zasedanje 4	2017-07-14	-	Reference	English	Regular	MP	notMinister	MOST	Most nezavisnih lista	Opposition	Centre-right to right	BuljMiro	Bulj, Miro	M	1972	
ParlaMint-HR-en_2017-07-12-0	ParlaMint-HR_2017-07-12-0.u45782	Minutes of the National Assembly of the Republic of Croatia, Term 9, Session 4	2017-07-12	Unicameralism	9. mandat	-	Zasedanje 4	2017-07-14	-	Reference	English	Chairperson	MP	notMinister	HDZ	Hrvatska demokratska zajednica	Coalition	Centre-right	JandrokovićGordan	Jandroković, Gordan	M	1967	
ParlaMint-HR-en_2017-07-12-0	ParlaMint-HR_2017-07-12-0.u45783	Minutes of the National Assembly of the Republic of Croatia, Term 9, Session 4	2017-07-12	Unicameralism	9. mandat	-	Zasedanje 4	2017-07-14	-	Reference	English	Regular	MP	notMinister	Živi zid	Živi zid	Coalition	-	SinčićIvanVilibor	Sinčić, Ivan Vilibor	M	1990	
ParlaMint-HR-en_2017-07-12-0	ParlaMint-HR_2017-07-12-0.u45784	Minutes of the National Assembly of the Republic of Croatia, Term 9, Session 4	2017-07-12	Unicameralism	9. mandat	-	Zasedanje 4	2017-07-14	-	Reference	English	Chairperson	MP	notMinister	HDZ	Hrvatska demokratska zajednica	Coalition	Centre-right	JandrokovićGordan	Jandroković, Gordan	M	1967	
ParlaMint-HR-en_2017-07-12-0	ParlaMint-HR_2017-07-12-0.u45785	Minutes of the National Assembly of the Republic of Croatia, Term 9, Session 4	2017-07-12	Unicameralism	9. mandat	-	Zasedanje 4	2017-07-14	-	Reference	English	Regular	MP	notMinister	Živi zid	Živi zid	Coalition	-	BunjacBranimir	Bunjac, Branimir	M	1972	
ParlaMint-HR-en_2017-07-12-0	ParlaMint-HR_2017-07-12-0.u45786	Minutes of the National Assembly of the Republic of Croatia, Term 9, Session 4	2017-07-12	Unicameralism	9. mandat	-	Zasedanje 4	2017-07-14	-	Reference	English	Chairperson	MP	notMinister	HDZ	Hrvatska demokratska zajednica	Coalition	Centre-right	JandrokovićGordan	Jandroković, Gordan	M	1967	
ParlaMint-HR-en_2017-07-12-0	ParlaMint-HR_2017-07-12-0.u45787	Minutes of the National Assembly of the Republic of Croatia, Term 9, Session 4	2017-07-12	Unicameralism	9. mandat	-	Zasedanje 4	2017-07-14	-	Reference	English	Regular	MP	notMinister	Živi zid	Živi zid	Coalition	-	SinčićIvanVilibor	Sinčić, Ivan Vilibor	M	1990	
ParlaMint-HR-en_2017-07-12-0	ParlaMint-HR_2017-07-12-0.u45788	Minutes of the National Assembly of the Republic of Croatia, Term 9, Session 4	2017-07-12	Unicameralism	9. mandat	-	Zasedanje 4	2017-07-14	-	Reference	English	Chairperson	MP	notMinister	HDZ	Hrvatska demokratska zajednica	Coalition	Centre-right	JandrokovićGordan	Jandroković, Gordan	M	1967	
ParlaMint-HR-en_2017-07-12-0	ParlaMint-HR_2017-07-12-0.u45789	Minutes of the National Assembly of the Republic of Croatia, Term 9, Session 4	2017-07-12	Unicameralism	9. mandat	-	Zasedanje 4	2017-07-14	-	Reference	English	Regular	MP	notMinister	MOST	Most nezavisnih lista	Opposition	Centre-right to right	GrmojaNikola	Grmoja, Nikola	M	1981	
ParlaMint-HR-en_2017-07-12-0	ParlaMint-HR_2017-07-12-0.u45790	Minutes of the National Assembly of the Republic of Croatia, Term 9, Session 4	2017-07-12	Unicameralism	9. mandat	-	Zasedanje 4	2017-07-14	-	Reference	English	Chairperson	MP	notMinister	HDZ	Hrvatska demokratska zajednica	Coalition	Centre-right	JandrokovićGordan	Jandroković, Gordan	M	1967	
ParlaMint-HR-en_2017-07-12-0	ParlaMint-HR_2017-07-12-0.u45791	Minutes of the National Assembly of the Republic of Croatia, Term 9, Session 4	2017-07-12	Unicameralism	9. mandat	-	Zasedanje 4	2017-07-14	-	Reference	English	Regular	MP	notMinister	HSS	Hrvatska seljačka stranka	Coalition	Centre to centre-right	BeljakKrešo	Beljak, Krešo	M	1971	
ParlaMint-HR-en_2017-07-12-0	ParlaMint-HR_2017-07-12-0.u45792	Minutes of the National Assembly of the Republic of Croatia, Term 9, Session 4	2017-07-12	Unicameralism	9. mandat	-	Zasedanje 4	2017-07-14	-	Reference	English	Chairperson	MP	notMinister	HDZ	Hrvatska demokratska zajednica	Coalition	Centre-right	JandrokovićGordan	Jandroković, Gordan	M	1967	
ParlaMint-HR-en_2017-07-12-0	ParlaMint-HR_2017-07-12-0.u45793	Minutes of the National Assembly of the Republic of Croatia, Term 9, Session 4	2017-07-12	Unicameralism	9. mandat	-	Zasedanje 4	2017-07-14	-	Reference	English	Regular	MP	notMinister	HDZ	Hrvatska demokratska zajednica	Coalition	Centre-right	BačićBranko	Bačić, Branko	M	1959	
ParlaMint-HR-en_2017-07-12-0	ParlaMint-HR_2017-07-12-0.u45794	Minutes of the National Assembly of the Republic of Croatia, Term 9, Session 4	2017-07-12	Unicameralism	9. mandat	-	Zasedanje 4	2017-07-14	-	Reference	English	Chairperson	MP	notMinister	HDZ	Hrvatska demokratska zajednica	Coalition	Centre-right	JandrokovićGordan	Jandroković, Gordan	M	1967	
ParlaMint-HR-en_2017-07-12-0	ParlaMint-HR_2017-07-12-0.u45795	Minutes of the National Assembly of the Republic of Croatia, Term 9, Session 4	2017-07-12	Unicameralism	9. mandat	-	Zasedanje 4	2017-07-14	-	Reference	English	Regular	MP	notMinister	HSS	Hrvatska seljačka stranka	Coalition	Centre to centre-right	BeljakKrešo	Beljak, Krešo	M	1971	
ParlaMint-HR-en_2017-07-12-0	ParlaMint-HR_2017-07-12-0.u45796	Minutes of the National Assembly of the Republic of Croatia, Term 9, Session 4	2017-07-12	Unicameralism	9. mandat	-	Zasedanje 4	2017-07-14	-	Reference	English	Chairperson	MP	notMinister	HDZ	Hrvatska demokratska zajednica	Coalition	Centre-right	JandrokovićGordan	Jandroković, Gordan	M	1967	
ParlaMint-HR-en_2017-07-12-0	ParlaMint-HR_2017-07-12-0.u45797	Minutes of the National Assembly of the Republic of Croatia, Term 9, Session 4	2017-07-12	Unicameralism	9. mandat	-	Zasedanje 4	2017-07-14	-	Reference	English	Regular	MP	notMinister	MOST	Most nezavisnih lista	Opposition	Centre-right to right	GrmojaNikola	Grmoja, Nikola	M	1981	
ParlaMint-HR-en_2017-07-12-0	ParlaMint-HR_2017-07-12-0.u45798	Minutes of the National Assembly of the Republic of Croatia, Term 9, Session 4	2017-07-12	Unicameralism	9. mandat	-	Zasedanje 4	2017-07-14	-	Reference	English	Chairperson	MP	notMinister	HDZ	Hrvatska demokratska zajednica	Coalition	Centre-right	JandrokovićGordan	Jandroković, Gordan	M	1967	
ParlaMint-HR-en_2017-07-12-0	ParlaMint-HR_2017-07-12-0.u45799	Minutes of the National Assembly of the Republic of Croatia, Term 9, Session 4	2017-07-12	Unicameralism	9. mandat	-	Zasedanje 4	2017-07-14	-	Reference	English	Regular	MP	notMinister	MOST	Most nezavisnih lista	Opposition	Centre-right to right	BuljMiro	Bulj, Miro	M	1972	
ParlaMint-HR-en_2017-07-12-0	ParlaMint-HR_2017-07-12-0.u45800	Minutes of the National Assembly of the Republic of Croatia, Term 9, Session 4	2017-07-12	Unicameralism	9. mandat	-	Zasedanje 4	2017-07-14	-	Reference	English	Chairperson	MP	notMinister	HDZ	Hrvatska demokratska zajednica	Coalition	Centre-right	JandrokovićGordan	Jandroković, Gordan	M	1967	
ParlaMint-HR-en_2017-07-12-0	ParlaMint-HR_2017-07-12-0.u45801	Minutes of the National Assembly of the Republic of Croatia, Term 9, Session 4	2017-07-12	Unicameralism	9. mandat	-	Zasedanje 4	2017-07-14	-	Reference	English	Regular	MP	notMinister	MOST	Most nezavisnih lista	Opposition	Centre-right to right	GrmojaNikola	Grmoja, Nikola	M	1981	
ParlaMint-HR-en_2017-07-12-0	ParlaMint-HR_2017-07-12-0.u45802	Minutes of the National Assembly of the Republic of Croatia, Term 9, Session 4	2017-07-12	Unicameralism	9. mandat	-	Zasedanje 4	2017-07-14	-	Reference	English	Chairperson	MP	notMinister	HDZ	Hrvatska demokratska zajednica	Coalition	Centre-right	JandrokovićGordan	Jandroković, Gordan	M	1967	
ParlaMint-HR-en_2017-07-12-0	ParlaMint-HR_2017-07-12-0.u45803	Minutes of the National Assembly of the Republic of Croatia, Term 9, Session 4	2017-07-12	Unicameralism	9. mandat	-	Zasedanje 4	2017-07-14	-	Reference	English	Regular	MP	notMinister	GLAS	Građansko-liberalni savez	Opposition	Centre-left	MrakTaritašAnka	Mrak-Taritaš, Anka	F	1959	
ParlaMint-HR-en_2017-07-12-0	ParlaMint-HR_2017-07-12-0.u45804	Minutes of the National Assembly of the Republic of Croatia, Term 9, Session 4	2017-07-12	Unicameralism	9. mandat	-	Zasedanje 4	2017-07-14	-	Reference	English	Chairperson	MP	notMinister	HDZ	Hrvatska demokratska zajednica	Coalition	Centre-right	JandrokovićGordan	Jandroković, Gordan	M	1967	
ParlaMint-HR-en_2017-07-12-0	ParlaMint-HR_2017-07-12-0.u45805	Minutes of the National Assembly of the Republic of Croatia, Term 9, Session 4	2017-07-12	Unicameralism	9. mandat	-	Zasedanje 4	2017-07-14	-	Reference	English	Regular	MP	notMinister	MOST	Most nezavisnih lista	Opposition	Centre-right to right	GrmojaNikola	Grmoja, Nikola	M	1981	
ParlaMint-HR-en_2017-07-12-0	ParlaMint-HR_2017-07-12-0.u45806	Minutes of the National Assembly of the Republic of Croatia, Term 9, Session 4	2017-07-12	Unicameralism	9. mandat	-	Zasedanje 4	2017-07-14	-	Reference	English	Chairperson	MP	notMinister	HDZ	Hrvatska demokratska zajednica	Coalition	Centre-right	JandrokovićGordan	Jandroković, Gordan	M	1967	
ParlaMint-HR-en_2017-07-12-0	ParlaMint-HR_2017-07-12-0.u45807	Minutes of the National Assembly of the Republic of Croatia, Term 9, Session 4	2017-07-12	Unicameralism	9. mandat	-	Zasedanje 4	2017-07-14	-	Reference	English	Regular	MP	notMinister	PH	Promijenimo Hrvatsku!	Coalition	-	MišićIvica	Mišić, Ivica	M	1955	
ParlaMint-HR-en_2017-07-12-0	ParlaMint-HR_2017-07-12-0.u45808	Minutes of the National Assembly of the Republic of Croatia, Term 9, Session 4	2017-07-12	Unicameralism	9. mandat	-	Zasedanje 4	2017-07-14	-	Reference	English	Chairperson	MP	notMinister	HDZ	Hrvatska demokratska zajednica	Coalition	Centre-right	JandrokovićGordan	Jandroković, Gordan	M	1967	
ParlaMint-HR-en_2017-07-12-0	ParlaMint-HR_2017-07-12-0.u45809	Minutes of the National Assembly of the Republic of Croatia, Term 9, Session 4	2017-07-12	Unicameralism	9. mandat	-	Zasedanje 4	2017-07-14	-	Reference	English	Regular	MP	notMinister	MOST	Most nezavisnih lista	Opposition	Centre-right to right	GrmojaNikola	Grmoja, Nikola	M	1981	
ParlaMint-HR-en_2017-07-12-0	ParlaMint-HR_2017-07-12-0.u45810	Minutes of the National Assembly of the Republic of Croatia, Term 9, Session 4	2017-07-12	Unicameralism	9. mandat	-	Zasedanje 4	2017-07-14	-	Reference	English	Chairperson	MP	notMinister	HDZ	Hrvatska demokratska zajednica	Coalition	Centre-right	JandrokovićGordan	Jandroković, Gordan	M	1967	
ParlaMint-HR-en_2017-07-12-0	ParlaMint-HR_2017-07-12-0.u45811	Minutes of the National Assembly of the Republic of Croatia, Term 9, Session 4	2017-07-12	Unicameralism	9. mandat	-	Zasedanje 4	2017-07-14	-	Reference	English	Regular	MP	notMinister	PH	Promijenimo Hrvatsku!	Coalition	-	MišićIvica	Mišić, Ivica	M	1955	
ParlaMint-HR-en_2017-07-12-0	ParlaMint-HR_2017-07-12-0.u45812	Minutes of the National Assembly of the Republic of Croatia, Term 9, Session 4	2017-07-12	Unicameralism	9. mandat	-	Zasedanje 4	2017-07-14	-	Reference	English	Chairperson	MP	notMinister	HDZ	Hrvatska demokratska zajednica	Coalition	Centre-right	JandrokovićGordan	Jandroković, Gordan	M	1967	
ParlaMint-HR-en_2017-07-12-0	ParlaMint-HR_2017-07-12-0.u45813	Minutes of the National Assembly of the Republic of Croatia, Term 9, Session 4	2017-07-12	Unicameralism	9. mandat	-	Zasedanje 4	2017-07-14	-	Reference	English	Regular	MP	notMinister	PH	Promijenimo Hrvatsku!	Coalition	-	MišićIvica	Mišić, Ivica	M	1955	
ParlaMint-HR-en_2017-07-12-0	ParlaMint-HR_2017-07-12-0.u45814	Minutes of the National Assembly of the Republic of Croatia, Term 9, Session 4	2017-07-12	Unicameralism	9. mandat	-	Zasedanje 4	2017-07-14	-	Reference	English	Chairperson	MP	notMinister	HDZ	Hrvatska demokratska zajednica	Coalition	Centre-right	JandrokovićGordan	Jandroković, Gordan	M	1967	
ParlaMint-HR-en_2017-07-12-0	ParlaMint-HR_2017-07-12-0.u45815	Minutes of the National Assembly of the Republic of Croatia, Term 9, Session 4	2017-07-12	Unicameralism	9. mandat	-	Zasedanje 4	2017-07-14	-	Reference	English	Regular	MP	notMinister	MOST	Most nezavisnih lista	Opposition	Centre-right to right	GrmojaNikola	Grmoja, Nikola	M	1981	
ParlaMint-HR-en_2017-07-12-0	ParlaMint-HR_2017-07-12-0.u45816	Minutes of the National Assembly of the Republic of Croatia, Term 9, Session 4	2017-07-12	Unicameralism	9. mandat	-	Zasedanje 4	2017-07-14	-	Reference	English	Chairperson	MP	notMinister	HDZ	Hrvatska demokratska zajednica	Coalition	Centre-right	JandrokovićGordan	Jandroković, Gordan	M	1967	
ParlaMint-HR-en_2017-07-12-0	ParlaMint-HR_2017-07-12-0.u45817	Minutes of the National Assembly of the Republic of Croatia, Term 9, Session 4	2017-07-12	Unicameralism	9. mandat	-	Zasedanje 4	2017-07-14	-	Reference	English	Regular	MP	notMinister	SNAGA	SNAGA - Stranka narodnog i građanskog aktivizma	Coalition	-	AleksićGoran	Aleksić, Goran	M	1965	
ParlaMint-HR-en_2017-07-12-0	ParlaMint-HR_2017-07-12-0.u45818	Minutes of the National Assembly of the Republic of Croatia, Term 9, Session 4	2017-07-12	Unicameralism	9. mandat	-	Zasedanje 4	2017-07-14	-	Reference	English	Chairperson	MP	notMinister	HDZ	Hrvatska demokratska zajednica	Coalition	Centre-right	JandrokovićGordan	Jandroković, Gordan	M	1967	
ParlaMint-HR-en_2017-07-12-0	ParlaMint-HR_2017-07-12-0.u45819	Minutes of the National Assembly of the Republic of Croatia, Term 9, Session 4	2017-07-12	Unicameralism	9. mandat	-	Zasedanje 4	2017-07-14	-	Reference	English	Regular	MP	notMinister	MOST	Most nezavisnih lista	Opposition	Centre-right to right	GrmojaNikola	Grmoja, Nikola	M	1981	
ParlaMint-HR-en_2017-07-12-0	ParlaMint-HR_2017-07-12-0.u45820	Minutes of the National Assembly of the Republic of Croatia, Term 9, Session 4	2017-07-12	Unicameralism	9. mandat	-	Zasedanje 4	2017-07-14	-	Reference	English	Chairperson	MP	notMinister	HDZ	Hrvatska demokratska zajednica	Coalition	Centre-right	JandrokovićGordan	Jandroković, Gordan	M	1967	
ParlaMint-HR-en_2017-07-12-0	ParlaMint-HR_2017-07-12-0.u45821	Minutes of the National Assembly of the Republic of Croatia, Term 9, Session 4	2017-07-12	Unicameralism	9. mandat	-	Zasedanje 4	2017-07-14	-	Reference	English	Regular	MP	notMinister	nezavisni	nezavisni	-	-	HasanbegovićZlatko	Hasanbegović, Zlatko	M	1973	
ParlaMint-HR-en_2017-07-12-0	ParlaMint-HR_2017-07-12-0.u45822	Minutes of the National Assembly of the Republic of Croatia, Term 9, Session 4	2017-07-12	Unicameralism	9. mandat	-	Zasedanje 4	2017-07-14	-	Reference	English	Chairperson	MP	notMinister	HDZ	Hrvatska demokratska zajednica	Coalition	Centre-right	JandrokovićGordan	Jandroković, Gordan	M	1967	
ParlaMint-HR-en_2017-07-12-0	ParlaMint-HR_2017-07-12-0.u45823	Minutes of the National Assembly of the Republic of Croatia, Term 9, Session 4	2017-07-12	Unicameralism	9. mandat	-	Zasedanje 4	2017-07-14	-	Reference	English	Regular	MP	notMinister	SDP	Socijaldemokratska partija Hrvatske	Coalition	Centre-left	GrbinPeđa	Grbin, Peđa	M	1979	
ParlaMint-HR-en_2017-07-12-0	ParlaMint-HR_2017-07-12-0.u45824	Minutes of the National Assembly of the Republic of Croatia, Term 9, Session 4	2017-07-12	Unicameralism	9. mandat	-	Zasedanje 4	2017-07-14	-	Reference	English	Chairperson	MP	notMinister	HDZ	Hrvatska demokratska zajednica	Coalition	Centre-right	JandrokovićGordan	Jandroković, Gordan	M	1967	
ParlaMint-HR-en_2017-07-12-0	ParlaMint-HR_2017-07-12-0.u45825	Minutes of the National Assembly of the Republic of Croatia, Term 9, Session 4	2017-07-12	Unicameralism	9. mandat	-	Zasedanje 4	2017-07-14	-	Reference	English	Regular	MP	notMinister	Živi zid	Živi zid	Coalition	-	SinčićIvanVilibor	Sinčić, Ivan Vilibor	M	1990	
ParlaMint-HR-en_2017-07-12-0	ParlaMint-HR_2017-07-12-0.u45826	Minutes of the National Assembly of the Republic of Croatia, Term 9, Session 4	2017-07-12	Unicameralism	9. mandat	-	Zasedanje 4	2017-07-14	-	Reference	English	Chairperson	MP	notMinister	HDZ	Hrvatska demokratska zajednica	Coalition	Centre-right	JandrokovićGordan	Jandroković, Gordan	M	1967	
ParlaMint-HR-en_2017-07-12-0	ParlaMint-HR_2017-07-12-0.u45827	Minutes of the National Assembly of the Republic of Croatia, Term 9, Session 4	2017-07-12	Unicameralism	9. mandat	-	Zasedanje 4	2017-07-14	-	Reference	English	Regular	MP	notMinister	HDZ	Hrvatska demokratska zajednica	Coalition	Centre-right	CulejStevo	Culej, Stevo	M	1964	
ParlaMint-HR-en_2017-07-12-0	ParlaMint-HR_2017-07-12-0.u45828	Minutes of the National Assembly of the Republic of Croatia, Term 9, Session 4	2017-07-12	Unicameralism	9. mandat	-	Zasedanje 4	2017-07-14	-	Reference	English	Chairperson	MP	notMinister	HDZ	Hrvatska demokratska zajednica	Coalition	Centre-right	JandrokovićGordan	Jandroković, Gordan	M	1967	
ParlaMint-HR-en_2017-07-12-0	ParlaMint-HR_2017-07-12-0.u45829	Minutes of the National Assembly of the Republic of Croatia, Term 9, Session 4	2017-07-12	Unicameralism	9. mandat	-	Zasedanje 4	2017-07-14	-	Reference	English	Regular	MP	notMinister	SDP	Socijaldemokratska partija Hrvatske	Coalition	Centre-left	JovanovićŽeljko	Jovanović, Željko	M	1965	
ParlaMint-HR-en_2017-07-12-0	ParlaMint-HR_2017-07-12-0.u45830	Minutes of the National Assembly of the Republic of Croatia, Term 9, Session 4	2017-07-12	Unicameralism	9. mandat	-	Zasedanje 4	2017-07-14	-	Reference	English	Chairperson	MP	notMinister	HDZ	Hrvatska demokratska zajednica	Coalition	Centre-right	JandrokovićGordan	Jandroković, Gordan	M	1967	
ParlaMint-HR-en_2017-07-12-0	ParlaMint-HR_2017-07-12-0.u45831	Minutes of the National Assembly of the Republic of Croatia, Term 9, Session 4	2017-07-12	Unicameralism	9. mandat	-	Zasedanje 4	2017-07-14	-	Reference	English	Regular	MP	notMinister	MOST	Most nezavisnih lista	Opposition	Centre-right to right	OrepićVlaho	Orepić, Vlaho	M	1968	
ParlaMint-HR-en_2017-07-12-0	ParlaMint-HR_2017-07-12-0.u45832	Minutes of the National Assembly of the Republic of Croatia, Term 9, Session 4	2017-07-12	Unicameralism	9. mandat	-	Zasedanje 4	2017-07-14	-	Reference	English	Chairperson	MP	notMinister	HDZ	Hrvatska demokratska zajednica	Coalition	Centre-right	JandrokovićGordan	Jandroković, Gordan	M	1967	
ParlaMint-HR-en_2017-07-12-0	ParlaMint-HR_2017-07-12-0.u45833	Minutes of the National Assembly of the Republic of Croatia, Term 9, Session 4	2017-07-12	Unicameralism	9. mandat	-	Zasedanje 4	2017-07-14	-	Reference	English	Regular	MP	notMinister	MOST	Most nezavisnih lista	Opposition	Centre-right to right	BuljMiro	Bulj, Miro	M	1972	
ParlaMint-HR-en_2017-07-12-0	ParlaMint-HR_2017-07-12-0.u45834	Minutes of the National Assembly of the Republic of Croatia, Term 9, Session 4	2017-07-12	Unicameralism	9. mandat	-	Zasedanje 4	2017-07-14	-	Reference	English	Chairperson	MP	notMinister	HDZ	Hrvatska demokratska zajednica	Coalition	Centre-right	JandrokovićGordan	Jandroković, Gordan	M	1967	
ParlaMint-HR-en_2017-07-12-0	ParlaMint-HR_2017-07-12-0.u45835	Minutes of the National Assembly of the Republic of Croatia, Term 9, Session 4	2017-07-12	Unicameralism	9. mandat	-	Zasedanje 4	2017-07-14	-	Reference	English	Regular	MP	notMinister	nezavisni	nezavisni	-	-	HasanbegovićZlatko	Hasanbegović, Zlatko	M	1973	
ParlaMint-HR-en_2017-07-12-0	ParlaMint-HR_2017-07-12-0.u45836	Minutes of the National Assembly of the Republic of Croatia, Term 9, Session 4	2017-07-12	Unicameralism	9. mandat	-	Zasedanje 4	2017-07-14	-	Reference	English	Chairperson	MP	notMinister	HDZ	Hrvatska demokratska zajednica	Coalition	Centre-right	JandrokovićGordan	Jandroković, Gordan	M	1967	
ParlaMint-HR-en_2017-07-12-0	ParlaMint-HR_2017-07-12-0.u45837	Minutes of the National Assembly of the Republic of Croatia, Term 9, Session 4	2017-07-12	Unicameralism	9. mandat	-	Zasedanje 4	2017-07-14	-	Reference	English	Regular	MP	notMinister	MOST	Most nezavisnih lista	Opposition	Centre-right to right	BuljMiro	Bulj, Miro	M	1972	
ParlaMint-HR-en_2017-07-12-0	ParlaMint-HR_2017-07-12-0.u45838	Minutes of the National Assembly of the Republic of Croatia, Term 9, Session 4	2017-07-12	Unicameralism	9. mandat	-	Zasedanje 4	2017-07-14	-	Reference	English	Chairperson	MP	notMinister	HDZ	Hrvatska demokratska zajednica	Coalition	Centre-right	JandrokovićGordan	Jandroković, Gordan	M	1967	
ParlaMint-HR-en_2017-07-12-0	ParlaMint-HR_2017-07-12-0.u45839	Minutes of the National Assembly of the Republic of Croatia, Term 9, Session 4	2017-07-12	Unicameralism	9. mandat	-	Zasedanje 4	2017-07-14	-	Reference	English	Regular	MP	notMinister	MOST	Most nezavisnih lista	Opposition	Centre-right to right	BuljMiro	Bulj, Miro	M	1972	
ParlaMint-HR-en_2017-07-12-0	ParlaMint-HR_2017-07-12-0.u45840	Minutes of the National Assembly of the Republic of Croatia, Term 9, Session 4	2017-07-12	Unicameralism	9. mandat	-	Zasedanje 4	2017-07-14	-	Reference	English	Chairperson	MP	notMinister	HDZ	Hrvatska demokratska zajednica	Coalition	Centre-right	JandrokovićGordan	Jandroković, Gordan	M	1967	
ParlaMint-HR-en_2017-07-12-0	ParlaMint-HR_2017-07-12-0.u45841	Minutes of the National Assembly of the Republic of Croatia, Term 9, Session 4	2017-07-12	Unicameralism	9. mandat	-	Zasedanje 4	2017-07-14	-	Reference	English	Regular	MP	notMinister	SDP	Socijaldemokratska partija Hrvatske	Coalition	Centre-left	BaukArsen	Bauk, Arsen	M	1973	
ParlaMint-HR-en_2017-07-12-0	ParlaMint-HR_2017-07-12-0.u45842	Minutes of the National Assembly of the Republic of Croatia, Term 9, Session 4	2017-07-12	Unicameralism	9. mandat	-	Zasedanje 4	2017-07-14	-	Reference	English	Chairperson	MP	notMinister	HDZ	Hrvatska demokratska zajednica	Coalition	Centre-right	JandrokovićGordan	Jandroković, Gordan	M	1967	
ParlaMint-HR-en_2017-07-12-0	ParlaMint-HR_2017-07-12-0.u45843	Minutes of the National Assembly of the Republic of Croatia, Term 9, Session 4	2017-07-12	Unicameralism	9. mandat	-	Zasedanje 4	2017-07-14	-	Reference	English	Regular	MP	notMinister	SDSS	Samostalna demokratska srpska stranka	Opposition	Centre-left	PupovacMilorad	Pupovac, Milorad	M	1955	
ParlaMint-HR-en_2017-07-12-0	ParlaMint-HR_2017-07-12-0.u45844	Minutes of the National Assembly of the Republic of Croatia, Term 9, Session 4	2017-07-12	Unicameralism	9. mandat	-	Zasedanje 4	2017-07-14	-	Reference	English	Chairperson	MP	notMinister	HDZ	Hrvatska demokratska zajednica	Coalition	Centre-right	JandrokovićGordan	Jandroković, Gordan	M	1967	
ParlaMint-HR-en_2017-07-12-0	ParlaMint-HR_2017-07-12-0.u45845	Minutes of the National Assembly of the Republic of Croatia, Term 9, Session 4	2017-07-12	Unicameralism	9. mandat	-	Zasedanje 4	2017-07-14	-	Reference	English	Regular	MP	notMinister	PH	Promijenimo Hrvatsku!	Coalition	-	LovrinovićIvan	Lovrinović, Ivan	M	1960	
ParlaMint-HR-en_2017-07-12-0	ParlaMint-HR_2017-07-12-0.u45846	Minutes of the National Assembly of the Republic of Croatia, Term 9, Session 4	2017-07-12	Unicameralism	9. mandat	-	Zasedanje 4	2017-07-14	-	Reference	English	Chairperson	MP	notMinister	HDZ	Hrvatska demokratska zajednica	Coalition	Centre-right	JandrokovićGordan	Jandroković, Gordan	M	1967	
ParlaMint-HR-en_2017-07-12-0	ParlaMint-HR_2017-07-12-0.u45847	Minutes of the National Assembly of the Republic of Croatia, Term 9, Session 4	2017-07-12	Unicameralism	9. mandat	-	Zasedanje 4	2017-07-14	-	Reference	English	Regular	MP	notMinister	MOST	Most nezavisnih lista	Opposition	Centre-right to right	GrmojaNikola	Grmoja, Nikola	M	1981	
ParlaMint-HR-en_2017-07-12-0	ParlaMint-HR_2017-07-12-0.u45848	Minutes of the National Assembly of the Republic of Croatia, Term 9, Session 4	2017-07-12	Unicameralism	9. mandat	-	Zasedanje 4	2017-07-14	-	Reference	English	Chairperson	MP	notMinister	HDZ	Hrvatska demokratska zajednica	Coalition	Centre-right	JandrokovićGordan	Jandroković, Gordan	M	1967	
ParlaMint-HR-en_2017-07-12-0	ParlaMint-HR_2017-07-12-0.u45849	Minutes of the National Assembly of the Republic of Croatia, Term 9, Session 4	2017-07-12	Unicameralism	9. mandat	-	Zasedanje 4	2017-07-14	-	Reference	English	Regular	MP	notMinister	MOST	Most nezavisnih lista	Opposition	Centre-right to right	GrmojaNikola	Grmoja, Nikola	M	1981	
ParlaMint-HR-en_2017-07-12-0	ParlaMint-HR_2017-07-12-0.u45850	Minutes of the National Assembly of the Republic of Croatia, Term 9, Session 4	2017-07-12	Unicameralism	9. mandat	-	Zasedanje 4	2017-07-14	-	Reference	English	Chairperson	MP	notMinister	HDZ	Hrvatska demokratska zajednica	Coalition	Centre-right	JandrokovićGordan	Jandroković, Gordan	M	1967	
ParlaMint-HR-en_2017-07-12-0	ParlaMint-HR_2017-07-12-0.u45851	Minutes of the National Assembly of the Republic of Croatia, Term 9, Session 4	2017-07-12	Unicameralism	9. mandat	-	Zasedanje 4	2017-07-14	-	Reference	English	Regular	MP	notMinister	Živi zid	Živi zid	Coalition	-	PernarIvan	Pernar, Ivan	M	1985	
ParlaMint-HR-en_2017-07-12-0	ParlaMint-HR_2017-07-12-0.u45852	Minutes of the National Assembly of the Republic of Croatia, Term 9, Session 4	2017-07-12	Unicameralism	9. mandat	-	Zasedanje 4	2017-07-14	-	Reference	English	Chairperson	MP	notMinister	HDZ	Hrvatska demokratska zajednica	Coalition	Centre-right	JandrokovićGordan	Jandroković, Gordan	M	1967	
ParlaMint-HR-en_2017-07-12-0	ParlaMint-HR_2017-07-12-0.u45853	Minutes of the National Assembly of the Republic of Croatia, Term 9, Session 4	2017-07-12	Unicameralism	9. mandat	-	Zasedanje 4	2017-07-14	-	Reference	English	Regular	MP	notMinister	SDP	Socijaldemokratska partija Hrvatske	Coalition	Centre-left	GrčićBranko	Grčić, Branko	M	1964	
ParlaMint-HR-en_2017-07-12-0	ParlaMint-HR_2017-07-12-0.u45854	Minutes of the National Assembly of the Republic of Croatia, Term 9, Session 4	2017-07-12	Unicameralism	9. mandat	-	Zasedanje 4	2017-07-14	-	Reference	English	Chairperson	MP	notMinister	HDZ	Hrvatska demokratska zajednica	Coalition	Centre-right	JandrokovićGordan	Jandroković, Gordan	M	1967	
ParlaMint-HR-en_2017-07-12-0	ParlaMint-HR_2017-07-12-0.u45855	Minutes of the National Assembly of the Republic of Croatia, Term 9, Session 4	2017-07-12	Unicameralism	9. mandat	-	Zasedanje 4	2017-07-14	-	Reference	English	Regular	MP	notMinister	SDP	Socijaldemokratska partija Hrvatske	Coalition	Centre-left	GrčićBranko	Grčić, Branko	M	1964	
ParlaMint-HR-en_2017-07-12-0	ParlaMint-HR_2017-07-12-0.u45856	Minutes of the National Assembly of the Republic of Croatia, Term 9, Session 4	2017-07-12	Unicameralism	9. mandat	-	Zasedanje 4	2017-07-14	-	Reference	English	Chairperson	MP	notMinister	HDZ	Hrvatska demokratska zajednica	Coalition	Centre-right	JandrokovićGordan	Jandroković, Gordan	M	1967	
ParlaMint-HR-en_2017-07-12-0	ParlaMint-HR_2017-07-12-0.u45857	Minutes of the National Assembly of the Republic of Croatia, Term 9, Session 4	2017-07-12	Unicameralism	9. mandat	-	Zasedanje 4	2017-07-14	-	Reference	English	Regular	MP	notMinister	MOST	Most nezavisnih lista	Opposition	Centre-right to right	GrmojaNikola	Grmoja, Nikola	M	1981	
ParlaMint-HR-en_2017-07-12-0	ParlaMint-HR_2017-07-12-0.u45858	Minutes of the National Assembly of the Republic of Croatia, Term 9, Session 4	2017-07-12	Unicameralism	9. mandat	-	Zasedanje 4	2017-07-14	-	Reference	English	Chairperson	MP	notMinister	HDZ	Hrvatska demokratska zajednica	Coalition	Centre-right	JandrokovićGordan	Jandroković, Gordan	M	1967	
ParlaMint-HR-en_2017-07-12-0	ParlaMint-HR_2017-07-12-0.u45859	Minutes of the National Assembly of the Republic of Croatia, Term 9, Session 4	2017-07-12	Unicameralism	9. mandat	-	Zasedanje 4	2017-07-14	-	Reference	English	Regular	MP	notMinister	PH	Promijenimo Hrvatsku!	Coalition	-	LovrinovićIvan	Lovrinović, Ivan	M	1960	
ParlaMint-HR-en_2017-07-12-0	ParlaMint-HR_2017-07-12-0.u45860	Minutes of the National Assembly of the Republic of Croatia, Term 9, Session 4	2017-07-12	Unicameralism	9. mandat	-	Zasedanje 4	2017-07-14	-	Reference	English	Chairperson	MP	notMinister	HDZ	Hrvatska demokratska zajednica	Coalition	Centre-right	JandrokovićGordan	Jandroković, Gordan	M	1967	
ParlaMint-HR-en_2017-07-12-0	ParlaMint-HR_2017-07-12-0.u45861	Minutes of the National Assembly of the Republic of Croatia, Term 9, Session 4	2017-07-12	Unicameralism	9. mandat	-	Zasedanje 4	2017-07-14	-	Reference	English	Regular	MP	notMinister	MOST	Most nezavisnih lista	Opposition	Centre-right to right	GrmojaNikola	Grmoja, Nikola	M	1981	
ParlaMint-HR-en_2017-07-12-0	ParlaMint-HR_2017-07-12-0.u45862	Minutes of the National Assembly of the Republic of Croatia, Term 9, Session 4	2017-07-12	Unicameralism	9. mandat	-	Zasedanje 4	2017-07-14	-	Reference	English	Chairperson	MP	notMinister	HDZ	Hrvatska demokratska zajednica	Coalition	Centre-right	JandrokovićGordan	Jandroković, Gordan	M	1967	
ParlaMint-HR-en_2017-07-12-0	ParlaMint-HR_2017-07-12-0.u45863	Minutes of the National Assembly of the Republic of Croatia, Term 9, Session 4	2017-07-12	Unicameralism	9. mandat	-	Zasedanje 4	2017-07-14	-	Reference	English	Regular	MP	notMinister	MOST	Most nezavisnih lista	Opposition	Centre-right to right	BuljMiro	Bulj, Miro	M	1972	
ParlaMint-HR-en_2017-07-12-0	ParlaMint-HR_2017-07-12-0.u45864	Minutes of the National Assembly of the Republic of Croatia, Term 9, Session 4	2017-07-12	Unicameralism	9. mandat	-	Zasedanje 4	2017-07-14	-	Reference	English	Chairperson	MP	notMinister	HDZ	Hrvatska demokratska zajednica	Coalition	Centre-right	JandrokovićGordan	Jandroković, Gordan	M	1967	
ParlaMint-HR-en_2017-07-12-0	ParlaMint-HR_2017-07-12-0.u45865	Minutes of the National Assembly of the Republic of Croatia, Term 9, Session 4	2017-07-12	Unicameralism	9. mandat	-	Zasedanje 4	2017-07-14	-	Reference	English	Regular	MP	notMinister	PH	Promijenimo Hrvatsku!	Coalition	-	LovrinovićIvan	Lovrinović, Ivan	M	1960	
ParlaMint-HR-en_2017-07-12-0	ParlaMint-HR_2017-07-12-0.u45866	Minutes of the National Assembly of the Republic of Croatia, Term 9, Session 4	2017-07-12	Unicameralism	9. mandat	-	Zasedanje 4	2017-07-14	-	Reference	English	Chairperson	MP	notMinister	HDZ	Hrvatska demokratska zajednica	Coalition	Centre-right	JandrokovićGordan	Jandroković, Gordan	M	1967	
ParlaMint-HR-en_2017-07-12-0	ParlaMint-HR_2017-07-12-0.u45867	Minutes of the National Assembly of the Republic of Croatia, Term 9, Session 4	2017-07-12	Unicameralism	9. mandat	-	Zasedanje 4	2017-07-14	-	Reference	English	Regular	MP	notMinister	PH	Promijenimo Hrvatsku!	Coalition	-	LovrinovićIvan	Lovrinović, Ivan	M	1960	
ParlaMint-HR-en_2017-07-12-0	ParlaMint-HR_2017-07-12-0.u45868	Minutes of the National Assembly of the Republic of Croatia, Term 9, Session 4	2017-07-12	Unicameralism	9. mandat	-	Zasedanje 4	2017-07-14	-	Reference	English	Chairperson	MP	notMinister	HDZ	Hrvatska demokratska zajednica	Coalition	Centre-right	JandrokovićGordan	Jandroković, Gordan	M	1967	
ParlaMint-HR-en_2017-07-12-0	ParlaMint-HR_2017-07-12-0.u45869	Minutes of the National Assembly of the Republic of Croatia, Term 9, Session 4	2017-07-12	Unicameralism	9. mandat	-	Zasedanje 4	2017-07-14	-	Reference	English	Regular	MP	notMinister	MOST	Most nezavisnih lista	Opposition	Centre-right to right	BuljMiro	Bulj, Miro	M	1972	
ParlaMint-HR-en_2017-07-12-0	ParlaMint-HR_2017-07-12-0.u45870	Minutes of the National Assembly of the Republic of Croatia, Term 9, Session 4	2017-07-12	Unicameralism	9. mandat	-	Zasedanje 4	2017-07-14	-	Reference	English	Chairperson	MP	notMinister	HDZ	Hrvatska demokratska zajednica	Coalition	Centre-right	JandrokovićGordan	Jandroković, Gordan	M	1967	
ParlaMint-HR-en_2017-07-12-0	ParlaMint-HR_2017-07-12-0.u45871	Minutes of the National Assembly of the Republic of Croatia, Term 9, Session 4	2017-07-12	Unicameralism	9. mandat	-	Zasedanje 4	2017-07-14	-	Reference	English	Regular	MP	notMinister	MOST	Most nezavisnih lista	Opposition	Centre-right to right	BuljMiro	Bulj, Miro	M	1972	
ParlaMint-HR-en_2017-07-12-0	ParlaMint-HR_2017-07-12-0.u45872	Minutes of the National Assembly of the Republic of Croatia, Term 9, Session 4	2017-07-12	Unicameralism	9. mandat	-	Zasedanje 4	2017-07-14	-	Reference	English	Chairperson	MP	notMinister	HDZ	Hrvatska demokratska zajednica	Coalition	Centre-right	JandrokovićGordan	Jandroković, Gordan	M	1967	
ParlaMint-HR-en_2017-07-12-0	ParlaMint-HR_2017-07-12-0.u45873	Minutes of the National Assembly of the Republic of Croatia, Term 9, Session 4	2017-07-12	Unicameralism	9. mandat	-	Zasedanje 4	2017-07-14	-	Reference	English	Regular	MP	notMinister	MOST	Most nezavisnih lista	Opposition	Centre-right to right	BuljMiro	Bulj, Miro	M	1972	
ParlaMint-HR-en_2017-07-12-0	ParlaMint-HR_2017-07-12-0.u45874	Minutes of the National Assembly of the Republic of Croatia, Term 9, Session 4	2017-07-12	Unicameralism	9. mandat	-	Zasedanje 4	2017-07-14	-	Reference	English	Chairperson	MP	notMinister	HDZ	Hrvatska demokratska zajednica	Coalition	Centre-right	JandrokovićGordan	Jandroković, Gordan	M	1967	
ParlaMint-HR-en_2017-07-12-0	ParlaMint-HR_2017-07-12-0.u45875	Minutes of the National Assembly of the Republic of Croatia, Term 9, Session 4	2017-07-12	Unicameralism	9. mandat	-	Zasedanje 4	2017-07-14	-	Reference	English	Regular	MP	notMinister	Živi zid	Živi zid	Coalition	-	BunjacBranimir	Bunjac, Branimir	M	1972	
ParlaMint-HR-en_2017-07-12-0	ParlaMint-HR_2017-07-12-0.u45876	Minutes of the National Assembly of the Republic of Croatia, Term 9, Session 4	2017-07-12	Unicameralism	9. mandat	-	Zasedanje 4	2017-07-14	-	Reference	English	Chairperson	MP	notMinister	HDZ	Hrvatska demokratska zajednica	Coalition	Centre-right	JandrokovićGordan	Jandroković, Gordan	M	1967	
ParlaMint-HR-en_2017-07-12-0	ParlaMint-HR_2017-07-12-0.u45877	Minutes of the National Assembly of the Republic of Croatia, Term 9, Session 4	2017-07-12	Unicameralism	9. mandat	-	Zasedanje 4	2017-07-14	-	Reference	English	Regular	MP	notMinister	PH	Promijenimo Hrvatsku!	Coalition	-	LovrinovićIvan	Lovrinović, Ivan	M	1960	
ParlaMint-HR-en_2017-07-12-0	ParlaMint-HR_2017-07-12-0.u45878	Minutes of the National Assembly of the Republic of Croatia, Term 9, Session 4	2017-07-12	Unicameralism	9. mandat	-	Zasedanje 4	2017-07-14	-	Reference	English	Chairperson	MP	notMinister	HDZ	Hrvatska demokratska zajednica	Coalition	Centre-right	JandrokovićGordan	Jandroković, Gordan	M	1967	
ParlaMint-HR-en_2017-07-12-0	ParlaMint-HR_2017-07-12-0.u45879	Minutes of the National Assembly of the Republic of Croatia, Term 9, Session 4	2017-07-12	Unicameralism	9. mandat	-	Zasedanje 4	2017-07-14	-	Reference	English	Regular	MP	notMinister	HSS	Hrvatska seljačka stranka	Coalition	Centre to centre-right	VlaovićDavor	Vlaović, Davor	M	1963	
ParlaMint-HR-en_2017-07-12-0	ParlaMint-HR_2017-07-12-0.u45880	Minutes of the National Assembly of the Republic of Croatia, Term 9, Session 4	2017-07-12	Unicameralism	9. mandat	-	Zasedanje 4	2017-07-14	-	Reference	English	Chairperson	MP	notMinister	HDZ	Hrvatska demokratska zajednica	Coalition	Centre-right	JandrokovićGordan	Jandroković, Gordan	M	1967	
ParlaMint-HR-en_2017-07-12-0	ParlaMint-HR_2017-07-12-0.u45881	Minutes of the National Assembly of the Republic of Croatia, Term 9, Session 4	2017-07-12	Unicameralism	9. mandat	-	Zasedanje 4	2017-07-14	-	Reference	English	Regular	MP	notMinister	PH	Promijenimo Hrvatsku!	Coalition	-	LovrinovićIvan	Lovrinović, Ivan	M	1960	
ParlaMint-HR-en_2017-07-12-0	ParlaMint-HR_2017-07-12-0.u45882	Minutes of the National Assembly of the Republic of Croatia, Term 9, Session 4	2017-07-12	Unicameralism	9. mandat	-	Zasedanje 4	2017-07-14	-	Reference	English	Chairperson	MP	notMinister	HDZ	Hrvatska demokratska zajednica	Coalition	Centre-right	JandrokovićGordan	Jandroković, Gordan	M	1967	
ParlaMint-HR-en_2017-07-12-0	ParlaMint-HR_2017-07-12-0.u45883	Minutes of the National Assembly of the Republic of Croatia, Term 9, Session 4	2017-07-12	Unicameralism	9. mandat	-	Zasedanje 4	2017-07-14	-	Reference	English	Regular	MP	notMinister	HDZ	Hrvatska demokratska zajednica	Coalition	Centre-right	KovačMiro	Kovač, Miro	M	1968	
ParlaMint-HR-en_2017-07-12-0	ParlaMint-HR_2017-07-12-0.u45884	Minutes of the National Assembly of the Republic of Croatia, Term 9, Session 4	2017-07-12	Unicameralism	9. mandat	-	Zasedanje 4	2017-07-14	-	Reference	English	Chairperson	MP	notMinister	HDZ	Hrvatska demokratska zajednica	Coalition	Centre-right	JandrokovićGordan	Jandroković, Gordan	M	1967	
ParlaMint-HR-en_2017-07-12-0	ParlaMint-HR_2017-07-12-0.u45885	Minutes of the National Assembly of the Republic of Croatia, Term 9, Session 4	2017-07-12	Unicameralism	9. mandat	-	Zasedanje 4	2017-07-14	-	Reference	English	Regular	MP	notMinister	PH	Promijenimo Hrvatsku!	Coalition	-	LovrinovićIvan	Lovrinović, Ivan	M	1960	
ParlaMint-HR-en_2017-07-12-0	ParlaMint-HR_2017-07-12-0.u45886	Minutes of the National Assembly of the Republic of Croatia, Term 9, Session 4	2017-07-12	Unicameralism	9. mandat	-	Zasedanje 4	2017-07-14	-	Reference	English	Chairperson	MP	notMinister	HDZ	Hrvatska demokratska zajednica	Coalition	Centre-right	JandrokovićGordan	Jandroković, Gordan	M	1967	
ParlaMint-HR-en_2017-07-12-0	ParlaMint-HR_2017-07-12-0.u45887	Minutes of the National Assembly of the Republic of Croatia, Term 9, Session 4	2017-07-12	Unicameralism	9. mandat	-	Zasedanje 4	2017-07-14	-	Reference	English	Regular	MP	notMinister	Živi zid	Živi zid	Coalition	-	SinčićIvanVilibor	Sinčić, Ivan Vilibor	M	1990	
ParlaMint-HR-en_2017-07-12-0	ParlaMint-HR_2017-07-12-0.u45888	Minutes of the National Assembly of the Republic of Croatia, Term 9, Session 4	2017-07-12	Unicameralism	9. mandat	-	Zasedanje 4	2017-07-14	-	Reference	English	Chairperson	MP	notMinister	HDZ	Hrvatska demokratska zajednica	Coalition	Centre-right	JandrokovićGordan	Jandroković, Gordan	M	1967	
ParlaMint-HR-en_2017-07-12-0	ParlaMint-HR_2017-07-12-0.u45889	Minutes of the National Assembly of the Republic of Croatia, Term 9, Session 4	2017-07-12	Unicameralism	9. mandat	-	Zasedanje 4	2017-07-14	-	Reference	English	Regular	MP	notMinister	Živi zid	Živi zid	Coalition	-	SinčićIvanVilibor	Sinčić, Ivan Vilibor	M	1990	
ParlaMint-HR-en_2017-07-12-0	ParlaMint-HR_2017-07-12-0.u45890	Minutes of the National Assembly of the Republic of Croatia, Term 9, Session 4	2017-07-12	Unicameralism	9. mandat	-	Zasedanje 4	2017-07-14	-	Reference	English	Chairperson	MP	notMinister	HDZ	Hrvatska demokratska zajednica	Coalition	Centre-right	JandrokovićGordan	Jandroković, Gordan	M	1967	
ParlaMint-HR-en_2017-07-12-0	ParlaMint-HR_2017-07-12-0.u45891	Minutes of the National Assembly of the Republic of Croatia, Term 9, Session 4	2017-07-12	Unicameralism	9. mandat	-	Zasedanje 4	2017-07-14	-	Reference	English	Chairperson	MP	notMinister	HDZ	Hrvatska demokratska zajednica	Coalition	Centre-right	ReinerŽeljko	Reiner, Željko	M	1953	
ParlaMint-HR-en_2017-07-12-0	ParlaMint-HR_2017-07-12-0.u45892	Minutes of the National Assembly of the Republic of Croatia, Term 9, Session 4	2017-07-12	Unicameralism	9. mandat	-	Zasedanje 4	2017-07-14	-	Reference	English	Regular	notMP	notMinister	-	-	-	-	ŽunacVelimir	Žunac, Velimir	U	-	
ParlaMint-HR-en_2017-07-12-0	ParlaMint-HR_2017-07-12-0.u45893	Minutes of the National Assembly of the Republic of Croatia, Term 9, Session 4	2017-07-12	Unicameralism	9. mandat	-	Zasedanje 4	2017-07-14	-	Reference	English	Chairperson	MP	notMinister	HDZ	Hrvatska demokratska zajednica	Coalition	Centre-right	ReinerŽeljko	Reiner, Željko	M	1953	
ParlaMint-HR-en_2017-07-12-0	ParlaMint-HR_2017-07-12-0.u45894	Minutes of the National Assembly of the Republic of Croatia, Term 9, Session 4	2017-07-12	Unicameralism	9. mandat	-	Zasedanje 4	2017-07-14	-	Reference	English	Regular	MP	notMinister	HDZ	Hrvatska demokratska zajednica	Coalition	Centre-right	MikulićDomagoj	Mikulić, Domagoj	M	1988	
ParlaMint-HR-en_2017-07-12-0	ParlaMint-HR_2017-07-12-0.u45895	Minutes of the National Assembly of the Republic of Croatia, Term 9, Session 4	2017-07-12	Unicameralism	9. mandat	-	Zasedanje 4	2017-07-14	-	Reference	English	Chairperson	MP	notMinister	HDZ	Hrvatska demokratska zajednica	Coalition	Centre-right	ReinerŽeljko	Reiner, Željko	M	1953	
ParlaMint-HR-en_2017-07-12-0	ParlaMint-HR_2017-07-12-0.u45896	Minutes of the National Assembly of the Republic of Croatia, Term 9, Session 4	2017-07-12	Unicameralism	9. mandat	-	Zasedanje 4	2017-07-14	-	Reference	English	Regular	MP	notMinister	MOST	Most nezavisnih lista	Opposition	Centre-right to right	BuljMiro	Bulj, Miro	M	1972	
ParlaMint-HR-en_2017-07-12-0	ParlaMint-HR_2017-07-12-0.u45897	Minutes of the National Assembly of the Republic of Croatia, Term 9, Session 4	2017-07-12	Unicameralism	9. mandat	-	Zasedanje 4	2017-07-14	-	Reference	English	Chairperson	MP	notMinister	HDZ	Hrvatska demokratska zajednica	Coalition	Centre-right	ReinerŽeljko	Reiner, Željko	M	1953	
ParlaMint-HR-en_2017-07-12-0	ParlaMint-HR_2017-07-12-0.u45898	Minutes of the National Assembly of the Republic of Croatia, Term 9, Session 4	2017-07-12	Unicameralism	9. mandat	-	Zasedanje 4	2017-07-14	-	Reference	English	Regular	MP	notMinister	MOST	Most nezavisnih lista	Opposition	Centre-right to right	NinčevićLesandrićIvana	Ninčević-Lesandrić, Ivana	F	1983	
ParlaMint-HR-en_2017-07-12-0	ParlaMint-HR_2017-07-12-0.u45899	Minutes of the National Assembly of the Republic of Croatia, Term 9, Session 4	2017-07-12	Unicameralism	9. mandat	-	Zasedanje 4	2017-07-14	-	Reference	English	Chairperson	MP	notMinister	HDZ	Hrvatska demokratska zajednica	Coalition	Centre-right	ReinerŽeljko	Reiner, Željko	M	1953	
ParlaMint-HR-en_2017-07-12-0	ParlaMint-HR_2017-07-12-0.u45900	Minutes of the National Assembly of the Republic of Croatia, Term 9, Session 4	2017-07-12	Unicameralism	9. mandat	-	Zasedanje 4	2017-07-14	-	Reference	English	Regular	MP	notMinister	HDZ	Hrvatska demokratska zajednica	Coalition	Centre-right	JuričevMartinčevBranka	Juričev-Martinčev, Branka	F	1965	
ParlaMint-HR-en_2017-07-12-0	ParlaMint-HR_2017-07-12-0.u45901	Minutes of the National Assembly of the Republic of Croatia, Term 9, Session 4	2017-07-12	Unicameralism	9. mandat	-	Zasedanje 4	2017-07-14	-	Reference	English	Chairperson	MP	notMinister	HDZ	Hrvatska demokratska zajednica	Coalition	Centre-right	ReinerŽeljko	Reiner, Željko	M	1953	
ParlaMint-HR-en_2017-07-12-0	ParlaMint-HR_2017-07-12-0.u45902	Minutes of the National Assembly of the Republic of Croatia, Term 9, Session 4	2017-07-12	Unicameralism	9. mandat	-	Zasedanje 4	2017-07-14	-	Reference	English	Regular	MP	notMinister	MOST	Most nezavisnih lista	Opposition	Centre-right to right	BuljMiro	Bulj, Miro	M	1972	
ParlaMint-HR-en_2017-07-12-0	ParlaMint-HR_2017-07-12-0.u45903	Minutes of the National Assembly of the Republic of Croatia, Term 9, Session 4	2017-07-12	Unicameralism	9. mandat	-	Zasedanje 4	2017-07-14	-	Reference	English	Chairperson	MP	notMinister	HDZ	Hrvatska demokratska zajednica	Coalition	Centre-right	ReinerŽeljko	Reiner, Željko	M	1953	
ParlaMint-HR-en_2017-07-12-0	ParlaMint-HR_2017-07-12-0.u45904	Minutes of the National Assembly of the Republic of Croatia, Term 9, Session 4	2017-07-12	Unicameralism	9. mandat	-	Zasedanje 4	2017-07-14	-	Reference	English	Regular	MP	notMinister	HDZ	Hrvatska demokratska zajednica	Coalition	Centre-right	PuticaSanja	Putica, Sanja	F	1979	
ParlaMint-HR-en_2017-07-12-0	ParlaMint-HR_2017-07-12-0.u45905	Minutes of the National Assembly of the Republic of Croatia, Term 9, Session 4	2017-07-12	Unicameralism	9. mandat	-	Zasedanje 4	2017-07-14	-	Reference	English	Chairperson	MP	notMinister	HDZ	Hrvatska demokratska zajednica	Coalition	Centre-right	ReinerŽeljko	Reiner, Željko	M	1953	
ParlaMint-HR-en_2017-07-12-0	ParlaMint-HR_2017-07-12-0.u45906	Minutes of the National Assembly of the Republic of Croatia, Term 9, Session 4	2017-07-12	Unicameralism	9. mandat	-	Zasedanje 4	2017-07-14	-	Reference	English	Regular	MP	notMinister	MOST	Most nezavisnih lista	Opposition	Centre-right to right	BuljMiro	Bulj, Miro	M	1972	
ParlaMint-HR-en_2017-07-12-0	ParlaMint-HR_2017-07-12-0.u45907	Minutes of the National Assembly of the Republic of Croatia, Term 9, Session 4	2017-07-12	Unicameralism	9. mandat	-	Zasedanje 4	2017-07-14	-	Reference	English	Chairperson	MP	notMinister	HDZ	Hrvatska demokratska zajednica	Coalition	Centre-right	ReinerŽeljko	Reiner, Željko	M	1953	
ParlaMint-HR-en_2017-07-12-0	ParlaMint-HR_2017-07-12-0.u45908	Minutes of the National Assembly of the Republic of Croatia, Term 9, Session 4	2017-07-12	Unicameralism	9. mandat	-	Zasedanje 4	2017-07-14	-	Reference	English	Regular	notMP	notMinister	-	-	-	-	ŽunacVelimir	Žunac, Velimir	U	-	
ParlaMint-HR-en_2017-07-12-0	ParlaMint-HR_2017-07-12-0.u45909	Minutes of the National Assembly of the Republic of Croatia, Term 9, Session 4	2017-07-12	Unicameralism	9. mandat	-	Zasedanje 4	2017-07-14	-	Reference	English	Chairperson	MP	notMinister	HDZ	Hrvatska demokratska zajednica	Coalition	Centre-right	ReinerŽeljko	Reiner, Željko	M	1953	
ParlaMint-HR-en_2017-07-12-0	ParlaMint-HR_2017-07-12-0.u45910	Minutes of the National Assembly of the Republic of Croatia, Term 9, Session 4	2017-07-12	Unicameralism	9. mandat	-	Zasedanje 4	2017-07-14	-	Reference	English	Regular	MP	notMinister	MOST	Most nezavisnih lista	Opposition	Centre-right to right	NinčevićLesandrićIvana	Ninčević-Lesandrić, Ivana	F	1983	
ParlaMint-HR-en_2017-07-12-0	ParlaMint-HR_2017-07-12-0.u45911	Minutes of the National Assembly of the Republic of Croatia, Term 9, Session 4	2017-07-12	Unicameralism	9. mandat	-	Zasedanje 4	2017-07-14	-	Reference	English	Chairperson	MP	notMinister	HDZ	Hrvatska demokratska zajednica	Coalition	Centre-right	ReinerŽeljko	Reiner, Željko	M	1953	
ParlaMint-HR-en_2017-07-12-0	ParlaMint-HR_2017-07-12-0.u45912	Minutes of the National Assembly of the Republic of Croatia, Term 9, Session 4	2017-07-12	Unicameralism	9. mandat	-	Zasedanje 4	2017-07-14	-	Reference	English	Regular	MP	notMinister	MOST	Most nezavisnih lista	Opposition	Centre-right to right	BuljMiro	Bulj, Miro	M	1972	
ParlaMint-HR-en_2017-07-12-0	ParlaMint-HR_2017-07-12-0.u45913	Minutes of the National Assembly of the Republic of Croatia, Term 9, Session 4	2017-07-12	Unicameralism	9. mandat	-	Zasedanje 4	2017-07-14	-	Reference	English	Chairperson	MP	notMinister	HDZ	Hrvatska demokratska zajednica	Coalition	Centre-right	ReinerŽeljko	Reiner, Željko	M	1953	
ParlaMint-HR-en_2017-07-12-0	ParlaMint-HR_2017-07-12-0.u45914	Minutes of the National Assembly of the Republic of Croatia, Term 9, Session 4	2017-07-12	Unicameralism	9. mandat	-	Zasedanje 4	2017-07-14	-	Reference	English	Regular	notMP	notMinister	-	-	-	-	ŽunacVelimir	Žunac, Velimir	U	-	
ParlaMint-HR-en_2017-07-12-0	ParlaMint-HR_2017-07-12-0.u45915	Minutes of the National Assembly of the Republic of Croatia, Term 9, Session 4	2017-07-12	Unicameralism	9. mandat	-	Zasedanje 4	2017-07-14	-	Reference	English	Chairperson	MP	notMinister	HDZ	Hrvatska demokratska zajednica	Coalition	Centre-right	ReinerŽeljko	Reiner, Željko	M	1953	
ParlaMint-HR-en_2017-07-12-0	ParlaMint-HR_2017-07-12-0.u45916	Minutes of the National Assembly of the Republic of Croatia, Term 9, Session 4	2017-07-12	Unicameralism	9. mandat	-	Zasedanje 4	2017-07-14	-	Reference	English	Regular	MP	notMinister	HDZ	Hrvatska demokratska zajednica	Coalition	Centre-right	JandrokovićGordan	Jandroković, Gordan	M	1967	
ParlaMint-HR-en_2017-07-12-0	ParlaMint-HR_2017-07-12-0.u45917	Minutes of the National Assembly of the Republic of Croatia, Term 9, Session 4	2017-07-12	Unicameralism	9. mandat	-	Zasedanje 4	2017-07-14	-	Reference	English	Chairperson	MP	notMinister	HDZ	Hrvatska demokratska zajednica	Coalition	Centre-right	ReinerŽeljko	Reiner, Željko	M	1953	
ParlaMint-HR-en_2017-07-12-0	ParlaMint-HR_2017-07-12-0.u45918	Minutes of the National Assembly of the Republic of Croatia, Term 9, Session 4	2017-07-12	Unicameralism	9. mandat	-	Zasedanje 4	2017-07-14	-	Reference	English	Regular	notMP	notMinister	-	-	-	-	TufekčićŽeljko	Tufekčić, Željko	U	-	
ParlaMint-HR-en_2017-07-12-0	ParlaMint-HR_2017-07-12-0.u45919	Minutes of the National Assembly of the Republic of Croatia, Term 9, Session 4	2017-07-12	Unicameralism	9. mandat	-	Zasedanje 4	2017-07-14	-	Reference	English	Chairperson	MP	notMinister	HDZ	Hrvatska demokratska zajednica	Coalition	Centre-right	ReinerŽeljko	Reiner, Željko	M	1953	
ParlaMint-HR-en_2017-07-12-0	ParlaMint-HR_2017-07-12-0.u45920	Minutes of the National Assembly of the Republic of Croatia, Term 9, Session 4	2017-07-12	Unicameralism	9. mandat	-	Zasedanje 4	2017-07-14	-	Reference	English	Regular	MP	notMinister	HDZ	Hrvatska demokratska zajednica	Coalition	Centre-right	BalićMarijana	Balić, Marijana	F	1981	
ParlaMint-HR-en_2017-07-12-0	ParlaMint-HR_2017-07-12-0.u45921	Minutes of the National Assembly of the Republic of Croatia, Term 9, Session 4	2017-07-12	Unicameralism	9. mandat	-	Zasedanje 4	2017-07-14	-	Reference	English	Chairperson	MP	notMinister	HDZ	Hrvatska demokratska zajednica	Coalition	Centre-right	ReinerŽeljko	Reiner, Željko	M	1953	
ParlaMint-HR-en_2017-07-12-0	ParlaMint-HR_2017-07-12-0.u45922	Minutes of the National Assembly of the Republic of Croatia, Term 9, Session 4	2017-07-12	Unicameralism	9. mandat	-	Zasedanje 4	2017-07-14	-	Reference	English	Regular	MP	notMinister	HDZ	Hrvatska demokratska zajednica	Coalition	Centre-right	JandrokovićGordan	Jandroković, Gordan	M	1967	
