Text_ID	ID	Title	Date	Body	Term	Session	Meeting	Sitting	Agenda	Subcorpus	Lang	Speaker_role	Speaker_MP	Speaker_minister	Speaker_party	Speaker_party_name	Party_status	Party_orientation	Speaker_ID	Speaker_name	Speaker_gender	Speaker_birth
ParlaMint-BE-en_2019-01-31-54-plenair-ip268x	ParlaMint-BE_2019-01-31-54-plenair-ip268x.u1	Belgian parliamentary corpus ParlaMint-BE-en, plenary session of 31-01-2019	2019-01-31	Lower house	Zittingperiode 54	-	Plenaire zitting 268 van 31-01-2019	-	-	Reference	English	Chairperson	MP	notMinister	N-VA	Nieuw-Vlaamse Alliantie	Opposition	Centre-right to right	BrackeSiegfried	Bracke, Siegfried	M	1953	
ParlaMint-BE-en_2019-01-31-54-plenair-ip268x	ParlaMint-BE_2019-01-31-54-plenair-ip268x.u2	Belgian parliamentary corpus ParlaMint-BE-en, plenary session of 31-01-2019	2019-01-31	Lower house	Zittingperiode 54	-	Plenaire zitting 268 van 31-01-2019	-	-	Reference	English	Chairperson	MP	notMinister	N-VA	Nieuw-Vlaamse Alliantie	Opposition	Centre-right to right	BrackeSiegfried	Bracke, Siegfried	M	1953	
ParlaMint-BE-en_2019-01-31-54-plenair-ip268x	ParlaMint-BE_2019-01-31-54-plenair-ip268x.u3	Belgian parliamentary corpus ParlaMint-BE-en, plenary session of 31-01-2019	2019-01-31	Lower house	Zittingperiode 54	-	Plenaire zitting 268 van 31-01-2019	-	-	Reference	English	Regular	notMP	notMinister	-	-	-	-	MichelCharles	Michel, Charles	M	1975	
ParlaMint-BE-en_2019-01-31-54-plenair-ip268x	ParlaMint-BE_2019-01-31-54-plenair-ip268x.u4	Belgian parliamentary corpus ParlaMint-BE-en, plenary session of 31-01-2019	2019-01-31	Lower house	Zittingperiode 54	-	Plenaire zitting 268 van 31-01-2019	-	-	Reference	English	Chairperson	MP	notMinister	N-VA	Nieuw-Vlaamse Alliantie	Opposition	Centre-right to right	BrackeSiegfried	Bracke, Siegfried	M	1953	
ParlaMint-BE-en_2019-01-31-54-plenair-ip268x	ParlaMint-BE_2019-01-31-54-plenair-ip268x.u5	Belgian parliamentary corpus ParlaMint-BE-en, plenary session of 31-01-2019	2019-01-31	Lower house	Zittingperiode 54	-	Plenaire zitting 268 van 31-01-2019	-	-	Reference	English	Regular	MP	notMinister	Ecolo	Ecologistes Confédérés pour l'Organisation de Luttes Originales	Opposition	Centre-left to left	GilkinetGeorges	Gilkinet, Georges	M	1971	
ParlaMint-BE-en_2019-01-31-54-plenair-ip268x	ParlaMint-BE_2019-01-31-54-plenair-ip268x.u6	Belgian parliamentary corpus ParlaMint-BE-en, plenary session of 31-01-2019	2019-01-31	Lower house	Zittingperiode 54	-	Plenaire zitting 268 van 31-01-2019	-	-	Reference	English	Regular	MP	notMinister	N-VA	Nieuw-Vlaamse Alliantie	Opposition	Centre-right to right	WollantsBert	Wollants, Bert	M	1979	
ParlaMint-BE-en_2019-01-31-54-plenair-ip268x	ParlaMint-BE_2019-01-31-54-plenair-ip268x.u7	Belgian parliamentary corpus ParlaMint-BE-en, plenary session of 31-01-2019	2019-01-31	Lower house	Zittingperiode 54	-	Plenaire zitting 268 van 31-01-2019	-	-	Reference	English	Regular	MP	notMinister	sp.a	Socialistische Partij Anders	Opposition	Centre-left	TemmermanKarin	Temmerman, Karin	F	1958	
ParlaMint-BE-en_2019-01-31-54-plenair-ip268x	ParlaMint-BE_2019-01-31-54-plenair-ip268x.u8	Belgian parliamentary corpus ParlaMint-BE-en, plenary session of 31-01-2019	2019-01-31	Lower house	Zittingperiode 54	-	Plenaire zitting 268 van 31-01-2019	-	-	Reference	English	Regular	MP	notMinister	N-VA	Nieuw-Vlaamse Alliantie	Opposition	Centre-right to right	DeRooverPeter	De Roover, Peter	M	1962	
ParlaMint-BE-en_2019-01-31-54-plenair-ip268x	ParlaMint-BE_2019-01-31-54-plenair-ip268x.u9	Belgian parliamentary corpus ParlaMint-BE-en, plenary session of 31-01-2019	2019-01-31	Lower house	Zittingperiode 54	-	Plenaire zitting 268 van 31-01-2019	-	-	Reference	English	Regular	MP	notMinister	sp.a	Socialistische Partij Anders	Opposition	Centre-left	TemmermanKarin	Temmerman, Karin	F	1958	
ParlaMint-BE-en_2019-01-31-54-plenair-ip268x	ParlaMint-BE_2019-01-31-54-plenair-ip268x.u10	Belgian parliamentary corpus ParlaMint-BE-en, plenary session of 31-01-2019	2019-01-31	Lower house	Zittingperiode 54	-	Plenaire zitting 268 van 31-01-2019	-	-	Reference	English	Regular	MP	notMinister	MR	Mouvement Réformateur	Coalition	Centre-right	ThiéryDamien	Thiéry, Damien	M	1963	
ParlaMint-BE-en_2019-01-31-54-plenair-ip268x	ParlaMint-BE_2019-01-31-54-plenair-ip268x.u11	Belgian parliamentary corpus ParlaMint-BE-en, plenary session of 31-01-2019	2019-01-31	Lower house	Zittingperiode 54	-	Plenaire zitting 268 van 31-01-2019	-	-	Reference	English	Regular	MP	notMinister	Open Vld	Open Vlaamse Liberalen en Democraten	Coalition	Centre-right	JanssensDirk	Janssens, Dirk	M	1969	
ParlaMint-BE-en_2019-01-31-54-plenair-ip268x	ParlaMint-BE_2019-01-31-54-plenair-ip268x.u12	Belgian parliamentary corpus ParlaMint-BE-en, plenary session of 31-01-2019	2019-01-31	Lower house	Zittingperiode 54	-	Plenaire zitting 268 van 31-01-2019	-	-	Reference	English	Regular	MP	notMinister	Groen	Groen	Opposition	Centre-left to left	AlmaciMeyrem	Almaci, Meyrem	F	1976	
ParlaMint-BE-en_2019-01-31-54-plenair-ip268x	ParlaMint-BE_2019-01-31-54-plenair-ip268x.u13	Belgian parliamentary corpus ParlaMint-BE-en, plenary session of 31-01-2019	2019-01-31	Lower house	Zittingperiode 54	-	Plenaire zitting 268 van 31-01-2019	-	-	Reference	English	Regular	MP	notMinister	CD&V	Christen-Democratisch en Vlaams	Coalition	Centre to centre-right	DierickLeen	Dierick, Leen	F	1978	
ParlaMint-BE-en_2019-01-31-54-plenair-ip268x	ParlaMint-BE_2019-01-31-54-plenair-ip268x.u14	Belgian parliamentary corpus ParlaMint-BE-en, plenary session of 31-01-2019	2019-01-31	Lower house	Zittingperiode 54	-	Plenaire zitting 268 van 31-01-2019	-	-	Reference	English	Regular	MP	notMinister	PTB	Parti du Travail de Belgique	-	Left to far-left	HedebouwRaoul	Hedebouw, Raoul	M	1977	
ParlaMint-BE-en_2019-01-31-54-plenair-ip268x	ParlaMint-BE_2019-01-31-54-plenair-ip268x.u15	Belgian parliamentary corpus ParlaMint-BE-en, plenary session of 31-01-2019	2019-01-31	Lower house	Zittingperiode 54	-	Plenaire zitting 268 van 31-01-2019	-	-	Reference	English	Regular	MP	notMinister	PS	Parti Socialiste	Opposition	Centre-left to left	SenesaelDaniel	Senesael, Daniel	M	1957	
ParlaMint-BE-en_2019-01-31-54-plenair-ip268x	ParlaMint-BE_2019-01-31-54-plenair-ip268x.u16	Belgian parliamentary corpus ParlaMint-BE-en, plenary session of 31-01-2019	2019-01-31	Lower house	Zittingperiode 54	-	Plenaire zitting 268 van 31-01-2019	-	-	Reference	English	Regular	notMP	notMinister	-	-	-	-	MichelCharles	Michel, Charles	M	1975	
ParlaMint-BE-en_2019-01-31-54-plenair-ip268x	ParlaMint-BE_2019-01-31-54-plenair-ip268x.u17	Belgian parliamentary corpus ParlaMint-BE-en, plenary session of 31-01-2019	2019-01-31	Lower house	Zittingperiode 54	-	Plenaire zitting 268 van 31-01-2019	-	-	Reference	English	Regular	MP	notMinister	Ecolo	Ecologistes Confédérés pour l'Organisation de Luttes Originales	Opposition	Centre-left to left	GilkinetGeorges	Gilkinet, Georges	M	1971	
ParlaMint-BE-en_2019-01-31-54-plenair-ip268x	ParlaMint-BE_2019-01-31-54-plenair-ip268x.u18	Belgian parliamentary corpus ParlaMint-BE-en, plenary session of 31-01-2019	2019-01-31	Lower house	Zittingperiode 54	-	Plenaire zitting 268 van 31-01-2019	-	-	Reference	English	Regular	MP	notMinister	N-VA	Nieuw-Vlaamse Alliantie	Opposition	Centre-right to right	WollantsBert	Wollants, Bert	M	1979	
ParlaMint-BE-en_2019-01-31-54-plenair-ip268x	ParlaMint-BE_2019-01-31-54-plenair-ip268x.u19	Belgian parliamentary corpus ParlaMint-BE-en, plenary session of 31-01-2019	2019-01-31	Lower house	Zittingperiode 54	-	Plenaire zitting 268 van 31-01-2019	-	-	Reference	English	Regular	MP	notMinister	sp.a	Socialistische Partij Anders	Opposition	Centre-left	TemmermanKarin	Temmerman, Karin	F	1958	
ParlaMint-BE-en_2019-01-31-54-plenair-ip268x	ParlaMint-BE_2019-01-31-54-plenair-ip268x.u20	Belgian parliamentary corpus ParlaMint-BE-en, plenary session of 31-01-2019	2019-01-31	Lower house	Zittingperiode 54	-	Plenaire zitting 268 van 31-01-2019	-	-	Reference	English	Regular	MP	notMinister	MR	Mouvement Réformateur	Coalition	Centre-right	ThiéryDamien	Thiéry, Damien	M	1963	
ParlaMint-BE-en_2019-01-31-54-plenair-ip268x	ParlaMint-BE_2019-01-31-54-plenair-ip268x.u21	Belgian parliamentary corpus ParlaMint-BE-en, plenary session of 31-01-2019	2019-01-31	Lower house	Zittingperiode 54	-	Plenaire zitting 268 van 31-01-2019	-	-	Reference	English	Regular	MP	notMinister	Open Vld	Open Vlaamse Liberalen en Democraten	Coalition	Centre-right	JanssensDirk	Janssens, Dirk	M	1969	
ParlaMint-BE-en_2019-01-31-54-plenair-ip268x	ParlaMint-BE_2019-01-31-54-plenair-ip268x.u22	Belgian parliamentary corpus ParlaMint-BE-en, plenary session of 31-01-2019	2019-01-31	Lower house	Zittingperiode 54	-	Plenaire zitting 268 van 31-01-2019	-	-	Reference	English	Regular	MP	notMinister	Groen	Groen	Opposition	Centre-left to left	AlmaciMeyrem	Almaci, Meyrem	F	1976	
ParlaMint-BE-en_2019-01-31-54-plenair-ip268x	ParlaMint-BE_2019-01-31-54-plenair-ip268x.u23	Belgian parliamentary corpus ParlaMint-BE-en, plenary session of 31-01-2019	2019-01-31	Lower house	Zittingperiode 54	-	Plenaire zitting 268 van 31-01-2019	-	-	Reference	English	Regular	MP	notMinister	CD&V	Christen-Democratisch en Vlaams	Coalition	Centre to centre-right	DierickLeen	Dierick, Leen	F	1978	
ParlaMint-BE-en_2019-01-31-54-plenair-ip268x	ParlaMint-BE_2019-01-31-54-plenair-ip268x.u24	Belgian parliamentary corpus ParlaMint-BE-en, plenary session of 31-01-2019	2019-01-31	Lower house	Zittingperiode 54	-	Plenaire zitting 268 van 31-01-2019	-	-	Reference	English	Regular	MP	notMinister	PTB	Parti du Travail de Belgique	-	Left to far-left	HedebouwRaoul	Hedebouw, Raoul	M	1977	
ParlaMint-BE-en_2019-01-31-54-plenair-ip268x	ParlaMint-BE_2019-01-31-54-plenair-ip268x.u25	Belgian parliamentary corpus ParlaMint-BE-en, plenary session of 31-01-2019	2019-01-31	Lower house	Zittingperiode 54	-	Plenaire zitting 268 van 31-01-2019	-	-	Reference	English	Chairperson	MP	notMinister	N-VA	Nieuw-Vlaamse Alliantie	Opposition	Centre-right to right	BrackeSiegfried	Bracke, Siegfried	M	1953	
ParlaMint-BE-en_2019-01-31-54-plenair-ip268x	ParlaMint-BE_2019-01-31-54-plenair-ip268x.u26	Belgian parliamentary corpus ParlaMint-BE-en, plenary session of 31-01-2019	2019-01-31	Lower house	Zittingperiode 54	-	Plenaire zitting 268 van 31-01-2019	-	-	Reference	English	Regular	MP	notMinister	PTB	Parti du Travail de Belgique	-	Left to far-left	HedebouwRaoul	Hedebouw, Raoul	M	1977	
ParlaMint-BE-en_2019-01-31-54-plenair-ip268x	ParlaMint-BE_2019-01-31-54-plenair-ip268x.u27	Belgian parliamentary corpus ParlaMint-BE-en, plenary session of 31-01-2019	2019-01-31	Lower house	Zittingperiode 54	-	Plenaire zitting 268 van 31-01-2019	-	-	Reference	English	Regular	MP	notMinister	PS	Parti Socialiste	Opposition	Centre-left to left	SenesaelDaniel	Senesael, Daniel	M	1957	
ParlaMint-BE-en_2019-01-31-54-plenair-ip268x	ParlaMint-BE_2019-01-31-54-plenair-ip268x.u28	Belgian parliamentary corpus ParlaMint-BE-en, plenary session of 31-01-2019	2019-01-31	Lower house	Zittingperiode 54	-	Plenaire zitting 268 van 31-01-2019	-	-	Reference	English	Chairperson	MP	notMinister	N-VA	Nieuw-Vlaamse Alliantie	Opposition	Centre-right to right	BrackeSiegfried	Bracke, Siegfried	M	1953	
ParlaMint-BE-en_2019-01-31-54-plenair-ip268x	ParlaMint-BE_2019-01-31-54-plenair-ip268x.u29	Belgian parliamentary corpus ParlaMint-BE-en, plenary session of 31-01-2019	2019-01-31	Lower house	Zittingperiode 54	-	Plenaire zitting 268 van 31-01-2019	-	-	Reference	English	Regular	MP	notMinister	PS	Parti Socialiste	Opposition	Centre-left to left	DaerdenFrédéric	Daerden, Frédéric	M	1970	
ParlaMint-BE-en_2019-01-31-54-plenair-ip268x	ParlaMint-BE_2019-01-31-54-plenair-ip268x.u30	Belgian parliamentary corpus ParlaMint-BE-en, plenary session of 31-01-2019	2019-01-31	Lower house	Zittingperiode 54	-	Plenaire zitting 268 van 31-01-2019	-	-	Reference	English	Regular	notMP	notMinister	-	-	-	-	MichelCharles	Michel, Charles	M	1975	
ParlaMint-BE-en_2019-01-31-54-plenair-ip268x	ParlaMint-BE_2019-01-31-54-plenair-ip268x.u31	Belgian parliamentary corpus ParlaMint-BE-en, plenary session of 31-01-2019	2019-01-31	Lower house	Zittingperiode 54	-	Plenaire zitting 268 van 31-01-2019	-	-	Reference	English	Regular	MP	notMinister	PS	Parti Socialiste	Opposition	Centre-left to left	DaerdenFrédéric	Daerden, Frédéric	M	1970	
ParlaMint-BE-en_2019-01-31-54-plenair-ip268x	ParlaMint-BE_2019-01-31-54-plenair-ip268x.u32	Belgian parliamentary corpus ParlaMint-BE-en, plenary session of 31-01-2019	2019-01-31	Lower house	Zittingperiode 54	-	Plenaire zitting 268 van 31-01-2019	-	-	Reference	English	Regular	MP	notMinister	Vuye_Wouters	Vuye & Wouters: V-Kamerleden	Opposition	-	WoutersVeerle	Wouters, Veerle	F	1974	
ParlaMint-BE-en_2019-01-31-54-plenair-ip268x	ParlaMint-BE_2019-01-31-54-plenair-ip268x.u33	Belgian parliamentary corpus ParlaMint-BE-en, plenary session of 31-01-2019	2019-01-31	Lower house	Zittingperiode 54	-	Plenaire zitting 268 van 31-01-2019	-	-	Reference	English	Regular	MP	notMinister	cdH	Centre démocrate humaniste	Opposition	Centre to centre-right	DallemagneGeorges	Dallemagne, Georges	M	1958	
ParlaMint-BE-en_2019-01-31-54-plenair-ip268x	ParlaMint-BE_2019-01-31-54-plenair-ip268x.u34	Belgian parliamentary corpus ParlaMint-BE-en, plenary session of 31-01-2019	2019-01-31	Lower house	Zittingperiode 54	-	Plenaire zitting 268 van 31-01-2019	-	-	Reference	English	Regular	notMP	notMinister	-	-	-	-	MichelCharles	Michel, Charles	M	1975	
ParlaMint-BE-en_2019-01-31-54-plenair-ip268x	ParlaMint-BE_2019-01-31-54-plenair-ip268x.u35	Belgian parliamentary corpus ParlaMint-BE-en, plenary session of 31-01-2019	2019-01-31	Lower house	Zittingperiode 54	-	Plenaire zitting 268 van 31-01-2019	-	-	Reference	English	Regular	MP	notMinister	Vuye_Wouters	Vuye & Wouters: V-Kamerleden	Opposition	-	WoutersVeerle	Wouters, Veerle	F	1974	
ParlaMint-BE-en_2019-01-31-54-plenair-ip268x	ParlaMint-BE_2019-01-31-54-plenair-ip268x.u36	Belgian parliamentary corpus ParlaMint-BE-en, plenary session of 31-01-2019	2019-01-31	Lower house	Zittingperiode 54	-	Plenaire zitting 268 van 31-01-2019	-	-	Reference	English	Regular	MP	notMinister	cdH	Centre démocrate humaniste	Opposition	Centre to centre-right	DallemagneGeorges	Dallemagne, Georges	M	1958	
ParlaMint-BE-en_2019-01-31-54-plenair-ip268x	ParlaMint-BE_2019-01-31-54-plenair-ip268x.u37	Belgian parliamentary corpus ParlaMint-BE-en, plenary session of 31-01-2019	2019-01-31	Lower house	Zittingperiode 54	-	Plenaire zitting 268 van 31-01-2019	-	-	Reference	English	Regular	MP	notMinister	cdH	Centre démocrate humaniste	Opposition	Centre to centre-right	MatzVanessa	Matz, Vanessa	F	1973	
ParlaMint-BE-en_2019-01-31-54-plenair-ip268x	ParlaMint-BE_2019-01-31-54-plenair-ip268x.u38	Belgian parliamentary corpus ParlaMint-BE-en, plenary session of 31-01-2019	2019-01-31	Lower house	Zittingperiode 54	-	Plenaire zitting 268 van 31-01-2019	-	-	Reference	English	Regular	notMP	notMinister	-	-	-	-	MichelCharles	Michel, Charles	M	1975	
ParlaMint-BE-en_2019-01-31-54-plenair-ip268x	ParlaMint-BE_2019-01-31-54-plenair-ip268x.u39	Belgian parliamentary corpus ParlaMint-BE-en, plenary session of 31-01-2019	2019-01-31	Lower house	Zittingperiode 54	-	Plenaire zitting 268 van 31-01-2019	-	-	Reference	English	Regular	MP	notMinister	cdH	Centre démocrate humaniste	Opposition	Centre to centre-right	MatzVanessa	Matz, Vanessa	F	1973	
ParlaMint-BE-en_2019-01-31-54-plenair-ip268x	ParlaMint-BE_2019-01-31-54-plenair-ip268x.u40	Belgian parliamentary corpus ParlaMint-BE-en, plenary session of 31-01-2019	2019-01-31	Lower house	Zittingperiode 54	-	Plenaire zitting 268 van 31-01-2019	-	-	Reference	English	Regular	MP	notMinister	PTB	Parti du Travail de Belgique	-	Left to far-left	HedebouwRaoul	Hedebouw, Raoul	M	1977	
ParlaMint-BE-en_2019-01-31-54-plenair-ip268x	ParlaMint-BE_2019-01-31-54-plenair-ip268x.u41	Belgian parliamentary corpus ParlaMint-BE-en, plenary session of 31-01-2019	2019-01-31	Lower house	Zittingperiode 54	-	Plenaire zitting 268 van 31-01-2019	-	-	Reference	English	Regular	notMP	Minister	-	-	-	-	PeetersKris	Peeters, Kris	M	1962	
ParlaMint-BE-en_2019-01-31-54-plenair-ip268x	ParlaMint-BE_2019-01-31-54-plenair-ip268x.u42	Belgian parliamentary corpus ParlaMint-BE-en, plenary session of 31-01-2019	2019-01-31	Lower house	Zittingperiode 54	-	Plenaire zitting 268 van 31-01-2019	-	-	Reference	English	Regular	MP	notMinister	PTB	Parti du Travail de Belgique	-	Left to far-left	HedebouwRaoul	Hedebouw, Raoul	M	1977	
ParlaMint-BE-en_2019-01-31-54-plenair-ip268x	ParlaMint-BE_2019-01-31-54-plenair-ip268x.u43	Belgian parliamentary corpus ParlaMint-BE-en, plenary session of 31-01-2019	2019-01-31	Lower house	Zittingperiode 54	-	Plenaire zitting 268 van 31-01-2019	-	-	Reference	English	Regular	MP	notMinister	PS	Parti Socialiste	Opposition	Centre-left to left	WinckelFabienne	Winckel, Fabienne	F	1975	
ParlaMint-BE-en_2019-01-31-54-plenair-ip268x	ParlaMint-BE_2019-01-31-54-plenair-ip268x.u44	Belgian parliamentary corpus ParlaMint-BE-en, plenary session of 31-01-2019	2019-01-31	Lower house	Zittingperiode 54	-	Plenaire zitting 268 van 31-01-2019	-	-	Reference	English	Regular	notMP	Minister	-	-	-	-	DeCrooAlexander	De Croo, Alexander	M	1975	
ParlaMint-BE-en_2019-01-31-54-plenair-ip268x	ParlaMint-BE_2019-01-31-54-plenair-ip268x.u45	Belgian parliamentary corpus ParlaMint-BE-en, plenary session of 31-01-2019	2019-01-31	Lower house	Zittingperiode 54	-	Plenaire zitting 268 van 31-01-2019	-	-	Reference	English	Regular	MP	notMinister	PS	Parti Socialiste	Opposition	Centre-left to left	WinckelFabienne	Winckel, Fabienne	F	1975	
ParlaMint-BE-en_2019-01-31-54-plenair-ip268x	ParlaMint-BE_2019-01-31-54-plenair-ip268x.u46	Belgian parliamentary corpus ParlaMint-BE-en, plenary session of 31-01-2019	2019-01-31	Lower house	Zittingperiode 54	-	Plenaire zitting 268 van 31-01-2019	-	-	Reference	English	Regular	MP	notMinister	sp.a	Socialistische Partij Anders	Opposition	Centre-left	BonteHans	Bonte, Hans	M	1962	
ParlaMint-BE-en_2019-01-31-54-plenair-ip268x	ParlaMint-BE_2019-01-31-54-plenair-ip268x.u47	Belgian parliamentary corpus ParlaMint-BE-en, plenary session of 31-01-2019	2019-01-31	Lower house	Zittingperiode 54	-	Plenaire zitting 268 van 31-01-2019	-	-	Reference	English	Regular	notMP	Minister	-	-	-	-	DeCremPieter	De Crem, Pieter	M	1962	
ParlaMint-BE-en_2019-01-31-54-plenair-ip268x	ParlaMint-BE_2019-01-31-54-plenair-ip268x.u48	Belgian parliamentary corpus ParlaMint-BE-en, plenary session of 31-01-2019	2019-01-31	Lower house	Zittingperiode 54	-	Plenaire zitting 268 van 31-01-2019	-	-	Reference	English	Regular	MP	notMinister	sp.a	Socialistische Partij Anders	Opposition	Centre-left	BonteHans	Bonte, Hans	M	1962	
ParlaMint-BE-en_2019-01-31-54-plenair-ip268x	ParlaMint-BE_2019-01-31-54-plenair-ip268x.u49	Belgian parliamentary corpus ParlaMint-BE-en, plenary session of 31-01-2019	2019-01-31	Lower house	Zittingperiode 54	-	Plenaire zitting 268 van 31-01-2019	-	-	Reference	English	Regular	MP	notMinister	Open Vld	Open Vlaamse Liberalen en Democraten	Coalition	Centre-right	LijnenNele	Lijnen, Nele	F	1978	
ParlaMint-BE-en_2019-01-31-54-plenair-ip268x	ParlaMint-BE_2019-01-31-54-plenair-ip268x.u50	Belgian parliamentary corpus ParlaMint-BE-en, plenary session of 31-01-2019	2019-01-31	Lower house	Zittingperiode 54	-	Plenaire zitting 268 van 31-01-2019	-	-	Reference	English	Regular	MP	notMinister	CD&V	Christen-Democratisch en Vlaams	Coalition	Centre to centre-right	TerwingenRaf	Terwingen, Raf	M	1972	
ParlaMint-BE-en_2019-01-31-54-plenair-ip268x	ParlaMint-BE_2019-01-31-54-plenair-ip268x.u51	Belgian parliamentary corpus ParlaMint-BE-en, plenary session of 31-01-2019	2019-01-31	Lower house	Zittingperiode 54	-	Plenaire zitting 268 van 31-01-2019	-	-	Reference	English	Regular	notMP	Minister	-	-	-	-	GeensKoen	Geens, Koen	M	1958	
ParlaMint-BE-en_2019-01-31-54-plenair-ip268x	ParlaMint-BE_2019-01-31-54-plenair-ip268x.u52	Belgian parliamentary corpus ParlaMint-BE-en, plenary session of 31-01-2019	2019-01-31	Lower house	Zittingperiode 54	-	Plenaire zitting 268 van 31-01-2019	-	-	Reference	English	Regular	MP	notMinister	Open Vld	Open Vlaamse Liberalen en Democraten	Coalition	Centre-right	LijnenNele	Lijnen, Nele	F	1978	
ParlaMint-BE-en_2019-01-31-54-plenair-ip268x	ParlaMint-BE_2019-01-31-54-plenair-ip268x.u53	Belgian parliamentary corpus ParlaMint-BE-en, plenary session of 31-01-2019	2019-01-31	Lower house	Zittingperiode 54	-	Plenaire zitting 268 van 31-01-2019	-	-	Reference	English	Regular	MP	notMinister	CD&V	Christen-Democratisch en Vlaams	Coalition	Centre to centre-right	TerwingenRaf	Terwingen, Raf	M	1972	
ParlaMint-BE-en_2019-01-31-54-plenair-ip268x	ParlaMint-BE_2019-01-31-54-plenair-ip268x.u54	Belgian parliamentary corpus ParlaMint-BE-en, plenary session of 31-01-2019	2019-01-31	Lower house	Zittingperiode 54	-	Plenaire zitting 268 van 31-01-2019	-	-	Reference	English	Regular	MP	notMinister	MR	Mouvement Réformateur	Coalition	Centre-right	CalomneGautier	Calomne, Gautier	M	1980	
ParlaMint-BE-en_2019-01-31-54-plenair-ip268x	ParlaMint-BE_2019-01-31-54-plenair-ip268x.u55	Belgian parliamentary corpus ParlaMint-BE-en, plenary session of 31-01-2019	2019-01-31	Lower house	Zittingperiode 54	-	Plenaire zitting 268 van 31-01-2019	-	-	Reference	English	Regular	notMP	Minister	-	-	-	-	GeensKoen	Geens, Koen	M	1958	
ParlaMint-BE-en_2019-01-31-54-plenair-ip268x	ParlaMint-BE_2019-01-31-54-plenair-ip268x.u56	Belgian parliamentary corpus ParlaMint-BE-en, plenary session of 31-01-2019	2019-01-31	Lower house	Zittingperiode 54	-	Plenaire zitting 268 van 31-01-2019	-	-	Reference	English	Regular	MP	notMinister	MR	Mouvement Réformateur	Coalition	Centre-right	CalomneGautier	Calomne, Gautier	M	1980	
ParlaMint-BE-en_2019-01-31-54-plenair-ip268x	ParlaMint-BE_2019-01-31-54-plenair-ip268x.u57	Belgian parliamentary corpus ParlaMint-BE-en, plenary session of 31-01-2019	2019-01-31	Lower house	Zittingperiode 54	-	Plenaire zitting 268 van 31-01-2019	-	-	Reference	English	Regular	MP	notMinister	FDF	Fédéralistes Démocrates Francophones	-	Centre to centre-right	CaprasseVéronique	Caprasse, Véronique	F	1951	
ParlaMint-BE-en_2019-01-31-54-plenair-ip268x	ParlaMint-BE_2019-01-31-54-plenair-ip268x.u58	Belgian parliamentary corpus ParlaMint-BE-en, plenary session of 31-01-2019	2019-01-31	Lower house	Zittingperiode 54	-	Plenaire zitting 268 van 31-01-2019	-	-	Reference	English	Regular	MP	notMinister	N-VA	Nieuw-Vlaamse Alliantie	Opposition	Centre-right to right	VanPeelValerie	Van Peel, Valerie	F	1979	
ParlaMint-BE-en_2019-01-31-54-plenair-ip268x	ParlaMint-BE_2019-01-31-54-plenair-ip268x.u59	Belgian parliamentary corpus ParlaMint-BE-en, plenary session of 31-01-2019	2019-01-31	Lower house	Zittingperiode 54	-	Plenaire zitting 268 van 31-01-2019	-	-	Reference	English	Regular	notMP	Minister	-	-	-	-	DeBlockMaggie	De Block, Maggie	F	1962	
ParlaMint-BE-en_2019-01-31-54-plenair-ip268x	ParlaMint-BE_2019-01-31-54-plenair-ip268x.u60	Belgian parliamentary corpus ParlaMint-BE-en, plenary session of 31-01-2019	2019-01-31	Lower house	Zittingperiode 54	-	Plenaire zitting 268 van 31-01-2019	-	-	Reference	English	Regular	MP	notMinister	FDF	Fédéralistes Démocrates Francophones	-	Centre to centre-right	CaprasseVéronique	Caprasse, Véronique	F	1951	
ParlaMint-BE-en_2019-01-31-54-plenair-ip268x	ParlaMint-BE_2019-01-31-54-plenair-ip268x.u61	Belgian parliamentary corpus ParlaMint-BE-en, plenary session of 31-01-2019	2019-01-31	Lower house	Zittingperiode 54	-	Plenaire zitting 268 van 31-01-2019	-	-	Reference	English	Regular	MP	notMinister	MR	Mouvement Réformateur	Coalition	Centre-right	ThiéryDamien	Thiéry, Damien	M	1963	
ParlaMint-BE-en_2019-01-31-54-plenair-ip268x	ParlaMint-BE_2019-01-31-54-plenair-ip268x.u62	Belgian parliamentary corpus ParlaMint-BE-en, plenary session of 31-01-2019	2019-01-31	Lower house	Zittingperiode 54	-	Plenaire zitting 268 van 31-01-2019	-	-	Reference	English	Chairperson	MP	notMinister	N-VA	Nieuw-Vlaamse Alliantie	Opposition	Centre-right to right	BrackeSiegfried	Bracke, Siegfried	M	1953	
ParlaMint-BE-en_2019-01-31-54-plenair-ip268x	ParlaMint-BE_2019-01-31-54-plenair-ip268x.u63	Belgian parliamentary corpus ParlaMint-BE-en, plenary session of 31-01-2019	2019-01-31	Lower house	Zittingperiode 54	-	Plenaire zitting 268 van 31-01-2019	-	-	Reference	English	Regular	MP	notMinister	MR	Mouvement Réformateur	Coalition	Centre-right	ThiéryDamien	Thiéry, Damien	M	1963	
ParlaMint-BE-en_2019-01-31-54-plenair-ip268x	ParlaMint-BE_2019-01-31-54-plenair-ip268x.u64	Belgian parliamentary corpus ParlaMint-BE-en, plenary session of 31-01-2019	2019-01-31	Lower house	Zittingperiode 54	-	Plenaire zitting 268 van 31-01-2019	-	-	Reference	English	Chairperson	MP	notMinister	N-VA	Nieuw-Vlaamse Alliantie	Opposition	Centre-right to right	BrackeSiegfried	Bracke, Siegfried	M	1953	
ParlaMint-BE-en_2019-01-31-54-plenair-ip268x	ParlaMint-BE_2019-01-31-54-plenair-ip268x.u65	Belgian parliamentary corpus ParlaMint-BE-en, plenary session of 31-01-2019	2019-01-31	Lower house	Zittingperiode 54	-	Plenaire zitting 268 van 31-01-2019	-	-	Reference	English	Chairperson	MP	notMinister	N-VA	Nieuw-Vlaamse Alliantie	Opposition	Centre-right to right	BrackeSiegfried	Bracke, Siegfried	M	1953	
ParlaMint-BE-en_2019-01-31-54-plenair-ip268x	ParlaMint-BE_2019-01-31-54-plenair-ip268x.u66	Belgian parliamentary corpus ParlaMint-BE-en, plenary session of 31-01-2019	2019-01-31	Lower house	Zittingperiode 54	-	Plenaire zitting 268 van 31-01-2019	-	-	Reference	English	Regular	MP	notMinister	N-VA	Nieuw-Vlaamse Alliantie	Opposition	Centre-right to right	VanPeelValerie	Van Peel, Valerie	F	1979	
ParlaMint-BE-en_2019-01-31-54-plenair-ip268x	ParlaMint-BE_2019-01-31-54-plenair-ip268x.u67	Belgian parliamentary corpus ParlaMint-BE-en, plenary session of 31-01-2019	2019-01-31	Lower house	Zittingperiode 54	-	Plenaire zitting 268 van 31-01-2019	-	-	Reference	English	Regular	MP	notMinister	VB	Vlaams Belang	Opposition	Right to far-right	DewinterFilip	Dewinter, Filip	M	1962	
ParlaMint-BE-en_2019-01-31-54-plenair-ip268x	ParlaMint-BE_2019-01-31-54-plenair-ip268x.u68	Belgian parliamentary corpus ParlaMint-BE-en, plenary session of 31-01-2019	2019-01-31	Lower house	Zittingperiode 54	-	Plenaire zitting 268 van 31-01-2019	-	-	Reference	English	Regular	notMP	Minister	-	-	-	-	DeBlockMaggie	De Block, Maggie	F	1962	
ParlaMint-BE-en_2019-01-31-54-plenair-ip268x	ParlaMint-BE_2019-01-31-54-plenair-ip268x.u69	Belgian parliamentary corpus ParlaMint-BE-en, plenary session of 31-01-2019	2019-01-31	Lower house	Zittingperiode 54	-	Plenaire zitting 268 van 31-01-2019	-	-	Reference	English	Regular	MP	notMinister	VB	Vlaams Belang	Opposition	Right to far-right	DewinterFilip	Dewinter, Filip	M	1962	
ParlaMint-BE-en_2019-01-31-54-plenair-ip268x	ParlaMint-BE_2019-01-31-54-plenair-ip268x.u70	Belgian parliamentary corpus ParlaMint-BE-en, plenary session of 31-01-2019	2019-01-31	Lower house	Zittingperiode 54	-	Plenaire zitting 268 van 31-01-2019	-	-	Reference	English	Chairperson	MP	notMinister	N-VA	Nieuw-Vlaamse Alliantie	Opposition	Centre-right to right	BrackeSiegfried	Bracke, Siegfried	M	1953	
ParlaMint-BE-en_2019-01-31-54-plenair-ip268x	ParlaMint-BE_2019-01-31-54-plenair-ip268x.u71	Belgian parliamentary corpus ParlaMint-BE-en, plenary session of 31-01-2019	2019-01-31	Lower house	Zittingperiode 54	-	Plenaire zitting 268 van 31-01-2019	-	-	Reference	English	Chairperson	MP	notMinister	N-VA	Nieuw-Vlaamse Alliantie	Opposition	Centre-right to right	BrackeSiegfried	Bracke, Siegfried	M	1953	
ParlaMint-BE-en_2019-01-31-54-plenair-ip268x	ParlaMint-BE_2019-01-31-54-plenair-ip268x.u72	Belgian parliamentary corpus ParlaMint-BE-en, plenary session of 31-01-2019	2019-01-31	Lower house	Zittingperiode 54	-	Plenaire zitting 268 van 31-01-2019	-	-	Reference	English	Chairperson	MP	notMinister	N-VA	Nieuw-Vlaamse Alliantie	Opposition	Centre-right to right	BrackeSiegfried	Bracke, Siegfried	M	1953	
ParlaMint-BE-en_2019-01-31-54-plenair-ip268x	ParlaMint-BE_2019-01-31-54-plenair-ip268x.u73	Belgian parliamentary corpus ParlaMint-BE-en, plenary session of 31-01-2019	2019-01-31	Lower house	Zittingperiode 54	-	Plenaire zitting 268 van 31-01-2019	-	-	Reference	English	Chairperson	MP	notMinister	N-VA	Nieuw-Vlaamse Alliantie	Opposition	Centre-right to right	BrackeSiegfried	Bracke, Siegfried	M	1953	
ParlaMint-BE-en_2019-01-31-54-plenair-ip268x	ParlaMint-BE_2019-01-31-54-plenair-ip268x.u74	Belgian parliamentary corpus ParlaMint-BE-en, plenary session of 31-01-2019	2019-01-31	Lower house	Zittingperiode 54	-	Plenaire zitting 268 van 31-01-2019	-	-	Reference	English	Guest	MP	notMinister	sp.a	Socialistische Partij Anders	Opposition	Centre-left	CasierYouro	Casier, Youro	M	1968	
ParlaMint-BE-en_2019-01-31-54-plenair-ip268x	ParlaMint-BE_2019-01-31-54-plenair-ip268x.u75	Belgian parliamentary corpus ParlaMint-BE-en, plenary session of 31-01-2019	2019-01-31	Lower house	Zittingperiode 54	-	Plenaire zitting 268 van 31-01-2019	-	-	Reference	English	Chairperson	MP	notMinister	N-VA	Nieuw-Vlaamse Alliantie	Opposition	Centre-right to right	BrackeSiegfried	Bracke, Siegfried	M	1953	
ParlaMint-BE-en_2019-01-31-54-plenair-ip268x	ParlaMint-BE_2019-01-31-54-plenair-ip268x.u76	Belgian parliamentary corpus ParlaMint-BE-en, plenary session of 31-01-2019	2019-01-31	Lower house	Zittingperiode 54	-	Plenaire zitting 268 van 31-01-2019	-	-	Reference	English	Regular	MP	notMinister	CD&V	Christen-Democratisch en Vlaams	Coalition	Centre to centre-right	LanjriNahima	Lanjri, Nahima	F	1968	
ParlaMint-BE-en_2019-01-31-54-plenair-ip268x	ParlaMint-BE_2019-01-31-54-plenair-ip268x.u77	Belgian parliamentary corpus ParlaMint-BE-en, plenary session of 31-01-2019	2019-01-31	Lower house	Zittingperiode 54	-	Plenaire zitting 268 van 31-01-2019	-	-	Reference	English	Regular	MP	notMinister	N-VA	Nieuw-Vlaamse Alliantie	Opposition	Centre-right to right	WollantsBert	Wollants, Bert	M	1979	
ParlaMint-BE-en_2019-01-31-54-plenair-ip268x	ParlaMint-BE_2019-01-31-54-plenair-ip268x.u78	Belgian parliamentary corpus ParlaMint-BE-en, plenary session of 31-01-2019	2019-01-31	Lower house	Zittingperiode 54	-	Plenaire zitting 268 van 31-01-2019	-	-	Reference	English	Regular	MP	notMinister	PS	Parti Socialiste	Opposition	Centre-left to left	DelizéeJeanMarc	Delizée, Jean-Marc	M	1959	
ParlaMint-BE-en_2019-01-31-54-plenair-ip268x	ParlaMint-BE_2019-01-31-54-plenair-ip268x.u79	Belgian parliamentary corpus ParlaMint-BE-en, plenary session of 31-01-2019	2019-01-31	Lower house	Zittingperiode 54	-	Plenaire zitting 268 van 31-01-2019	-	-	Reference	English	Regular	MP	notMinister	MR	Mouvement Réformateur	Coalition	Centre-right	deCosterBauchauSybille	de Coster-Bauchau, Sybille	F	1953	
ParlaMint-BE-en_2019-01-31-54-plenair-ip268x	ParlaMint-BE_2019-01-31-54-plenair-ip268x.u80	Belgian parliamentary corpus ParlaMint-BE-en, plenary session of 31-01-2019	2019-01-31	Lower house	Zittingperiode 54	-	Plenaire zitting 268 van 31-01-2019	-	-	Reference	English	Regular	MP	notMinister	sp.a	Socialistische Partij Anders	Opposition	Centre-left	CasierYouro	Casier, Youro	M	1968	
ParlaMint-BE-en_2019-01-31-54-plenair-ip268x	ParlaMint-BE_2019-01-31-54-plenair-ip268x.u81	Belgian parliamentary corpus ParlaMint-BE-en, plenary session of 31-01-2019	2019-01-31	Lower house	Zittingperiode 54	-	Plenaire zitting 268 van 31-01-2019	-	-	Reference	English	Guest	MP	notMinister	cdH	Centre démocrate humaniste	Opposition	Centre to centre-right	deLamotteMichel	de Lamotte, Michel	M	1955	
ParlaMint-BE-en_2019-01-31-54-plenair-ip268x	ParlaMint-BE_2019-01-31-54-plenair-ip268x.u82	Belgian parliamentary corpus ParlaMint-BE-en, plenary session of 31-01-2019	2019-01-31	Lower house	Zittingperiode 54	-	Plenaire zitting 268 van 31-01-2019	-	-	Reference	English	Chairperson	MP	notMinister	N-VA	Nieuw-Vlaamse Alliantie	Opposition	Centre-right to right	BrackeSiegfried	Bracke, Siegfried	M	1953	
ParlaMint-BE-en_2019-01-31-54-plenair-ip268x	ParlaMint-BE_2019-01-31-54-plenair-ip268x.u83	Belgian parliamentary corpus ParlaMint-BE-en, plenary session of 31-01-2019	2019-01-31	Lower house	Zittingperiode 54	-	Plenaire zitting 268 van 31-01-2019	-	-	Reference	English	Chairperson	MP	notMinister	N-VA	Nieuw-Vlaamse Alliantie	Opposition	Centre-right to right	BrackeSiegfried	Bracke, Siegfried	M	1953	
ParlaMint-BE-en_2019-01-31-54-plenair-ip268x	ParlaMint-BE_2019-01-31-54-plenair-ip268x.u84	Belgian parliamentary corpus ParlaMint-BE-en, plenary session of 31-01-2019	2019-01-31	Lower house	Zittingperiode 54	-	Plenaire zitting 268 van 31-01-2019	-	-	Reference	English	Chairperson	MP	notMinister	N-VA	Nieuw-Vlaamse Alliantie	Opposition	Centre-right to right	BrackeSiegfried	Bracke, Siegfried	M	1953	
ParlaMint-BE-en_2019-01-31-54-plenair-ip268x	ParlaMint-BE_2019-01-31-54-plenair-ip268x.u85	Belgian parliamentary corpus ParlaMint-BE-en, plenary session of 31-01-2019	2019-01-31	Lower house	Zittingperiode 54	-	Plenaire zitting 268 van 31-01-2019	-	-	Reference	English	Chairperson	MP	notMinister	N-VA	Nieuw-Vlaamse Alliantie	Opposition	Centre-right to right	BrackeSiegfried	Bracke, Siegfried	M	1953	
ParlaMint-BE-en_2019-01-31-54-plenair-ip268x	ParlaMint-BE_2019-01-31-54-plenair-ip268x.u86	Belgian parliamentary corpus ParlaMint-BE-en, plenary session of 31-01-2019	2019-01-31	Lower house	Zittingperiode 54	-	Plenaire zitting 268 van 31-01-2019	-	-	Reference	English	Guest	MP	notMinister	MR	Mouvement Réformateur	Coalition	Centre-right	FlahauxJeanJacques	Flahaux, Jean-Jacques	M	1955	
ParlaMint-BE-en_2019-01-31-54-plenair-ip268x	ParlaMint-BE_2019-01-31-54-plenair-ip268x.u87	Belgian parliamentary corpus ParlaMint-BE-en, plenary session of 31-01-2019	2019-01-31	Lower house	Zittingperiode 54	-	Plenaire zitting 268 van 31-01-2019	-	-	Reference	English	Chairperson	MP	notMinister	N-VA	Nieuw-Vlaamse Alliantie	Opposition	Centre-right to right	BrackeSiegfried	Bracke, Siegfried	M	1953	
ParlaMint-BE-en_2019-01-31-54-plenair-ip268x	ParlaMint-BE_2019-01-31-54-plenair-ip268x.u88	Belgian parliamentary corpus ParlaMint-BE-en, plenary session of 31-01-2019	2019-01-31	Lower house	Zittingperiode 54	-	Plenaire zitting 268 van 31-01-2019	-	-	Reference	English	Chairperson	MP	notMinister	N-VA	Nieuw-Vlaamse Alliantie	Opposition	Centre-right to right	BrackeSiegfried	Bracke, Siegfried	M	1953	
ParlaMint-BE-en_2019-01-31-54-plenair-ip268x	ParlaMint-BE_2019-01-31-54-plenair-ip268x.u89	Belgian parliamentary corpus ParlaMint-BE-en, plenary session of 31-01-2019	2019-01-31	Lower house	Zittingperiode 54	-	Plenaire zitting 268 van 31-01-2019	-	-	Reference	English	Chairperson	MP	notMinister	N-VA	Nieuw-Vlaamse Alliantie	Opposition	Centre-right to right	BrackeSiegfried	Bracke, Siegfried	M	1953	
ParlaMint-BE-en_2019-01-31-54-plenair-ip268x	ParlaMint-BE_2019-01-31-54-plenair-ip268x.u90	Belgian parliamentary corpus ParlaMint-BE-en, plenary session of 31-01-2019	2019-01-31	Lower house	Zittingperiode 54	-	Plenaire zitting 268 van 31-01-2019	-	-	Reference	English	Chairperson	MP	notMinister	N-VA	Nieuw-Vlaamse Alliantie	Opposition	Centre-right to right	BrackeSiegfried	Bracke, Siegfried	M	1953	
ParlaMint-BE-en_2019-01-31-54-plenair-ip268x	ParlaMint-BE_2019-01-31-54-plenair-ip268x.u91	Belgian parliamentary corpus ParlaMint-BE-en, plenary session of 31-01-2019	2019-01-31	Lower house	Zittingperiode 54	-	Plenaire zitting 268 van 31-01-2019	-	-	Reference	English	Regular	MP	notMinister	cdH	Centre démocrate humaniste	Opposition	Centre to centre-right	DallemagneGeorges	Dallemagne, Georges	M	1958	
ParlaMint-BE-en_2019-01-31-54-plenair-ip268x	ParlaMint-BE_2019-01-31-54-plenair-ip268x.u92	Belgian parliamentary corpus ParlaMint-BE-en, plenary session of 31-01-2019	2019-01-31	Lower house	Zittingperiode 54	-	Plenaire zitting 268 van 31-01-2019	-	-	Reference	English	Regular	MP	notMinister	sp.a	Socialistische Partij Anders	Opposition	Centre-left	VanderMaelenDirk	Van der Maelen, Dirk	M	1953	
ParlaMint-BE-en_2019-01-31-54-plenair-ip268x	ParlaMint-BE_2019-01-31-54-plenair-ip268x.u93	Belgian parliamentary corpus ParlaMint-BE-en, plenary session of 31-01-2019	2019-01-31	Lower house	Zittingperiode 54	-	Plenaire zitting 268 van 31-01-2019	-	-	Reference	English	Regular	MP	notMinister	MR	Mouvement Réformateur	Coalition	Centre-right	FlahauxJeanJacques	Flahaux, Jean-Jacques	M	1955	
ParlaMint-BE-en_2019-01-31-54-plenair-ip268x	ParlaMint-BE_2019-01-31-54-plenair-ip268x.u94	Belgian parliamentary corpus ParlaMint-BE-en, plenary session of 31-01-2019	2019-01-31	Lower house	Zittingperiode 54	-	Plenaire zitting 268 van 31-01-2019	-	-	Reference	English	Regular	notMP	Minister	-	-	-	-	BacquelaineDaniel	Bacquelaine, Daniel	M	1952	
ParlaMint-BE-en_2019-01-31-54-plenair-ip268x	ParlaMint-BE_2019-01-31-54-plenair-ip268x.u95	Belgian parliamentary corpus ParlaMint-BE-en, plenary session of 31-01-2019	2019-01-31	Lower house	Zittingperiode 54	-	Plenaire zitting 268 van 31-01-2019	-	-	Reference	English	Regular	MP	notMinister	cdH	Centre démocrate humaniste	Opposition	Centre to centre-right	DallemagneGeorges	Dallemagne, Georges	M	1958	
ParlaMint-BE-en_2019-01-31-54-plenair-ip268x	ParlaMint-BE_2019-01-31-54-plenair-ip268x.u96	Belgian parliamentary corpus ParlaMint-BE-en, plenary session of 31-01-2019	2019-01-31	Lower house	Zittingperiode 54	-	Plenaire zitting 268 van 31-01-2019	-	-	Reference	English	Regular	notMP	Minister	-	-	-	-	BacquelaineDaniel	Bacquelaine, Daniel	M	1952	
ParlaMint-BE-en_2019-01-31-54-plenair-ip268x	ParlaMint-BE_2019-01-31-54-plenair-ip268x.u97	Belgian parliamentary corpus ParlaMint-BE-en, plenary session of 31-01-2019	2019-01-31	Lower house	Zittingperiode 54	-	Plenaire zitting 268 van 31-01-2019	-	-	Reference	English	Chairperson	MP	notMinister	N-VA	Nieuw-Vlaamse Alliantie	Opposition	Centre-right to right	BrackeSiegfried	Bracke, Siegfried	M	1953	
ParlaMint-BE-en_2019-01-31-54-plenair-ip268x	ParlaMint-BE_2019-01-31-54-plenair-ip268x.u98	Belgian parliamentary corpus ParlaMint-BE-en, plenary session of 31-01-2019	2019-01-31	Lower house	Zittingperiode 54	-	Plenaire zitting 268 van 31-01-2019	-	-	Reference	English	Chairperson	MP	notMinister	N-VA	Nieuw-Vlaamse Alliantie	Opposition	Centre-right to right	BrackeSiegfried	Bracke, Siegfried	M	1953	
ParlaMint-BE-en_2019-01-31-54-plenair-ip268x	ParlaMint-BE_2019-01-31-54-plenair-ip268x.u99	Belgian parliamentary corpus ParlaMint-BE-en, plenary session of 31-01-2019	2019-01-31	Lower house	Zittingperiode 54	-	Plenaire zitting 268 van 31-01-2019	-	-	Reference	English	Chairperson	MP	notMinister	N-VA	Nieuw-Vlaamse Alliantie	Opposition	Centre-right to right	BrackeSiegfried	Bracke, Siegfried	M	1953	
ParlaMint-BE-en_2019-01-31-54-plenair-ip268x	ParlaMint-BE_2019-01-31-54-plenair-ip268x.u100	Belgian parliamentary corpus ParlaMint-BE-en, plenary session of 31-01-2019	2019-01-31	Lower house	Zittingperiode 54	-	Plenaire zitting 268 van 31-01-2019	-	-	Reference	English	Chairperson	MP	notMinister	N-VA	Nieuw-Vlaamse Alliantie	Opposition	Centre-right to right	BrackeSiegfried	Bracke, Siegfried	M	1953	
ParlaMint-BE-en_2019-01-31-54-plenair-ip268x	ParlaMint-BE_2019-01-31-54-plenair-ip268x.u101	Belgian parliamentary corpus ParlaMint-BE-en, plenary session of 31-01-2019	2019-01-31	Lower house	Zittingperiode 54	-	Plenaire zitting 268 van 31-01-2019	-	-	Reference	English	Regular	MP	notMinister	cdH	Centre démocrate humaniste	Opposition	Centre to centre-right	DallemagneGeorges	Dallemagne, Georges	M	1958	
ParlaMint-BE-en_2019-01-31-54-plenair-ip268x	ParlaMint-BE_2019-01-31-54-plenair-ip268x.u102	Belgian parliamentary corpus ParlaMint-BE-en, plenary session of 31-01-2019	2019-01-31	Lower house	Zittingperiode 54	-	Plenaire zitting 268 van 31-01-2019	-	-	Reference	English	Regular	MP	notMinister	MR	Mouvement Réformateur	Coalition	Centre-right	FlahauxJeanJacques	Flahaux, Jean-Jacques	M	1955	
ParlaMint-BE-en_2019-01-31-54-plenair-ip268x	ParlaMint-BE_2019-01-31-54-plenair-ip268x.u103	Belgian parliamentary corpus ParlaMint-BE-en, plenary session of 31-01-2019	2019-01-31	Lower house	Zittingperiode 54	-	Plenaire zitting 268 van 31-01-2019	-	-	Reference	English	Chairperson	MP	notMinister	N-VA	Nieuw-Vlaamse Alliantie	Opposition	Centre-right to right	BrackeSiegfried	Bracke, Siegfried	M	1953	
ParlaMint-BE-en_2019-01-31-54-plenair-ip268x	ParlaMint-BE_2019-01-31-54-plenair-ip268x.u104	Belgian parliamentary corpus ParlaMint-BE-en, plenary session of 31-01-2019	2019-01-31	Lower house	Zittingperiode 54	-	Plenaire zitting 268 van 31-01-2019	-	-	Reference	English	Chairperson	MP	notMinister	N-VA	Nieuw-Vlaamse Alliantie	Opposition	Centre-right to right	BrackeSiegfried	Bracke, Siegfried	M	1953	
ParlaMint-BE-en_2019-01-31-54-plenair-ip268x	ParlaMint-BE_2019-01-31-54-plenair-ip268x.u105	Belgian parliamentary corpus ParlaMint-BE-en, plenary session of 31-01-2019	2019-01-31	Lower house	Zittingperiode 54	-	Plenaire zitting 268 van 31-01-2019	-	-	Reference	English	Chairperson	MP	notMinister	N-VA	Nieuw-Vlaamse Alliantie	Opposition	Centre-right to right	BrackeSiegfried	Bracke, Siegfried	M	1953	
ParlaMint-BE-en_2019-01-31-54-plenair-ip268x	ParlaMint-BE_2019-01-31-54-plenair-ip268x.u106	Belgian parliamentary corpus ParlaMint-BE-en, plenary session of 31-01-2019	2019-01-31	Lower house	Zittingperiode 54	-	Plenaire zitting 268 van 31-01-2019	-	-	Reference	English	Chairperson	MP	notMinister	N-VA	Nieuw-Vlaamse Alliantie	Opposition	Centre-right to right	BrackeSiegfried	Bracke, Siegfried	M	1953	
ParlaMint-BE-en_2019-01-31-54-plenair-ip268x	ParlaMint-BE_2019-01-31-54-plenair-ip268x.u107	Belgian parliamentary corpus ParlaMint-BE-en, plenary session of 31-01-2019	2019-01-31	Lower house	Zittingperiode 54	-	Plenaire zitting 268 van 31-01-2019	-	-	Reference	English	Guest	MP	notMinister	MR	Mouvement Réformateur	Coalition	Centre-right	MillerRichard	Miller, Richard	M	1954	
ParlaMint-BE-en_2019-01-31-54-plenair-ip268x	ParlaMint-BE_2019-01-31-54-plenair-ip268x.u108	Belgian parliamentary corpus ParlaMint-BE-en, plenary session of 31-01-2019	2019-01-31	Lower house	Zittingperiode 54	-	Plenaire zitting 268 van 31-01-2019	-	-	Reference	English	Chairperson	MP	notMinister	N-VA	Nieuw-Vlaamse Alliantie	Opposition	Centre-right to right	BrackeSiegfried	Bracke, Siegfried	M	1953	
ParlaMint-BE-en_2019-01-31-54-plenair-ip268x	ParlaMint-BE_2019-01-31-54-plenair-ip268x.u109	Belgian parliamentary corpus ParlaMint-BE-en, plenary session of 31-01-2019	2019-01-31	Lower house	Zittingperiode 54	-	Plenaire zitting 268 van 31-01-2019	-	-	Reference	English	Regular	MP	notMinister	MR	Mouvement Réformateur	Coalition	Centre-right	MillerRichard	Miller, Richard	M	1954	
ParlaMint-BE-en_2019-01-31-54-plenair-ip268x	ParlaMint-BE_2019-01-31-54-plenair-ip268x.u110	Belgian parliamentary corpus ParlaMint-BE-en, plenary session of 31-01-2019	2019-01-31	Lower house	Zittingperiode 54	-	Plenaire zitting 268 van 31-01-2019	-	-	Reference	English	Chairperson	MP	notMinister	N-VA	Nieuw-Vlaamse Alliantie	Opposition	Centre-right to right	BrackeSiegfried	Bracke, Siegfried	M	1953	
ParlaMint-BE-en_2019-01-31-54-plenair-ip268x	ParlaMint-BE_2019-01-31-54-plenair-ip268x.u111	Belgian parliamentary corpus ParlaMint-BE-en, plenary session of 31-01-2019	2019-01-31	Lower house	Zittingperiode 54	-	Plenaire zitting 268 van 31-01-2019	-	-	Reference	English	Chairperson	MP	notMinister	N-VA	Nieuw-Vlaamse Alliantie	Opposition	Centre-right to right	BrackeSiegfried	Bracke, Siegfried	M	1953	
ParlaMint-BE-en_2019-01-31-54-plenair-ip268x	ParlaMint-BE_2019-01-31-54-plenair-ip268x.u112	Belgian parliamentary corpus ParlaMint-BE-en, plenary session of 31-01-2019	2019-01-31	Lower house	Zittingperiode 54	-	Plenaire zitting 268 van 31-01-2019	-	-	Reference	English	Chairperson	MP	notMinister	N-VA	Nieuw-Vlaamse Alliantie	Opposition	Centre-right to right	BrackeSiegfried	Bracke, Siegfried	M	1953	
ParlaMint-BE-en_2019-01-31-54-plenair-ip268x	ParlaMint-BE_2019-01-31-54-plenair-ip268x.u113	Belgian parliamentary corpus ParlaMint-BE-en, plenary session of 31-01-2019	2019-01-31	Lower house	Zittingperiode 54	-	Plenaire zitting 268 van 31-01-2019	-	-	Reference	English	Chairperson	MP	notMinister	N-VA	Nieuw-Vlaamse Alliantie	Opposition	Centre-right to right	BrackeSiegfried	Bracke, Siegfried	M	1953	
ParlaMint-BE-en_2019-01-31-54-plenair-ip268x	ParlaMint-BE_2019-01-31-54-plenair-ip268x.u114	Belgian parliamentary corpus ParlaMint-BE-en, plenary session of 31-01-2019	2019-01-31	Lower house	Zittingperiode 54	-	Plenaire zitting 268 van 31-01-2019	-	-	Reference	English	Guest	MP	notMinister	MR	Mouvement Réformateur	Coalition	Centre-right	MillerRichard	Miller, Richard	M	1954	
ParlaMint-BE-en_2019-01-31-54-plenair-ip268x	ParlaMint-BE_2019-01-31-54-plenair-ip268x.u115	Belgian parliamentary corpus ParlaMint-BE-en, plenary session of 31-01-2019	2019-01-31	Lower house	Zittingperiode 54	-	Plenaire zitting 268 van 31-01-2019	-	-	Reference	English	Regular	MP	notMinister	PS	Parti Socialiste	Opposition	Centre-left to left	FernandezFernandezJulie	Fernandez Fernandez, Julie	F	1972	
ParlaMint-BE-en_2019-01-31-54-plenair-ip268x	ParlaMint-BE_2019-01-31-54-plenair-ip268x.u116	Belgian parliamentary corpus ParlaMint-BE-en, plenary session of 31-01-2019	2019-01-31	Lower house	Zittingperiode 54	-	Plenaire zitting 268 van 31-01-2019	-	-	Reference	English	Regular	MP	notMinister	MR	Mouvement Réformateur	Coalition	Centre-right	MillerRichard	Miller, Richard	M	1954	
ParlaMint-BE-en_2019-01-31-54-plenair-ip268x	ParlaMint-BE_2019-01-31-54-plenair-ip268x.u117	Belgian parliamentary corpus ParlaMint-BE-en, plenary session of 31-01-2019	2019-01-31	Lower house	Zittingperiode 54	-	Plenaire zitting 268 van 31-01-2019	-	-	Reference	English	Regular	MP	notMinister	PS	Parti Socialiste	Opposition	Centre-left to left	FernandezFernandezJulie	Fernandez Fernandez, Julie	F	1972	
ParlaMint-BE-en_2019-01-31-54-plenair-ip268x	ParlaMint-BE_2019-01-31-54-plenair-ip268x.u118	Belgian parliamentary corpus ParlaMint-BE-en, plenary session of 31-01-2019	2019-01-31	Lower house	Zittingperiode 54	-	Plenaire zitting 268 van 31-01-2019	-	-	Reference	English	Regular	MP	notMinister	N-VA	Nieuw-Vlaamse Alliantie	Opposition	Centre-right to right	BuysroggePeter	Buysrogge, Peter	M	1976	
ParlaMint-BE-en_2019-01-31-54-plenair-ip268x	ParlaMint-BE_2019-01-31-54-plenair-ip268x.u119	Belgian parliamentary corpus ParlaMint-BE-en, plenary session of 31-01-2019	2019-01-31	Lower house	Zittingperiode 54	-	Plenaire zitting 268 van 31-01-2019	-	-	Reference	English	Regular	MP	notMinister	PS	Parti Socialiste	Opposition	Centre-left to left	FernandezFernandezJulie	Fernandez Fernandez, Julie	F	1972	
ParlaMint-BE-en_2019-01-31-54-plenair-ip268x	ParlaMint-BE_2019-01-31-54-plenair-ip268x.u120	Belgian parliamentary corpus ParlaMint-BE-en, plenary session of 31-01-2019	2019-01-31	Lower house	Zittingperiode 54	-	Plenaire zitting 268 van 31-01-2019	-	-	Reference	English	Regular	MP	notMinister	cdH	Centre démocrate humaniste	Opposition	Centre to centre-right	DallemagneGeorges	Dallemagne, Georges	M	1958	
ParlaMint-BE-en_2019-01-31-54-plenair-ip268x	ParlaMint-BE_2019-01-31-54-plenair-ip268x.u121	Belgian parliamentary corpus ParlaMint-BE-en, plenary session of 31-01-2019	2019-01-31	Lower house	Zittingperiode 54	-	Plenaire zitting 268 van 31-01-2019	-	-	Reference	English	Regular	MP	notMinister	sp.a	Socialistische Partij Anders	Opposition	Centre-left	TopAlain	Top, Alain	M	1965	
ParlaMint-BE-en_2019-01-31-54-plenair-ip268x	ParlaMint-BE_2019-01-31-54-plenair-ip268x.u122	Belgian parliamentary corpus ParlaMint-BE-en, plenary session of 31-01-2019	2019-01-31	Lower house	Zittingperiode 54	-	Plenaire zitting 268 van 31-01-2019	-	-	Reference	English	Regular	MP	notMinister	Open Vld	Open Vlaamse Liberalen en Democraten	Coalition	Centre-right	VandenputTim	Vandenput, Tim	M	1971	
ParlaMint-BE-en_2019-01-31-54-plenair-ip268x	ParlaMint-BE_2019-01-31-54-plenair-ip268x.u123	Belgian parliamentary corpus ParlaMint-BE-en, plenary session of 31-01-2019	2019-01-31	Lower house	Zittingperiode 54	-	Plenaire zitting 268 van 31-01-2019	-	-	Reference	English	Regular	MP	notMinister	sp.a	Socialistische Partij Anders	Opposition	Centre-left	TopAlain	Top, Alain	M	1965	
ParlaMint-BE-en_2019-01-31-54-plenair-ip268x	ParlaMint-BE_2019-01-31-54-plenair-ip268x.u124	Belgian parliamentary corpus ParlaMint-BE-en, plenary session of 31-01-2019	2019-01-31	Lower house	Zittingperiode 54	-	Plenaire zitting 268 van 31-01-2019	-	-	Reference	English	Regular	notMP	Minister	-	-	-	-	BacquelaineDaniel	Bacquelaine, Daniel	M	1952	
ParlaMint-BE-en_2019-01-31-54-plenair-ip268x	ParlaMint-BE_2019-01-31-54-plenair-ip268x.u125	Belgian parliamentary corpus ParlaMint-BE-en, plenary session of 31-01-2019	2019-01-31	Lower house	Zittingperiode 54	-	Plenaire zitting 268 van 31-01-2019	-	-	Reference	English	Chairperson	MP	notMinister	N-VA	Nieuw-Vlaamse Alliantie	Opposition	Centre-right to right	BrackeSiegfried	Bracke, Siegfried	M	1953	
ParlaMint-BE-en_2019-01-31-54-plenair-ip268x	ParlaMint-BE_2019-01-31-54-plenair-ip268x.u126	Belgian parliamentary corpus ParlaMint-BE-en, plenary session of 31-01-2019	2019-01-31	Lower house	Zittingperiode 54	-	Plenaire zitting 268 van 31-01-2019	-	-	Reference	English	Chairperson	MP	notMinister	N-VA	Nieuw-Vlaamse Alliantie	Opposition	Centre-right to right	BrackeSiegfried	Bracke, Siegfried	M	1953	
ParlaMint-BE-en_2019-01-31-54-plenair-ip268x	ParlaMint-BE_2019-01-31-54-plenair-ip268x.u127	Belgian parliamentary corpus ParlaMint-BE-en, plenary session of 31-01-2019	2019-01-31	Lower house	Zittingperiode 54	-	Plenaire zitting 268 van 31-01-2019	-	-	Reference	English	Chairperson	MP	notMinister	N-VA	Nieuw-Vlaamse Alliantie	Opposition	Centre-right to right	BrackeSiegfried	Bracke, Siegfried	M	1953	
ParlaMint-BE-en_2019-01-31-54-plenair-ip268x	ParlaMint-BE_2019-01-31-54-plenair-ip268x.u128	Belgian parliamentary corpus ParlaMint-BE-en, plenary session of 31-01-2019	2019-01-31	Lower house	Zittingperiode 54	-	Plenaire zitting 268 van 31-01-2019	-	-	Reference	English	Chairperson	MP	notMinister	N-VA	Nieuw-Vlaamse Alliantie	Opposition	Centre-right to right	BrackeSiegfried	Bracke, Siegfried	M	1953	
ParlaMint-BE-en_2019-01-31-54-plenair-ip268x	ParlaMint-BE_2019-01-31-54-plenair-ip268x.u129	Belgian parliamentary corpus ParlaMint-BE-en, plenary session of 31-01-2019	2019-01-31	Lower house	Zittingperiode 54	-	Plenaire zitting 268 van 31-01-2019	-	-	Reference	English	Guest	MP	notMinister	Ecolo	Ecologistes Confédérés pour l'Organisation de Luttes Originales	Opposition	Centre-left to left	CheronMarcel	Cheron, Marcel	M	1957	
ParlaMint-BE-en_2019-01-31-54-plenair-ip268x	ParlaMint-BE_2019-01-31-54-plenair-ip268x.u130	Belgian parliamentary corpus ParlaMint-BE-en, plenary session of 31-01-2019	2019-01-31	Lower house	Zittingperiode 54	-	Plenaire zitting 268 van 31-01-2019	-	-	Reference	English	Regular	MP	notMinister	MR	Mouvement Réformateur	Coalition	Centre-right	FlahauxJeanJacques	Flahaux, Jean-Jacques	M	1955	
ParlaMint-BE-en_2019-01-31-54-plenair-ip268x	ParlaMint-BE_2019-01-31-54-plenair-ip268x.u131	Belgian parliamentary corpus ParlaMint-BE-en, plenary session of 31-01-2019	2019-01-31	Lower house	Zittingperiode 54	-	Plenaire zitting 268 van 31-01-2019	-	-	Reference	English	Regular	MP	notMinister	PS	Parti Socialiste	Opposition	Centre-left to left	LalieuxKarine	Lalieux, Karine	F	1964	
ParlaMint-BE-en_2019-01-31-54-plenair-ip268x	ParlaMint-BE_2019-01-31-54-plenair-ip268x.u132	Belgian parliamentary corpus ParlaMint-BE-en, plenary session of 31-01-2019	2019-01-31	Lower house	Zittingperiode 54	-	Plenaire zitting 268 van 31-01-2019	-	-	Reference	English	Regular	MP	notMinister	MR	Mouvement Réformateur	Coalition	Centre-right	FlahauxJeanJacques	Flahaux, Jean-Jacques	M	1955	
ParlaMint-BE-en_2019-01-31-54-plenair-ip268x	ParlaMint-BE_2019-01-31-54-plenair-ip268x.u133	Belgian parliamentary corpus ParlaMint-BE-en, plenary session of 31-01-2019	2019-01-31	Lower house	Zittingperiode 54	-	Plenaire zitting 268 van 31-01-2019	-	-	Reference	English	Regular	MP	notMinister	PS	Parti Socialiste	Opposition	Centre-left to left	LalieuxKarine	Lalieux, Karine	F	1964	
ParlaMint-BE-en_2019-01-31-54-plenair-ip268x	ParlaMint-BE_2019-01-31-54-plenair-ip268x.u134	Belgian parliamentary corpus ParlaMint-BE-en, plenary session of 31-01-2019	2019-01-31	Lower house	Zittingperiode 54	-	Plenaire zitting 268 van 31-01-2019	-	-	Reference	English	Regular	notMP	Minister	-	-	-	-	BellotFrançois	Bellot, François	M	1954	
ParlaMint-BE-en_2019-01-31-54-plenair-ip268x	ParlaMint-BE_2019-01-31-54-plenair-ip268x.u135	Belgian parliamentary corpus ParlaMint-BE-en, plenary session of 31-01-2019	2019-01-31	Lower house	Zittingperiode 54	-	Plenaire zitting 268 van 31-01-2019	-	-	Reference	English	Chairperson	MP	notMinister	N-VA	Nieuw-Vlaamse Alliantie	Opposition	Centre-right to right	BrackeSiegfried	Bracke, Siegfried	M	1953	
ParlaMint-BE-en_2019-01-31-54-plenair-ip268x	ParlaMint-BE_2019-01-31-54-plenair-ip268x.u136	Belgian parliamentary corpus ParlaMint-BE-en, plenary session of 31-01-2019	2019-01-31	Lower house	Zittingperiode 54	-	Plenaire zitting 268 van 31-01-2019	-	-	Reference	English	Chairperson	MP	notMinister	N-VA	Nieuw-Vlaamse Alliantie	Opposition	Centre-right to right	BrackeSiegfried	Bracke, Siegfried	M	1953	
ParlaMint-BE-en_2019-01-31-54-plenair-ip268x	ParlaMint-BE_2019-01-31-54-plenair-ip268x.u137	Belgian parliamentary corpus ParlaMint-BE-en, plenary session of 31-01-2019	2019-01-31	Lower house	Zittingperiode 54	-	Plenaire zitting 268 van 31-01-2019	-	-	Reference	English	Chairperson	MP	notMinister	N-VA	Nieuw-Vlaamse Alliantie	Opposition	Centre-right to right	BrackeSiegfried	Bracke, Siegfried	M	1953	
ParlaMint-BE-en_2019-01-31-54-plenair-ip268x	ParlaMint-BE_2019-01-31-54-plenair-ip268x.u138	Belgian parliamentary corpus ParlaMint-BE-en, plenary session of 31-01-2019	2019-01-31	Lower house	Zittingperiode 54	-	Plenaire zitting 268 van 31-01-2019	-	-	Reference	English	Chairperson	MP	notMinister	N-VA	Nieuw-Vlaamse Alliantie	Opposition	Centre-right to right	BrackeSiegfried	Bracke, Siegfried	M	1953	
ParlaMint-BE-en_2019-01-31-54-plenair-ip268x	ParlaMint-BE_2019-01-31-54-plenair-ip268x.u139	Belgian parliamentary corpus ParlaMint-BE-en, plenary session of 31-01-2019	2019-01-31	Lower house	Zittingperiode 54	-	Plenaire zitting 268 van 31-01-2019	-	-	Reference	English	Chairperson	MP	notMinister	N-VA	Nieuw-Vlaamse Alliantie	Opposition	Centre-right to right	BrackeSiegfried	Bracke, Siegfried	M	1953	
ParlaMint-BE-en_2019-01-31-54-plenair-ip268x	ParlaMint-BE_2019-01-31-54-plenair-ip268x.u140	Belgian parliamentary corpus ParlaMint-BE-en, plenary session of 31-01-2019	2019-01-31	Lower house	Zittingperiode 54	-	Plenaire zitting 268 van 31-01-2019	-	-	Reference	English	Regular	MP	notMinister	MR	Mouvement Réformateur	Coalition	Centre-right	PiedboeufBenoît	Piedboeuf, Benoît	M	1959	
ParlaMint-BE-en_2019-01-31-54-plenair-ip268x	ParlaMint-BE_2019-01-31-54-plenair-ip268x.u141	Belgian parliamentary corpus ParlaMint-BE-en, plenary session of 31-01-2019	2019-01-31	Lower house	Zittingperiode 54	-	Plenaire zitting 268 van 31-01-2019	-	-	Reference	English	Regular	MP	notMinister	CD&V	Christen-Democratisch en Vlaams	Coalition	Centre to centre-right	VanRompuyEric	Van Rompuy, Eric	M	1949	
ParlaMint-BE-en_2019-01-31-54-plenair-ip268x	ParlaMint-BE_2019-01-31-54-plenair-ip268x.u142	Belgian parliamentary corpus ParlaMint-BE-en, plenary session of 31-01-2019	2019-01-31	Lower house	Zittingperiode 54	-	Plenaire zitting 268 van 31-01-2019	-	-	Reference	English	Regular	MP	notMinister	sp.a	Socialistische Partij Anders	Opposition	Centre-left	VanvelthovenPeter	Vanvelthoven, Peter	M	1962	
ParlaMint-BE-en_2019-01-31-54-plenair-ip268x	ParlaMint-BE_2019-01-31-54-plenair-ip268x.u143	Belgian parliamentary corpus ParlaMint-BE-en, plenary session of 31-01-2019	2019-01-31	Lower house	Zittingperiode 54	-	Plenaire zitting 268 van 31-01-2019	-	-	Reference	English	Regular	MP	notMinister	Ecolo	Ecologistes Confédérés pour l'Organisation de Luttes Originales	Opposition	Centre-left to left	GilkinetGeorges	Gilkinet, Georges	M	1971	
ParlaMint-BE-en_2019-01-31-54-plenair-ip268x	ParlaMint-BE_2019-01-31-54-plenair-ip268x.u144	Belgian parliamentary corpus ParlaMint-BE-en, plenary session of 31-01-2019	2019-01-31	Lower house	Zittingperiode 54	-	Plenaire zitting 268 van 31-01-2019	-	-	Reference	English	Regular	MP	notMinister	CD&V	Christen-Democratisch en Vlaams	Coalition	Centre to centre-right	SmaersGriet	Smaers, Griet	F	1977	
ParlaMint-BE-en_2019-01-31-54-plenair-ip268x	ParlaMint-BE_2019-01-31-54-plenair-ip268x.u145	Belgian parliamentary corpus ParlaMint-BE-en, plenary session of 31-01-2019	2019-01-31	Lower house	Zittingperiode 54	-	Plenaire zitting 268 van 31-01-2019	-	-	Reference	English	Regular	MP	notMinister	sp.a	Socialistische Partij Anders	Opposition	Centre-left	VanvelthovenPeter	Vanvelthoven, Peter	M	1962	
ParlaMint-BE-en_2019-01-31-54-plenair-ip268x	ParlaMint-BE_2019-01-31-54-plenair-ip268x.u146	Belgian parliamentary corpus ParlaMint-BE-en, plenary session of 31-01-2019	2019-01-31	Lower house	Zittingperiode 54	-	Plenaire zitting 268 van 31-01-2019	-	-	Reference	English	Regular	MP	notMinister	cdH	Centre démocrate humaniste	Opposition	Centre to centre-right	DispaBenoît	Dispa, Benoît	M	1963	
ParlaMint-BE-en_2019-01-31-54-plenair-ip268x	ParlaMint-BE_2019-01-31-54-plenair-ip268x.u147	Belgian parliamentary corpus ParlaMint-BE-en, plenary session of 31-01-2019	2019-01-31	Lower house	Zittingperiode 54	-	Plenaire zitting 268 van 31-01-2019	-	-	Reference	English	Regular	notMP	Minister	-	-	-	-	DeCrooAlexander	De Croo, Alexander	M	1975	
ParlaMint-BE-en_2019-01-31-54-plenair-ip268x	ParlaMint-BE_2019-01-31-54-plenair-ip268x.u148	Belgian parliamentary corpus ParlaMint-BE-en, plenary session of 31-01-2019	2019-01-31	Lower house	Zittingperiode 54	-	Plenaire zitting 268 van 31-01-2019	-	-	Reference	English	Chairperson	MP	notMinister	N-VA	Nieuw-Vlaamse Alliantie	Opposition	Centre-right to right	BrackeSiegfried	Bracke, Siegfried	M	1953	
ParlaMint-BE-en_2019-01-31-54-plenair-ip268x	ParlaMint-BE_2019-01-31-54-plenair-ip268x.u149	Belgian parliamentary corpus ParlaMint-BE-en, plenary session of 31-01-2019	2019-01-31	Lower house	Zittingperiode 54	-	Plenaire zitting 268 van 31-01-2019	-	-	Reference	English	Chairperson	MP	notMinister	N-VA	Nieuw-Vlaamse Alliantie	Opposition	Centre-right to right	BrackeSiegfried	Bracke, Siegfried	M	1953	
ParlaMint-BE-en_2019-01-31-54-plenair-ip268x	ParlaMint-BE_2019-01-31-54-plenair-ip268x.u150	Belgian parliamentary corpus ParlaMint-BE-en, plenary session of 31-01-2019	2019-01-31	Lower house	Zittingperiode 54	-	Plenaire zitting 268 van 31-01-2019	-	-	Reference	English	Chairperson	MP	notMinister	N-VA	Nieuw-Vlaamse Alliantie	Opposition	Centre-right to right	BrackeSiegfried	Bracke, Siegfried	M	1953	
ParlaMint-BE-en_2019-01-31-54-plenair-ip268x	ParlaMint-BE_2019-01-31-54-plenair-ip268x.u151	Belgian parliamentary corpus ParlaMint-BE-en, plenary session of 31-01-2019	2019-01-31	Lower house	Zittingperiode 54	-	Plenaire zitting 268 van 31-01-2019	-	-	Reference	English	Chairperson	MP	notMinister	N-VA	Nieuw-Vlaamse Alliantie	Opposition	Centre-right to right	BrackeSiegfried	Bracke, Siegfried	M	1953	
ParlaMint-BE-en_2019-01-31-54-plenair-ip268x	ParlaMint-BE_2019-01-31-54-plenair-ip268x.u152	Belgian parliamentary corpus ParlaMint-BE-en, plenary session of 31-01-2019	2019-01-31	Lower house	Zittingperiode 54	-	Plenaire zitting 268 van 31-01-2019	-	-	Reference	English	Chairperson	MP	notMinister	N-VA	Nieuw-Vlaamse Alliantie	Opposition	Centre-right to right	BrackeSiegfried	Bracke, Siegfried	M	1953	
ParlaMint-BE-en_2019-01-31-54-plenair-ip268x	ParlaMint-BE_2019-01-31-54-plenair-ip268x.u153	Belgian parliamentary corpus ParlaMint-BE-en, plenary session of 31-01-2019	2019-01-31	Lower house	Zittingperiode 54	-	Plenaire zitting 268 van 31-01-2019	-	-	Reference	English	Chairperson	MP	notMinister	N-VA	Nieuw-Vlaamse Alliantie	Opposition	Centre-right to right	BrackeSiegfried	Bracke, Siegfried	M	1953	
ParlaMint-BE-en_2019-01-31-54-plenair-ip268x	ParlaMint-BE_2019-01-31-54-plenair-ip268x.u154	Belgian parliamentary corpus ParlaMint-BE-en, plenary session of 31-01-2019	2019-01-31	Lower house	Zittingperiode 54	-	Plenaire zitting 268 van 31-01-2019	-	-	Reference	English	Chairperson	MP	notMinister	N-VA	Nieuw-Vlaamse Alliantie	Opposition	Centre-right to right	BrackeSiegfried	Bracke, Siegfried	M	1953	
ParlaMint-BE-en_2019-01-31-54-plenair-ip268x	ParlaMint-BE_2019-01-31-54-plenair-ip268x.u155	Belgian parliamentary corpus ParlaMint-BE-en, plenary session of 31-01-2019	2019-01-31	Lower house	Zittingperiode 54	-	Plenaire zitting 268 van 31-01-2019	-	-	Reference	English	Chairperson	MP	notMinister	N-VA	Nieuw-Vlaamse Alliantie	Opposition	Centre-right to right	BrackeSiegfried	Bracke, Siegfried	M	1953	
ParlaMint-BE-en_2019-01-31-54-plenair-ip268x	ParlaMint-BE_2019-01-31-54-plenair-ip268x.u156	Belgian parliamentary corpus ParlaMint-BE-en, plenary session of 31-01-2019	2019-01-31	Lower house	Zittingperiode 54	-	Plenaire zitting 268 van 31-01-2019	-	-	Reference	English	Chairperson	MP	notMinister	N-VA	Nieuw-Vlaamse Alliantie	Opposition	Centre-right to right	BrackeSiegfried	Bracke, Siegfried	M	1953	
ParlaMint-BE-en_2019-01-31-54-plenair-ip268x	ParlaMint-BE_2019-01-31-54-plenair-ip268x.u157	Belgian parliamentary corpus ParlaMint-BE-en, plenary session of 31-01-2019	2019-01-31	Lower house	Zittingperiode 54	-	Plenaire zitting 268 van 31-01-2019	-	-	Reference	English	Guest	MP	notMinister	MR	Mouvement Réformateur	Coalition	Centre-right	PiedboeufBenoît	Piedboeuf, Benoît	M	1959	
ParlaMint-BE-en_2019-01-31-54-plenair-ip268x	ParlaMint-BE_2019-01-31-54-plenair-ip268x.u158	Belgian parliamentary corpus ParlaMint-BE-en, plenary session of 31-01-2019	2019-01-31	Lower house	Zittingperiode 54	-	Plenaire zitting 268 van 31-01-2019	-	-	Reference	English	Chairperson	MP	notMinister	N-VA	Nieuw-Vlaamse Alliantie	Opposition	Centre-right to right	BrackeSiegfried	Bracke, Siegfried	M	1953	
ParlaMint-BE-en_2019-01-31-54-plenair-ip268x	ParlaMint-BE_2019-01-31-54-plenair-ip268x.u159	Belgian parliamentary corpus ParlaMint-BE-en, plenary session of 31-01-2019	2019-01-31	Lower house	Zittingperiode 54	-	Plenaire zitting 268 van 31-01-2019	-	-	Reference	English	Chairperson	MP	notMinister	N-VA	Nieuw-Vlaamse Alliantie	Opposition	Centre-right to right	BrackeSiegfried	Bracke, Siegfried	M	1953	
ParlaMint-BE-en_2019-01-31-54-plenair-ip268x	ParlaMint-BE_2019-01-31-54-plenair-ip268x.u160	Belgian parliamentary corpus ParlaMint-BE-en, plenary session of 31-01-2019	2019-01-31	Lower house	Zittingperiode 54	-	Plenaire zitting 268 van 31-01-2019	-	-	Reference	English	Chairperson	MP	notMinister	N-VA	Nieuw-Vlaamse Alliantie	Opposition	Centre-right to right	BrackeSiegfried	Bracke, Siegfried	M	1953	
ParlaMint-BE-en_2019-01-31-54-plenair-ip268x	ParlaMint-BE_2019-01-31-54-plenair-ip268x.u161	Belgian parliamentary corpus ParlaMint-BE-en, plenary session of 31-01-2019	2019-01-31	Lower house	Zittingperiode 54	-	Plenaire zitting 268 van 31-01-2019	-	-	Reference	English	Chairperson	MP	notMinister	N-VA	Nieuw-Vlaamse Alliantie	Opposition	Centre-right to right	BrackeSiegfried	Bracke, Siegfried	M	1953	
ParlaMint-BE-en_2019-01-31-54-plenair-ip268x	ParlaMint-BE_2019-01-31-54-plenair-ip268x.u162	Belgian parliamentary corpus ParlaMint-BE-en, plenary session of 31-01-2019	2019-01-31	Lower house	Zittingperiode 54	-	Plenaire zitting 268 van 31-01-2019	-	-	Reference	English	Guest	MP	notMinister	Ecolo	Ecologistes Confédérés pour l'Organisation de Luttes Originales	Opposition	Centre-left to left	GilkinetGeorges	Gilkinet, Georges	M	1971	
ParlaMint-BE-en_2019-01-31-54-plenair-ip268x	ParlaMint-BE_2019-01-31-54-plenair-ip268x.u163	Belgian parliamentary corpus ParlaMint-BE-en, plenary session of 31-01-2019	2019-01-31	Lower house	Zittingperiode 54	-	Plenaire zitting 268 van 31-01-2019	-	-	Reference	English	Regular	MP	notMinister	MR	Mouvement Réformateur	Coalition	Centre-right	PiedboeufBenoît	Piedboeuf, Benoît	M	1959	
ParlaMint-BE-en_2019-01-31-54-plenair-ip268x	ParlaMint-BE_2019-01-31-54-plenair-ip268x.u164	Belgian parliamentary corpus ParlaMint-BE-en, plenary session of 31-01-2019	2019-01-31	Lower house	Zittingperiode 54	-	Plenaire zitting 268 van 31-01-2019	-	-	Reference	English	Regular	MP	notMinister	cdH	Centre démocrate humaniste	Opposition	Centre to centre-right	DispaBenoît	Dispa, Benoît	M	1963	
ParlaMint-BE-en_2019-01-31-54-plenair-ip268x	ParlaMint-BE_2019-01-31-54-plenair-ip268x.u165	Belgian parliamentary corpus ParlaMint-BE-en, plenary session of 31-01-2019	2019-01-31	Lower house	Zittingperiode 54	-	Plenaire zitting 268 van 31-01-2019	-	-	Reference	English	Chairperson	MP	notMinister	N-VA	Nieuw-Vlaamse Alliantie	Opposition	Centre-right to right	BrackeSiegfried	Bracke, Siegfried	M	1953	
ParlaMint-BE-en_2019-01-31-54-plenair-ip268x	ParlaMint-BE_2019-01-31-54-plenair-ip268x.u166	Belgian parliamentary corpus ParlaMint-BE-en, plenary session of 31-01-2019	2019-01-31	Lower house	Zittingperiode 54	-	Plenaire zitting 268 van 31-01-2019	-	-	Reference	English	Regular	notMP	Minister	-	-	-	-	DeCrooAlexander	De Croo, Alexander	M	1975	
ParlaMint-BE-en_2019-01-31-54-plenair-ip268x	ParlaMint-BE_2019-01-31-54-plenair-ip268x.u167	Belgian parliamentary corpus ParlaMint-BE-en, plenary session of 31-01-2019	2019-01-31	Lower house	Zittingperiode 54	-	Plenaire zitting 268 van 31-01-2019	-	-	Reference	English	Chairperson	MP	notMinister	N-VA	Nieuw-Vlaamse Alliantie	Opposition	Centre-right to right	BrackeSiegfried	Bracke, Siegfried	M	1953	
ParlaMint-BE-en_2019-01-31-54-plenair-ip268x	ParlaMint-BE_2019-01-31-54-plenair-ip268x.u168	Belgian parliamentary corpus ParlaMint-BE-en, plenary session of 31-01-2019	2019-01-31	Lower house	Zittingperiode 54	-	Plenaire zitting 268 van 31-01-2019	-	-	Reference	English	Chairperson	MP	notMinister	N-VA	Nieuw-Vlaamse Alliantie	Opposition	Centre-right to right	BrackeSiegfried	Bracke, Siegfried	M	1953	
ParlaMint-BE-en_2019-01-31-54-plenair-ip268x	ParlaMint-BE_2019-01-31-54-plenair-ip268x.u169	Belgian parliamentary corpus ParlaMint-BE-en, plenary session of 31-01-2019	2019-01-31	Lower house	Zittingperiode 54	-	Plenaire zitting 268 van 31-01-2019	-	-	Reference	English	Chairperson	MP	notMinister	N-VA	Nieuw-Vlaamse Alliantie	Opposition	Centre-right to right	BrackeSiegfried	Bracke, Siegfried	M	1953	
ParlaMint-BE-en_2019-01-31-54-plenair-ip268x	ParlaMint-BE_2019-01-31-54-plenair-ip268x.u170	Belgian parliamentary corpus ParlaMint-BE-en, plenary session of 31-01-2019	2019-01-31	Lower house	Zittingperiode 54	-	Plenaire zitting 268 van 31-01-2019	-	-	Reference	English	Chairperson	MP	notMinister	N-VA	Nieuw-Vlaamse Alliantie	Opposition	Centre-right to right	BrackeSiegfried	Bracke, Siegfried	M	1953	
ParlaMint-BE-en_2019-01-31-54-plenair-ip268x	ParlaMint-BE_2019-01-31-54-plenair-ip268x.u171	Belgian parliamentary corpus ParlaMint-BE-en, plenary session of 31-01-2019	2019-01-31	Lower house	Zittingperiode 54	-	Plenaire zitting 268 van 31-01-2019	-	-	Reference	English	Regular	MP	notMinister	sp.a	Socialistische Partij Anders	Opposition	Centre-left	VanderMaelenDirk	Van der Maelen, Dirk	M	1953	
ParlaMint-BE-en_2019-01-31-54-plenair-ip268x	ParlaMint-BE_2019-01-31-54-plenair-ip268x.u172	Belgian parliamentary corpus ParlaMint-BE-en, plenary session of 31-01-2019	2019-01-31	Lower house	Zittingperiode 54	-	Plenaire zitting 268 van 31-01-2019	-	-	Reference	English	Chairperson	MP	notMinister	N-VA	Nieuw-Vlaamse Alliantie	Opposition	Centre-right to right	BrackeSiegfried	Bracke, Siegfried	M	1953	
ParlaMint-BE-en_2019-01-31-54-plenair-ip268x	ParlaMint-BE_2019-01-31-54-plenair-ip268x.u173	Belgian parliamentary corpus ParlaMint-BE-en, plenary session of 31-01-2019	2019-01-31	Lower house	Zittingperiode 54	-	Plenaire zitting 268 van 31-01-2019	-	-	Reference	English	Chairperson	MP	notMinister	N-VA	Nieuw-Vlaamse Alliantie	Opposition	Centre-right to right	BrackeSiegfried	Bracke, Siegfried	M	1953	
ParlaMint-BE-en_2019-01-31-54-plenair-ip268x	ParlaMint-BE_2019-01-31-54-plenair-ip268x.u174	Belgian parliamentary corpus ParlaMint-BE-en, plenary session of 31-01-2019	2019-01-31	Lower house	Zittingperiode 54	-	Plenaire zitting 268 van 31-01-2019	-	-	Reference	English	Chairperson	MP	notMinister	N-VA	Nieuw-Vlaamse Alliantie	Opposition	Centre-right to right	BrackeSiegfried	Bracke, Siegfried	M	1953	
ParlaMint-BE-en_2019-01-31-54-plenair-ip268x	ParlaMint-BE_2019-01-31-54-plenair-ip268x.u175	Belgian parliamentary corpus ParlaMint-BE-en, plenary session of 31-01-2019	2019-01-31	Lower house	Zittingperiode 54	-	Plenaire zitting 268 van 31-01-2019	-	-	Reference	English	Chairperson	MP	notMinister	N-VA	Nieuw-Vlaamse Alliantie	Opposition	Centre-right to right	BrackeSiegfried	Bracke, Siegfried	M	1953	
ParlaMint-BE-en_2019-01-31-54-plenair-ip268x	ParlaMint-BE_2019-01-31-54-plenair-ip268x.u176	Belgian parliamentary corpus ParlaMint-BE-en, plenary session of 31-01-2019	2019-01-31	Lower house	Zittingperiode 54	-	Plenaire zitting 268 van 31-01-2019	-	-	Reference	English	Chairperson	MP	notMinister	N-VA	Nieuw-Vlaamse Alliantie	Opposition	Centre-right to right	BrackeSiegfried	Bracke, Siegfried	M	1953	
ParlaMint-BE-en_2019-01-31-54-plenair-ip268x	ParlaMint-BE_2019-01-31-54-plenair-ip268x.u177	Belgian parliamentary corpus ParlaMint-BE-en, plenary session of 31-01-2019	2019-01-31	Lower house	Zittingperiode 54	-	Plenaire zitting 268 van 31-01-2019	-	-	Reference	English	Chairperson	MP	notMinister	N-VA	Nieuw-Vlaamse Alliantie	Opposition	Centre-right to right	BrackeSiegfried	Bracke, Siegfried	M	1953	
ParlaMint-BE-en_2019-01-31-54-plenair-ip268x	ParlaMint-BE_2019-01-31-54-plenair-ip268x.u178	Belgian parliamentary corpus ParlaMint-BE-en, plenary session of 31-01-2019	2019-01-31	Lower house	Zittingperiode 54	-	Plenaire zitting 268 van 31-01-2019	-	-	Reference	English	Chairperson	MP	notMinister	N-VA	Nieuw-Vlaamse Alliantie	Opposition	Centre-right to right	BrackeSiegfried	Bracke, Siegfried	M	1953	
ParlaMint-BE-en_2019-01-31-54-plenair-ip268x	ParlaMint-BE_2019-01-31-54-plenair-ip268x.u179	Belgian parliamentary corpus ParlaMint-BE-en, plenary session of 31-01-2019	2019-01-31	Lower house	Zittingperiode 54	-	Plenaire zitting 268 van 31-01-2019	-	-	Reference	English	Chairperson	MP	notMinister	N-VA	Nieuw-Vlaamse Alliantie	Opposition	Centre-right to right	BrackeSiegfried	Bracke, Siegfried	M	1953	
ParlaMint-BE-en_2019-01-31-54-plenair-ip268x	ParlaMint-BE_2019-01-31-54-plenair-ip268x.u180	Belgian parliamentary corpus ParlaMint-BE-en, plenary session of 31-01-2019	2019-01-31	Lower house	Zittingperiode 54	-	Plenaire zitting 268 van 31-01-2019	-	-	Reference	English	Chairperson	MP	notMinister	N-VA	Nieuw-Vlaamse Alliantie	Opposition	Centre-right to right	BrackeSiegfried	Bracke, Siegfried	M	1953	
ParlaMint-BE-en_2019-01-31-54-plenair-ip268x	ParlaMint-BE_2019-01-31-54-plenair-ip268x.u181	Belgian parliamentary corpus ParlaMint-BE-en, plenary session of 31-01-2019	2019-01-31	Lower house	Zittingperiode 54	-	Plenaire zitting 268 van 31-01-2019	-	-	Reference	English	Chairperson	MP	notMinister	N-VA	Nieuw-Vlaamse Alliantie	Opposition	Centre-right to right	BrackeSiegfried	Bracke, Siegfried	M	1953	
ParlaMint-BE-en_2019-01-31-54-plenair-ip268x	ParlaMint-BE_2019-01-31-54-plenair-ip268x.u182	Belgian parliamentary corpus ParlaMint-BE-en, plenary session of 31-01-2019	2019-01-31	Lower house	Zittingperiode 54	-	Plenaire zitting 268 van 31-01-2019	-	-	Reference	English	Chairperson	MP	notMinister	N-VA	Nieuw-Vlaamse Alliantie	Opposition	Centre-right to right	BrackeSiegfried	Bracke, Siegfried	M	1953	
ParlaMint-BE-en_2019-01-31-54-plenair-ip268x	ParlaMint-BE_2019-01-31-54-plenair-ip268x.u183	Belgian parliamentary corpus ParlaMint-BE-en, plenary session of 31-01-2019	2019-01-31	Lower house	Zittingperiode 54	-	Plenaire zitting 268 van 31-01-2019	-	-	Reference	English	Chairperson	MP	notMinister	N-VA	Nieuw-Vlaamse Alliantie	Opposition	Centre-right to right	BrackeSiegfried	Bracke, Siegfried	M	1953	
ParlaMint-BE-en_2019-01-31-54-plenair-ip268x	ParlaMint-BE_2019-01-31-54-plenair-ip268x.u184	Belgian parliamentary corpus ParlaMint-BE-en, plenary session of 31-01-2019	2019-01-31	Lower house	Zittingperiode 54	-	Plenaire zitting 268 van 31-01-2019	-	-	Reference	English	Regular	MP	notMinister	cdH	Centre démocrate humaniste	Opposition	Centre to centre-right	DallemagneGeorges	Dallemagne, Georges	M	1958	
ParlaMint-BE-en_2019-01-31-54-plenair-ip268x	ParlaMint-BE_2019-01-31-54-plenair-ip268x.u185	Belgian parliamentary corpus ParlaMint-BE-en, plenary session of 31-01-2019	2019-01-31	Lower house	Zittingperiode 54	-	Plenaire zitting 268 van 31-01-2019	-	-	Reference	English	Chairperson	MP	notMinister	N-VA	Nieuw-Vlaamse Alliantie	Opposition	Centre-right to right	BrackeSiegfried	Bracke, Siegfried	M	1953	
ParlaMint-BE-en_2019-01-31-54-plenair-ip268x	ParlaMint-BE_2019-01-31-54-plenair-ip268x.u186	Belgian parliamentary corpus ParlaMint-BE-en, plenary session of 31-01-2019	2019-01-31	Lower house	Zittingperiode 54	-	Plenaire zitting 268 van 31-01-2019	-	-	Reference	English	Regular	MP	notMinister	cdH	Centre démocrate humaniste	Opposition	Centre to centre-right	DallemagneGeorges	Dallemagne, Georges	M	1958	
ParlaMint-BE-en_2019-01-31-54-plenair-ip268x	ParlaMint-BE_2019-01-31-54-plenair-ip268x.u187	Belgian parliamentary corpus ParlaMint-BE-en, plenary session of 31-01-2019	2019-01-31	Lower house	Zittingperiode 54	-	Plenaire zitting 268 van 31-01-2019	-	-	Reference	English	Regular	MP	notMinister	Groen	Groen	Opposition	Centre-left to left	DeVriendtWouter	De Vriendt, Wouter	M	1977	
ParlaMint-BE-en_2019-01-31-54-plenair-ip268x	ParlaMint-BE_2019-01-31-54-plenair-ip268x.u188	Belgian parliamentary corpus ParlaMint-BE-en, plenary session of 31-01-2019	2019-01-31	Lower house	Zittingperiode 54	-	Plenaire zitting 268 van 31-01-2019	-	-	Reference	English	Regular	MP	notMinister	Ecolo	Ecologistes Confédérés pour l'Organisation de Luttes Originales	Opposition	Centre-left to left	WaterschootVéronique	Waterschoot, Véronique	F	1966	
ParlaMint-BE-en_2019-01-31-54-plenair-ip268x	ParlaMint-BE_2019-01-31-54-plenair-ip268x.u189	Belgian parliamentary corpus ParlaMint-BE-en, plenary session of 31-01-2019	2019-01-31	Lower house	Zittingperiode 54	-	Plenaire zitting 268 van 31-01-2019	-	-	Reference	English	Regular	MP	notMinister	FDF	Fédéralistes Démocrates Francophones	-	Centre to centre-right	CaprasseVéronique	Caprasse, Véronique	F	1951	
ParlaMint-BE-en_2019-01-31-54-plenair-ip268x	ParlaMint-BE_2019-01-31-54-plenair-ip268x.u190	Belgian parliamentary corpus ParlaMint-BE-en, plenary session of 31-01-2019	2019-01-31	Lower house	Zittingperiode 54	-	Plenaire zitting 268 van 31-01-2019	-	-	Reference	English	Regular	MP	notMinister	PS	Parti Socialiste	Opposition	Centre-left to left	FernandezFernandezJulie	Fernandez Fernandez, Julie	F	1972	
ParlaMint-BE-en_2019-01-31-54-plenair-ip268x	ParlaMint-BE_2019-01-31-54-plenair-ip268x.u191	Belgian parliamentary corpus ParlaMint-BE-en, plenary session of 31-01-2019	2019-01-31	Lower house	Zittingperiode 54	-	Plenaire zitting 268 van 31-01-2019	-	-	Reference	English	Regular	MP	notMinister	N-VA	Nieuw-Vlaamse Alliantie	Opposition	Centre-right to right	VermeulenBrecht	Vermeulen, Brecht	M	1969	
ParlaMint-BE-en_2019-01-31-54-plenair-ip268x	ParlaMint-BE_2019-01-31-54-plenair-ip268x.u192	Belgian parliamentary corpus ParlaMint-BE-en, plenary session of 31-01-2019	2019-01-31	Lower house	Zittingperiode 54	-	Plenaire zitting 268 van 31-01-2019	-	-	Reference	English	Chairperson	MP	notMinister	N-VA	Nieuw-Vlaamse Alliantie	Opposition	Centre-right to right	BrackeSiegfried	Bracke, Siegfried	M	1953	
ParlaMint-BE-en_2019-01-31-54-plenair-ip268x	ParlaMint-BE_2019-01-31-54-plenair-ip268x.u193	Belgian parliamentary corpus ParlaMint-BE-en, plenary session of 31-01-2019	2019-01-31	Lower house	Zittingperiode 54	-	Plenaire zitting 268 van 31-01-2019	-	-	Reference	English	Regular	MP	notMinister	cdH	Centre démocrate humaniste	Opposition	Centre to centre-right	DallemagneGeorges	Dallemagne, Georges	M	1958	
ParlaMint-BE-en_2019-01-31-54-plenair-ip268x	ParlaMint-BE_2019-01-31-54-plenair-ip268x.u194	Belgian parliamentary corpus ParlaMint-BE-en, plenary session of 31-01-2019	2019-01-31	Lower house	Zittingperiode 54	-	Plenaire zitting 268 van 31-01-2019	-	-	Reference	English	Chairperson	MP	notMinister	N-VA	Nieuw-Vlaamse Alliantie	Opposition	Centre-right to right	BrackeSiegfried	Bracke, Siegfried	M	1953	
ParlaMint-BE-en_2019-01-31-54-plenair-ip268x	ParlaMint-BE_2019-01-31-54-plenair-ip268x.u195	Belgian parliamentary corpus ParlaMint-BE-en, plenary session of 31-01-2019	2019-01-31	Lower house	Zittingperiode 54	-	Plenaire zitting 268 van 31-01-2019	-	-	Reference	English	Regular	MP	notMinister	cdH	Centre démocrate humaniste	Opposition	Centre to centre-right	DallemagneGeorges	Dallemagne, Georges	M	1958	
ParlaMint-BE-en_2019-01-31-54-plenair-ip268x	ParlaMint-BE_2019-01-31-54-plenair-ip268x.u196	Belgian parliamentary corpus ParlaMint-BE-en, plenary session of 31-01-2019	2019-01-31	Lower house	Zittingperiode 54	-	Plenaire zitting 268 van 31-01-2019	-	-	Reference	English	Chairperson	MP	notMinister	N-VA	Nieuw-Vlaamse Alliantie	Opposition	Centre-right to right	BrackeSiegfried	Bracke, Siegfried	M	1953	
ParlaMint-BE-en_2019-01-31-54-plenair-ip268x	ParlaMint-BE_2019-01-31-54-plenair-ip268x.u197	Belgian parliamentary corpus ParlaMint-BE-en, plenary session of 31-01-2019	2019-01-31	Lower house	Zittingperiode 54	-	Plenaire zitting 268 van 31-01-2019	-	-	Reference	English	Regular	MP	notMinister	FDF	Fédéralistes Démocrates Francophones	-	Centre to centre-right	CaprasseVéronique	Caprasse, Véronique	F	1951	
ParlaMint-BE-en_2019-01-31-54-plenair-ip268x	ParlaMint-BE_2019-01-31-54-plenair-ip268x.u198	Belgian parliamentary corpus ParlaMint-BE-en, plenary session of 31-01-2019	2019-01-31	Lower house	Zittingperiode 54	-	Plenaire zitting 268 van 31-01-2019	-	-	Reference	English	Chairperson	MP	notMinister	N-VA	Nieuw-Vlaamse Alliantie	Opposition	Centre-right to right	BrackeSiegfried	Bracke, Siegfried	M	1953	
ParlaMint-BE-en_2019-01-31-54-plenair-ip268x	ParlaMint-BE_2019-01-31-54-plenair-ip268x.u199	Belgian parliamentary corpus ParlaMint-BE-en, plenary session of 31-01-2019	2019-01-31	Lower house	Zittingperiode 54	-	Plenaire zitting 268 van 31-01-2019	-	-	Reference	English	Chairperson	MP	notMinister	N-VA	Nieuw-Vlaamse Alliantie	Opposition	Centre-right to right	BrackeSiegfried	Bracke, Siegfried	M	1953	
ParlaMint-BE-en_2019-01-31-54-plenair-ip268x	ParlaMint-BE_2019-01-31-54-plenair-ip268x.u200	Belgian parliamentary corpus ParlaMint-BE-en, plenary session of 31-01-2019	2019-01-31	Lower house	Zittingperiode 54	-	Plenaire zitting 268 van 31-01-2019	-	-	Reference	English	Chairperson	MP	notMinister	N-VA	Nieuw-Vlaamse Alliantie	Opposition	Centre-right to right	BrackeSiegfried	Bracke, Siegfried	M	1953	
ParlaMint-BE-en_2019-01-31-54-plenair-ip268x	ParlaMint-BE_2019-01-31-54-plenair-ip268x.u201	Belgian parliamentary corpus ParlaMint-BE-en, plenary session of 31-01-2019	2019-01-31	Lower house	Zittingperiode 54	-	Plenaire zitting 268 van 31-01-2019	-	-	Reference	English	Chairperson	MP	notMinister	N-VA	Nieuw-Vlaamse Alliantie	Opposition	Centre-right to right	BrackeSiegfried	Bracke, Siegfried	M	1953	
ParlaMint-BE-en_2019-01-31-54-plenair-ip268x	ParlaMint-BE_2019-01-31-54-plenair-ip268x.u202	Belgian parliamentary corpus ParlaMint-BE-en, plenary session of 31-01-2019	2019-01-31	Lower house	Zittingperiode 54	-	Plenaire zitting 268 van 31-01-2019	-	-	Reference	English	Chairperson	MP	notMinister	N-VA	Nieuw-Vlaamse Alliantie	Opposition	Centre-right to right	BrackeSiegfried	Bracke, Siegfried	M	1953	
ParlaMint-BE-en_2019-01-31-54-plenair-ip268x	ParlaMint-BE_2019-01-31-54-plenair-ip268x.u203	Belgian parliamentary corpus ParlaMint-BE-en, plenary session of 31-01-2019	2019-01-31	Lower house	Zittingperiode 54	-	Plenaire zitting 268 van 31-01-2019	-	-	Reference	English	Chairperson	MP	notMinister	N-VA	Nieuw-Vlaamse Alliantie	Opposition	Centre-right to right	BrackeSiegfried	Bracke, Siegfried	M	1953	
ParlaMint-BE-en_2019-01-31-54-plenair-ip268x	ParlaMint-BE_2019-01-31-54-plenair-ip268x.u204	Belgian parliamentary corpus ParlaMint-BE-en, plenary session of 31-01-2019	2019-01-31	Lower house	Zittingperiode 54	-	Plenaire zitting 268 van 31-01-2019	-	-	Reference	English	Chairperson	MP	notMinister	N-VA	Nieuw-Vlaamse Alliantie	Opposition	Centre-right to right	BrackeSiegfried	Bracke, Siegfried	M	1953	
ParlaMint-BE-en_2019-01-31-54-plenair-ip268x	ParlaMint-BE_2019-01-31-54-plenair-ip268x.u205	Belgian parliamentary corpus ParlaMint-BE-en, plenary session of 31-01-2019	2019-01-31	Lower house	Zittingperiode 54	-	Plenaire zitting 268 van 31-01-2019	-	-	Reference	English	Chairperson	MP	notMinister	N-VA	Nieuw-Vlaamse Alliantie	Opposition	Centre-right to right	BrackeSiegfried	Bracke, Siegfried	M	1953	
ParlaMint-BE-en_2019-01-31-54-plenair-ip268x	ParlaMint-BE_2019-01-31-54-plenair-ip268x.u206	Belgian parliamentary corpus ParlaMint-BE-en, plenary session of 31-01-2019	2019-01-31	Lower house	Zittingperiode 54	-	Plenaire zitting 268 van 31-01-2019	-	-	Reference	English	Chairperson	MP	notMinister	N-VA	Nieuw-Vlaamse Alliantie	Opposition	Centre-right to right	BrackeSiegfried	Bracke, Siegfried	M	1953	
ParlaMint-BE-en_2019-01-31-54-plenair-ip268x	ParlaMint-BE_2019-01-31-54-plenair-ip268x.u207	Belgian parliamentary corpus ParlaMint-BE-en, plenary session of 31-01-2019	2019-01-31	Lower house	Zittingperiode 54	-	Plenaire zitting 268 van 31-01-2019	-	-	Reference	English	Chairperson	MP	notMinister	N-VA	Nieuw-Vlaamse Alliantie	Opposition	Centre-right to right	BrackeSiegfried	Bracke, Siegfried	M	1953	
ParlaMint-BE-en_2019-01-31-54-plenair-ip268x	ParlaMint-BE_2019-01-31-54-plenair-ip268x.u208	Belgian parliamentary corpus ParlaMint-BE-en, plenary session of 31-01-2019	2019-01-31	Lower house	Zittingperiode 54	-	Plenaire zitting 268 van 31-01-2019	-	-	Reference	English	Chairperson	MP	notMinister	N-VA	Nieuw-Vlaamse Alliantie	Opposition	Centre-right to right	BrackeSiegfried	Bracke, Siegfried	M	1953	
ParlaMint-BE-en_2019-01-31-54-plenair-ip268x	ParlaMint-BE_2019-01-31-54-plenair-ip268x.u209	Belgian parliamentary corpus ParlaMint-BE-en, plenary session of 31-01-2019	2019-01-31	Lower house	Zittingperiode 54	-	Plenaire zitting 268 van 31-01-2019	-	-	Reference	English	Chairperson	MP	notMinister	N-VA	Nieuw-Vlaamse Alliantie	Opposition	Centre-right to right	BrackeSiegfried	Bracke, Siegfried	M	1953	
ParlaMint-BE-en_2019-01-31-54-plenair-ip268x	ParlaMint-BE_2019-01-31-54-plenair-ip268x.u210	Belgian parliamentary corpus ParlaMint-BE-en, plenary session of 31-01-2019	2019-01-31	Lower house	Zittingperiode 54	-	Plenaire zitting 268 van 31-01-2019	-	-	Reference	English	Chairperson	MP	notMinister	N-VA	Nieuw-Vlaamse Alliantie	Opposition	Centre-right to right	BrackeSiegfried	Bracke, Siegfried	M	1953	
ParlaMint-BE-en_2019-01-31-54-plenair-ip268x	ParlaMint-BE_2019-01-31-54-plenair-ip268x.u211	Belgian parliamentary corpus ParlaMint-BE-en, plenary session of 31-01-2019	2019-01-31	Lower house	Zittingperiode 54	-	Plenaire zitting 268 van 31-01-2019	-	-	Reference	English	Chairperson	MP	notMinister	N-VA	Nieuw-Vlaamse Alliantie	Opposition	Centre-right to right	BrackeSiegfried	Bracke, Siegfried	M	1953	
ParlaMint-BE-en_2019-01-31-54-plenair-ip268x	ParlaMint-BE_2019-01-31-54-plenair-ip268x.u212	Belgian parliamentary corpus ParlaMint-BE-en, plenary session of 31-01-2019	2019-01-31	Lower house	Zittingperiode 54	-	Plenaire zitting 268 van 31-01-2019	-	-	Reference	English	Chairperson	MP	notMinister	N-VA	Nieuw-Vlaamse Alliantie	Opposition	Centre-right to right	BrackeSiegfried	Bracke, Siegfried	M	1953	
ParlaMint-BE-en_2019-01-31-54-plenair-ip268x	ParlaMint-BE_2019-01-31-54-plenair-ip268x.u213	Belgian parliamentary corpus ParlaMint-BE-en, plenary session of 31-01-2019	2019-01-31	Lower house	Zittingperiode 54	-	Plenaire zitting 268 van 31-01-2019	-	-	Reference	English	Chairperson	MP	notMinister	N-VA	Nieuw-Vlaamse Alliantie	Opposition	Centre-right to right	BrackeSiegfried	Bracke, Siegfried	M	1953	
ParlaMint-BE-en_2019-01-31-54-plenair-ip268x	ParlaMint-BE_2019-01-31-54-plenair-ip268x.u214	Belgian parliamentary corpus ParlaMint-BE-en, plenary session of 31-01-2019	2019-01-31	Lower house	Zittingperiode 54	-	Plenaire zitting 268 van 31-01-2019	-	-	Reference	English	Chairperson	MP	notMinister	N-VA	Nieuw-Vlaamse Alliantie	Opposition	Centre-right to right	BrackeSiegfried	Bracke, Siegfried	M	1953	
ParlaMint-BE-en_2019-01-31-54-plenair-ip268x	ParlaMint-BE_2019-01-31-54-plenair-ip268x.u215	Belgian parliamentary corpus ParlaMint-BE-en, plenary session of 31-01-2019	2019-01-31	Lower house	Zittingperiode 54	-	Plenaire zitting 268 van 31-01-2019	-	-	Reference	English	Chairperson	MP	notMinister	N-VA	Nieuw-Vlaamse Alliantie	Opposition	Centre-right to right	BrackeSiegfried	Bracke, Siegfried	M	1953	
ParlaMint-BE-en_2019-01-31-54-plenair-ip268x	ParlaMint-BE_2019-01-31-54-plenair-ip268x.u216	Belgian parliamentary corpus ParlaMint-BE-en, plenary session of 31-01-2019	2019-01-31	Lower house	Zittingperiode 54	-	Plenaire zitting 268 van 31-01-2019	-	-	Reference	English	Chairperson	MP	notMinister	N-VA	Nieuw-Vlaamse Alliantie	Opposition	Centre-right to right	BrackeSiegfried	Bracke, Siegfried	M	1953	
