Text_ID	ID	Title	Date	Body	Term	Session	Meeting	Sitting	Agenda	Subcorpus	Lang	Speaker_role	Speaker_MP	Speaker_minister	Speaker_party	Speaker_party_name	Party_status	Party_orientation	Speaker_ID	Speaker_name	Speaker_gender	Speaker_birth
ParlaMint-RS-en_2014-05-21-0	ParlaMint-RS_2014-05-21-0.u1418	Term 10, Meeting 2	2014-05-21	Unicameralism	10. mandat	-	Zasedanje 2	2015-10-16	-	Reference	English	Chairperson	MP	notMinister	SNS	Srpska napredna stranka	Coalition	Big tent	GojkovićMaja	Gojković, Maja	F	1963	
ParlaMint-RS-en_2014-05-21-0	ParlaMint-RS_2014-05-21-0.u1419	Term 10, Meeting 2	2014-05-21	Unicameralism	10. mandat	-	Zasedanje 2	2015-10-16	-	Reference	English	Regular	MP	Minister	SNS	Srpska napredna stranka	Coalition	Big tent	StefanovićNebojša	Stefanović, Nebojša	M	1976	
ParlaMint-RS-en_2014-05-21-0	ParlaMint-RS_2014-05-21-0.u1420	Term 10, Meeting 2	2014-05-21	Unicameralism	10. mandat	-	Zasedanje 2	2015-10-16	-	Reference	English	Chairperson	MP	notMinister	SNS	Srpska napredna stranka	Coalition	Big tent	GojkovićMaja	Gojković, Maja	F	1963	
ParlaMint-RS-en_2014-05-21-0	ParlaMint-RS_2014-05-21-0.u1421	Term 10, Meeting 2	2014-05-21	Unicameralism	10. mandat	-	Zasedanje 2	2015-10-16	-	Reference	English	Regular	MP	notMinister	SNS	Srpska napredna stranka	Coalition	Big tent	BabićZoran	Babić, Zoran	M	1971	
ParlaMint-RS-en_2014-05-21-0	ParlaMint-RS_2014-05-21-0.u1422	Term 10, Meeting 2	2014-05-21	Unicameralism	10. mandat	-	Zasedanje 2	2015-10-16	-	Reference	English	Chairperson	MP	notMinister	SNS	Srpska napredna stranka	Coalition	Big tent	GojkovićMaja	Gojković, Maja	F	1963	
ParlaMint-RS-en_2014-05-21-0	ParlaMint-RS_2014-05-21-0.u1423	Term 10, Meeting 2	2014-05-21	Unicameralism	10. mandat	-	Zasedanje 2	2015-10-16	-	Reference	English	Regular	MP	notMinister	JS	Jedinstvena Srbija	Coalition	Right	KosanićĐorđe	Kosanić, Đorđe	M	1967	
ParlaMint-RS-en_2014-05-21-0	ParlaMint-RS_2014-05-21-0.u1424	Term 10, Meeting 2	2014-05-21	Unicameralism	10. mandat	-	Zasedanje 2	2015-10-16	-	Reference	English	Chairperson	MP	notMinister	SNS	Srpska napredna stranka	Coalition	Big tent	GojkovićMaja	Gojković, Maja	F	1963	
ParlaMint-RS-en_2014-05-21-0	ParlaMint-RS_2014-05-21-0.u1425	Term 10, Meeting 2	2014-05-21	Unicameralism	10. mandat	-	Zasedanje 2	2015-10-16	-	Reference	English	Regular	MP	Minister	SNS	Srpska napredna stranka	Coalition	Big tent	StefanovićNebojša	Stefanović, Nebojša	M	1976	
ParlaMint-RS-en_2014-05-21-0	ParlaMint-RS_2014-05-21-0.u1426	Term 10, Meeting 2	2014-05-21	Unicameralism	10. mandat	-	Zasedanje 2	2015-10-16	-	Reference	English	Chairperson	MP	notMinister	SNS	Srpska napredna stranka	Coalition	Big tent	GojkovićMaja	Gojković, Maja	F	1963	
ParlaMint-RS-en_2014-05-21-0	ParlaMint-RS_2014-05-21-0.u1427	Term 10, Meeting 2	2014-05-21	Unicameralism	10. mandat	-	Zasedanje 2	2015-10-16	-	Reference	English	Regular	MP	notMinister	SPO	Srpski pokret obnove	Coalition	Centre-right	KosorićLjiljana	Kosorić, Ljiljana	F	1957	
ParlaMint-RS-en_2014-05-21-0	ParlaMint-RS_2014-05-21-0.u1428	Term 10, Meeting 2	2014-05-21	Unicameralism	10. mandat	-	Zasedanje 2	2015-10-16	-	Reference	English	Chairperson	MP	notMinister	SNS	Srpska napredna stranka	Coalition	Big tent	GojkovićMaja	Gojković, Maja	F	1963	
ParlaMint-RS-en_2014-05-21-0	ParlaMint-RS_2014-05-21-0.u1429	Term 10, Meeting 2	2014-05-21	Unicameralism	10. mandat	-	Zasedanje 2	2015-10-16	-	Reference	English	Regular	MP	notMinister	SDPS	Socijaldemokratska partija Srbije	Coalition	Centre-left	MarinkovićVladimir	Marinković, Vladimir	M	1976	
ParlaMint-RS-en_2014-05-21-0	ParlaMint-RS_2014-05-21-0.u1430	Term 10, Meeting 2	2014-05-21	Unicameralism	10. mandat	-	Zasedanje 2	2015-10-16	-	Reference	English	Chairperson	MP	notMinister	SNS	Srpska napredna stranka	Coalition	Big tent	GojkovićMaja	Gojković, Maja	F	1963	
ParlaMint-RS-en_2014-05-21-0	ParlaMint-RS_2014-05-21-0.u1431	Term 10, Meeting 2	2014-05-21	Unicameralism	10. mandat	-	Zasedanje 2	2015-10-16	-	Reference	English	Regular	MP	notMinister	SDS	Socijaldemokratska stranka	Coalition	Centre-left	ĐurišićMarko	Đurišić, Marko	M	1968	
ParlaMint-RS-en_2014-05-21-0	ParlaMint-RS_2014-05-21-0.u1432	Term 10, Meeting 2	2014-05-21	Unicameralism	10. mandat	-	Zasedanje 2	2015-10-16	-	Reference	English	Chairperson	MP	notMinister	SNS	Srpska napredna stranka	Coalition	Big tent	GojkovićMaja	Gojković, Maja	F	1963	
ParlaMint-RS-en_2014-05-21-0	ParlaMint-RS_2014-05-21-0.u1433	Term 10, Meeting 2	2014-05-21	Unicameralism	10. mandat	-	Zasedanje 2	2015-10-16	-	Reference	English	Regular	MP	Minister	SNS	Srpska napredna stranka	Coalition	Big tent	StefanovićNebojša	Stefanović, Nebojša	M	1976	
ParlaMint-RS-en_2014-05-21-0	ParlaMint-RS_2014-05-21-0.u1434	Term 10, Meeting 2	2014-05-21	Unicameralism	10. mandat	-	Zasedanje 2	2015-10-16	-	Reference	English	Chairperson	MP	notMinister	SNS	Srpska napredna stranka	Coalition	Big tent	GojkovićMaja	Gojković, Maja	F	1963	
ParlaMint-RS-en_2014-05-21-0	ParlaMint-RS_2014-05-21-0.u1435	Term 10, Meeting 2	2014-05-21	Unicameralism	10. mandat	-	Zasedanje 2	2015-10-16	-	Reference	English	Regular	MP	notMinister	DS	Demokratska stranka	Coalition	Centre-left	MilisavljevićDušan	Milisavljević, Dušan	M	1968	
ParlaMint-RS-en_2014-05-21-0	ParlaMint-RS_2014-05-21-0.u1436	Term 10, Meeting 2	2014-05-21	Unicameralism	10. mandat	-	Zasedanje 2	2015-10-16	-	Reference	English	Chairperson	MP	notMinister	SNS	Srpska napredna stranka	Coalition	Big tent	GojkovićMaja	Gojković, Maja	F	1963	
ParlaMint-RS-en_2014-05-21-0	ParlaMint-RS_2014-05-21-0.u1437	Term 10, Meeting 2	2014-05-21	Unicameralism	10. mandat	-	Zasedanje 2	2015-10-16	-	Reference	English	Regular	MP	notMinister	SPS	Socijalistička partija Srbije	Coalition	Centre-left	VukićVanja	Vukić, Vanja	M	1978	
ParlaMint-RS-en_2014-05-21-0	ParlaMint-RS_2014-05-21-0.u1438	Term 10, Meeting 2	2014-05-21	Unicameralism	10. mandat	-	Zasedanje 2	2015-10-16	-	Reference	English	Chairperson	MP	notMinister	SNS	Srpska napredna stranka	Coalition	Big tent	GojkovićMaja	Gojković, Maja	F	1963	
ParlaMint-RS-en_2014-05-21-0	ParlaMint-RS_2014-05-21-0.u1439	Term 10, Meeting 2	2014-05-21	Unicameralism	10. mandat	-	Zasedanje 2	2015-10-16	-	Reference	English	Regular	MP	notMinister	NS	Nova Srbija	Coalition	Right	FilipovskiDubravka	Filipovski, Dubravka	F	1967	
ParlaMint-RS-en_2014-05-21-0	ParlaMint-RS_2014-05-21-0.u1440	Term 10, Meeting 2	2014-05-21	Unicameralism	10. mandat	-	Zasedanje 2	2015-10-16	-	Reference	English	Chairperson	MP	notMinister	SNS	Srpska napredna stranka	Coalition	Big tent	GojkovićMaja	Gojković, Maja	F	1963	
ParlaMint-RS-en_2014-05-21-0	ParlaMint-RS_2014-05-21-0.u1441	Term 10, Meeting 2	2014-05-21	Unicameralism	10. mandat	-	Zasedanje 2	2015-10-16	-	Reference	English	Regular	MP	notMinister	Nova	Nova stranka	Coalition	Centre	PavićevićVladimir	Pavićević, Vladimir	M	1978	
ParlaMint-RS-en_2014-05-21-0	ParlaMint-RS_2014-05-21-0.u1442	Term 10, Meeting 2	2014-05-21	Unicameralism	10. mandat	-	Zasedanje 2	2015-10-16	-	Reference	English	Chairperson	MP	notMinister	SNS	Srpska napredna stranka	Coalition	Big tent	GojkovićMaja	Gojković, Maja	F	1963	
ParlaMint-RS-en_2014-05-21-0	ParlaMint-RS_2014-05-21-0.u1443	Term 10, Meeting 2	2014-05-21	Unicameralism	10. mandat	-	Zasedanje 2	2015-10-16	-	Reference	English	Regular	MP	Minister	SNS	Srpska napredna stranka	Coalition	Big tent	StefanovićNebojša	Stefanović, Nebojša	M	1976	
ParlaMint-RS-en_2014-05-21-0	ParlaMint-RS_2014-05-21-0.u1444	Term 10, Meeting 2	2014-05-21	Unicameralism	10. mandat	-	Zasedanje 2	2015-10-16	-	Reference	English	Chairperson	MP	notMinister	SNS	Srpska napredna stranka	Coalition	Big tent	GojkovićMaja	Gojković, Maja	F	1963	
ParlaMint-RS-en_2014-05-21-0	ParlaMint-RS_2014-05-21-0.u1445	Term 10, Meeting 2	2014-05-21	Unicameralism	10. mandat	-	Zasedanje 2	2015-10-16	-	Reference	English	Regular	MP	notMinister	Nova	Nova stranka	Coalition	Centre	ŽivkovićZoran	Živković, Zoran	M	1960	
ParlaMint-RS-en_2014-05-21-0	ParlaMint-RS_2014-05-21-0.u1446	Term 10, Meeting 2	2014-05-21	Unicameralism	10. mandat	-	Zasedanje 2	2015-10-16	-	Reference	English	Chairperson	MP	notMinister	SNS	Srpska napredna stranka	Coalition	Big tent	GojkovićMaja	Gojković, Maja	F	1963	
ParlaMint-RS-en_2014-05-21-0	ParlaMint-RS_2014-05-21-0.u1447	Term 10, Meeting 2	2014-05-21	Unicameralism	10. mandat	-	Zasedanje 2	2015-10-16	-	Reference	English	Regular	MP	Minister	SNS	Srpska napredna stranka	Coalition	Big tent	StefanovićNebojša	Stefanović, Nebojša	M	1976	
ParlaMint-RS-en_2014-05-21-0	ParlaMint-RS_2014-05-21-0.u1448	Term 10, Meeting 2	2014-05-21	Unicameralism	10. mandat	-	Zasedanje 2	2015-10-16	-	Reference	English	Chairperson	MP	notMinister	SNS	Srpska napredna stranka	Coalition	Big tent	GojkovićMaja	Gojković, Maja	F	1963	
ParlaMint-RS-en_2014-05-21-0	ParlaMint-RS_2014-05-21-0.u1449	Term 10, Meeting 2	2014-05-21	Unicameralism	10. mandat	-	Zasedanje 2	2015-10-16	-	Reference	English	Regular	notMP	notMinister	-	-	-	-	StamenkovićBranka	Stamenković, Branka	F	1968	
ParlaMint-RS-en_2014-05-21-0	ParlaMint-RS_2014-05-21-0.u1450	Term 10, Meeting 2	2014-05-21	Unicameralism	10. mandat	-	Zasedanje 2	2015-10-16	-	Reference	English	Chairperson	MP	notMinister	SNS	Srpska napredna stranka	Coalition	Big tent	GojkovićMaja	Gojković, Maja	F	1963	
ParlaMint-RS-en_2014-05-21-0	ParlaMint-RS_2014-05-21-0.u1452	Term 10, Meeting 2	2014-05-21	Unicameralism	10. mandat	-	Zasedanje 2	2015-10-16	-	Reference	English	Regular	MP	notMinister	SDS	Socijaldemokratska stranka	Coalition	Centre-left	ĐurišićMarko	Đurišić, Marko	M	1968	
ParlaMint-RS-en_2014-05-21-0	ParlaMint-RS_2014-05-21-0.u1453	Term 10, Meeting 2	2014-05-21	Unicameralism	10. mandat	-	Zasedanje 2	2015-10-16	-	Reference	English	Chairperson	MP	notMinister	SNS	Srpska napredna stranka	Coalition	Big tent	GojkovićMaja	Gojković, Maja	F	1963	
ParlaMint-RS-en_2014-05-21-0	ParlaMint-RS_2014-05-21-0.u1454	Term 10, Meeting 2	2014-05-21	Unicameralism	10. mandat	-	Zasedanje 2	2015-10-16	-	Reference	English	Regular	notMP	notMinister	-	-	-	-	TomićMiroljub	Tomić, Miroljub	U	-	
ParlaMint-RS-en_2014-05-21-0	ParlaMint-RS_2014-05-21-0.u1455	Term 10, Meeting 2	2014-05-21	Unicameralism	10. mandat	-	Zasedanje 2	2015-10-16	-	Reference	English	Chairperson	MP	notMinister	SNS	Srpska napredna stranka	Coalition	Big tent	BečićIgor	Bečić, Igor	M	1971	
ParlaMint-RS-en_2014-05-21-0	ParlaMint-RS_2014-05-21-0.u1456	Term 10, Meeting 2	2014-05-21	Unicameralism	10. mandat	-	Zasedanje 2	2015-10-16	-	Reference	English	Regular	MP	notMinister	DS	Demokratska stranka	Coalition	Centre-left	ČomićGordana	Čomić, Gordana	F	1958	
ParlaMint-RS-en_2014-05-21-0	ParlaMint-RS_2014-05-21-0.u1457	Term 10, Meeting 2	2014-05-21	Unicameralism	10. mandat	-	Zasedanje 2	2015-10-16	-	Reference	English	Chairperson	MP	notMinister	SNS	Srpska napredna stranka	Coalition	Big tent	BečićIgor	Bečić, Igor	M	1971	
ParlaMint-RS-en_2014-05-21-0	ParlaMint-RS_2014-05-21-0.u1458	Term 10, Meeting 2	2014-05-21	Unicameralism	10. mandat	-	Zasedanje 2	2015-10-16	-	Reference	English	Regular	MP	notMinister	DS	Demokratska stranka	Coalition	Centre-left	ČomićGordana	Čomić, Gordana	F	1958	
ParlaMint-RS-en_2014-05-21-0	ParlaMint-RS_2014-05-21-0.u1459	Term 10, Meeting 2	2014-05-21	Unicameralism	10. mandat	-	Zasedanje 2	2015-10-16	-	Reference	English	Chairperson	MP	notMinister	SNS	Srpska napredna stranka	Coalition	Big tent	BečićIgor	Bečić, Igor	M	1971	
ParlaMint-RS-en_2014-05-21-0	ParlaMint-RS_2014-05-21-0.u1460	Term 10, Meeting 2	2014-05-21	Unicameralism	10. mandat	-	Zasedanje 2	2015-10-16	-	Reference	English	Regular	MP	notMinister	SDS	Socijaldemokratska stranka	Coalition	Centre-left	ĐurišićMarko	Đurišić, Marko	M	1968	
ParlaMint-RS-en_2014-05-21-0	ParlaMint-RS_2014-05-21-0.u1461	Term 10, Meeting 2	2014-05-21	Unicameralism	10. mandat	-	Zasedanje 2	2015-10-16	-	Reference	English	Chairperson	MP	notMinister	SNS	Srpska napredna stranka	Coalition	Big tent	BečićIgor	Bečić, Igor	M	1971	
ParlaMint-RS-en_2014-05-21-0	ParlaMint-RS_2014-05-21-0.u1462	Term 10, Meeting 2	2014-05-21	Unicameralism	10. mandat	-	Zasedanje 2	2015-10-16	-	Reference	English	Regular	MP	notMinister	JS	Jedinstvena Srbija	Coalition	Right	PetrovićPetar	Petrović, Petar	M	1951	
ParlaMint-RS-en_2014-05-21-0	ParlaMint-RS_2014-05-21-0.u1463	Term 10, Meeting 2	2014-05-21	Unicameralism	10. mandat	-	Zasedanje 2	2015-10-16	-	Reference	English	Chairperson	MP	notMinister	SNS	Srpska napredna stranka	Coalition	Big tent	BečićIgor	Bečić, Igor	M	1971	
ParlaMint-RS-en_2014-05-21-0	ParlaMint-RS_2014-05-21-0.u1464	Term 10, Meeting 2	2014-05-21	Unicameralism	10. mandat	-	Zasedanje 2	2015-10-16	-	Reference	English	Regular	notMP	notMinister	-	-	-	-	TomićMiroljub	Tomić, Miroljub	U	-	
ParlaMint-RS-en_2014-05-21-0	ParlaMint-RS_2014-05-21-0.u1465	Term 10, Meeting 2	2014-05-21	Unicameralism	10. mandat	-	Zasedanje 2	2015-10-16	-	Reference	English	Chairperson	MP	notMinister	SNS	Srpska napredna stranka	Coalition	Big tent	BečićIgor	Bečić, Igor	M	1971	
ParlaMint-RS-en_2014-05-21-0	ParlaMint-RS_2014-05-21-0.u1466	Term 10, Meeting 2	2014-05-21	Unicameralism	10. mandat	-	Zasedanje 2	2015-10-16	-	Reference	English	Regular	notMP	notMinister	-	-	-	-	TomićMiroljub	Tomić, Miroljub	U	-	
ParlaMint-RS-en_2014-05-21-0	ParlaMint-RS_2014-05-21-0.u1467	Term 10, Meeting 2	2014-05-21	Unicameralism	10. mandat	-	Zasedanje 2	2015-10-16	-	Reference	English	Chairperson	MP	notMinister	SNS	Srpska napredna stranka	Coalition	Big tent	GojkovićMaja	Gojković, Maja	F	1963	
ParlaMint-RS-en_2014-05-21-0	ParlaMint-RS_2014-05-21-0.u1468	Term 10, Meeting 2	2014-05-21	Unicameralism	10. mandat	-	Zasedanje 2	2015-10-16	-	Reference	English	Regular	MP	notMinister	PREOKRET	PREOKRET	-	Centre	VeselinovićJanko	Veselinović, Janko	M	1965	
ParlaMint-RS-en_2014-05-21-0	ParlaMint-RS_2014-05-21-0.u1469	Term 10, Meeting 2	2014-05-21	Unicameralism	10. mandat	-	Zasedanje 2	2015-10-16	-	Reference	English	Chairperson	MP	notMinister	SNS	Srpska napredna stranka	Coalition	Big tent	GojkovićMaja	Gojković, Maja	F	1963	
ParlaMint-RS-en_2014-05-21-0	ParlaMint-RS_2014-05-21-0.u1471	Term 10, Meeting 2	2014-05-21	Unicameralism	10. mandat	-	Zasedanje 2	2015-10-16	-	Reference	English	Regular	MP	notMinister	SDA	Stranka demokratske akcije Sandžaka	Opposition	Right	ImamovićEnis	Imamović, Enis	M	1984	
ParlaMint-RS-en_2014-05-21-0	ParlaMint-RS_2014-05-21-0.u1472	Term 10, Meeting 2	2014-05-21	Unicameralism	10. mandat	-	Zasedanje 2	2015-10-16	-	Reference	English	Chairperson	MP	notMinister	SNS	Srpska napredna stranka	Coalition	Big tent	GojkovićMaja	Gojković, Maja	F	1963	
ParlaMint-RS-en_2014-05-21-0	ParlaMint-RS_2014-05-21-0.u1473	Term 10, Meeting 2	2014-05-21	Unicameralism	10. mandat	-	Zasedanje 2	2015-10-16	-	Reference	English	Regular	MP	notMinister	SDA	Stranka demokratske akcije Sandžaka	Opposition	Right	ImamovićEnis	Imamović, Enis	M	1984	
ParlaMint-RS-en_2014-05-21-0	ParlaMint-RS_2014-05-21-0.u1474	Term 10, Meeting 2	2014-05-21	Unicameralism	10. mandat	-	Zasedanje 2	2015-10-16	-	Reference	English	Chairperson	MP	notMinister	SNS	Srpska napredna stranka	Coalition	Big tent	GojkovićMaja	Gojković, Maja	F	1963	
ParlaMint-RS-en_2014-05-21-0	ParlaMint-RS_2014-05-21-0.u1475	Term 10, Meeting 2	2014-05-21	Unicameralism	10. mandat	-	Zasedanje 2	2015-10-16	-	Reference	English	Regular	MP	notMinister	SDA	Stranka demokratske akcije Sandžaka	Opposition	Right	ImamovićEnis	Imamović, Enis	M	1984	
ParlaMint-RS-en_2014-05-21-0	ParlaMint-RS_2014-05-21-0.u1476	Term 10, Meeting 2	2014-05-21	Unicameralism	10. mandat	-	Zasedanje 2	2015-10-16	-	Reference	English	Chairperson	MP	notMinister	SNS	Srpska napredna stranka	Coalition	Big tent	GojkovićMaja	Gojković, Maja	F	1963	
ParlaMint-RS-en_2014-05-21-0	ParlaMint-RS_2014-05-21-0.u1477	Term 10, Meeting 2	2014-05-21	Unicameralism	10. mandat	-	Zasedanje 2	2015-10-16	-	Reference	English	Regular	notMP	Minister	-	-	-	-	UdovičkiKori	Udovički, Kori	U	-	
ParlaMint-RS-en_2014-05-21-0	ParlaMint-RS_2014-05-21-0.u1478	Term 10, Meeting 2	2014-05-21	Unicameralism	10. mandat	-	Zasedanje 2	2015-10-16	-	Reference	English	Chairperson	MP	notMinister	SNS	Srpska napredna stranka	Coalition	Big tent	GojkovićMaja	Gojković, Maja	F	1963	
ParlaMint-RS-en_2014-05-21-0	ParlaMint-RS_2014-05-21-0.u1479	Term 10, Meeting 2	2014-05-21	Unicameralism	10. mandat	-	Zasedanje 2	2015-10-16	-	Reference	English	Regular	MP	notMinister	SDA	Stranka demokratske akcije Sandžaka	Opposition	Right	ImamovićEnis	Imamović, Enis	M	1984	
ParlaMint-RS-en_2014-05-21-0	ParlaMint-RS_2014-05-21-0.u1480	Term 10, Meeting 2	2014-05-21	Unicameralism	10. mandat	-	Zasedanje 2	2015-10-16	-	Reference	English	Chairperson	MP	notMinister	SNS	Srpska napredna stranka	Coalition	Big tent	GojkovićMaja	Gojković, Maja	F	1963	
ParlaMint-RS-en_2014-05-21-0	ParlaMint-RS_2014-05-21-0.u1481	Term 10, Meeting 2	2014-05-21	Unicameralism	10. mandat	-	Zasedanje 2	2015-10-16	-	Reference	English	Regular	MP	notMinister	SDA	Stranka demokratske akcije Sandžaka	Opposition	Right	ImamovićEnis	Imamović, Enis	M	1984	
ParlaMint-RS-en_2014-05-21-0	ParlaMint-RS_2014-05-21-0.u1482	Term 10, Meeting 2	2014-05-21	Unicameralism	10. mandat	-	Zasedanje 2	2015-10-16	-	Reference	English	Chairperson	MP	notMinister	SNS	Srpska napredna stranka	Coalition	Big tent	GojkovićMaja	Gojković, Maja	F	1963	
ParlaMint-RS-en_2014-05-21-0	ParlaMint-RS_2014-05-21-0.u1483	Term 10, Meeting 2	2014-05-21	Unicameralism	10. mandat	-	Zasedanje 2	2015-10-16	-	Reference	English	Regular	MP	notMinister	SDA	Stranka demokratske akcije Sandžaka	Opposition	Right	ImamovićEnis	Imamović, Enis	M	1984	
ParlaMint-RS-en_2014-05-21-0	ParlaMint-RS_2014-05-21-0.u1484	Term 10, Meeting 2	2014-05-21	Unicameralism	10. mandat	-	Zasedanje 2	2015-10-16	-	Reference	English	Chairperson	MP	notMinister	SNS	Srpska napredna stranka	Coalition	Big tent	GojkovićMaja	Gojković, Maja	F	1963	
ParlaMint-RS-en_2014-05-21-0	ParlaMint-RS_2014-05-21-0.u1485	Term 10, Meeting 2	2014-05-21	Unicameralism	10. mandat	-	Zasedanje 2	2015-10-16	-	Reference	English	Regular	MP	notMinister	SDA	Stranka demokratske akcije Sandžaka	Opposition	Right	ImamovićEnis	Imamović, Enis	M	1984	
ParlaMint-RS-en_2014-05-21-0	ParlaMint-RS_2014-05-21-0.u1486	Term 10, Meeting 2	2014-05-21	Unicameralism	10. mandat	-	Zasedanje 2	2015-10-16	-	Reference	English	Chairperson	MP	notMinister	SNS	Srpska napredna stranka	Coalition	Big tent	GojkovićMaja	Gojković, Maja	F	1963	
ParlaMint-RS-en_2014-05-21-0	ParlaMint-RS_2014-05-21-0.u1487	Term 10, Meeting 2	2014-05-21	Unicameralism	10. mandat	-	Zasedanje 2	2015-10-16	-	Reference	English	Regular	MP	notMinister	DS	Demokratska stranka	Coalition	Centre-left	MilisavljevićDušan	Milisavljević, Dušan	M	1968	
ParlaMint-RS-en_2014-05-21-0	ParlaMint-RS_2014-05-21-0.u1488	Term 10, Meeting 2	2014-05-21	Unicameralism	10. mandat	-	Zasedanje 2	2015-10-16	-	Reference	English	Chairperson	MP	notMinister	SNS	Srpska napredna stranka	Coalition	Big tent	GojkovićMaja	Gojković, Maja	F	1963	
ParlaMint-RS-en_2014-05-21-0	ParlaMint-RS_2014-05-21-0.u1489	Term 10, Meeting 2	2014-05-21	Unicameralism	10. mandat	-	Zasedanje 2	2015-10-16	-	Reference	English	Regular	MP	notMinister	SDA	Stranka demokratske akcije Sandžaka	Opposition	Right	ImamovićEnis	Imamović, Enis	M	1984	
ParlaMint-RS-en_2014-05-21-0	ParlaMint-RS_2014-05-21-0.u1490	Term 10, Meeting 2	2014-05-21	Unicameralism	10. mandat	-	Zasedanje 2	2015-10-16	-	Reference	English	Chairperson	MP	notMinister	SNS	Srpska napredna stranka	Coalition	Big tent	GojkovićMaja	Gojković, Maja	F	1963	
ParlaMint-RS-en_2014-05-21-0	ParlaMint-RS_2014-05-21-0.u1491	Term 10, Meeting 2	2014-05-21	Unicameralism	10. mandat	-	Zasedanje 2	2015-10-16	-	Reference	English	Regular	notMP	Minister	-	-	-	-	UdovičkiKori	Udovički, Kori	U	-	
ParlaMint-RS-en_2014-05-21-0	ParlaMint-RS_2014-05-21-0.u1492	Term 10, Meeting 2	2014-05-21	Unicameralism	10. mandat	-	Zasedanje 2	2015-10-16	-	Reference	English	Chairperson	MP	notMinister	SNS	Srpska napredna stranka	Coalition	Big tent	GojkovićMaja	Gojković, Maja	F	1963	
ParlaMint-RS-en_2014-05-21-0	ParlaMint-RS_2014-05-21-0.u1493	Term 10, Meeting 2	2014-05-21	Unicameralism	10. mandat	-	Zasedanje 2	2015-10-16	-	Reference	English	Regular	MP	notMinister	DS	Demokratska stranka	Coalition	Centre-left	ČomićGordana	Čomić, Gordana	F	1958	
ParlaMint-RS-en_2014-05-21-0	ParlaMint-RS_2014-05-21-0.u1494	Term 10, Meeting 2	2014-05-21	Unicameralism	10. mandat	-	Zasedanje 2	2015-10-16	-	Reference	English	Chairperson	MP	notMinister	SNS	Srpska napredna stranka	Coalition	Big tent	GojkovićMaja	Gojković, Maja	F	1963	
ParlaMint-RS-en_2014-05-21-0	ParlaMint-RS_2014-05-21-0.u1495	Term 10, Meeting 2	2014-05-21	Unicameralism	10. mandat	-	Zasedanje 2	2015-10-16	-	Reference	English	Regular	MP	notMinister	LSV	Liga socijaldemokrata Vojvodine	Coalition	Centre-left	PapugaOlena	Papuga, Olena	F	1964	
ParlaMint-RS-en_2014-05-21-0	ParlaMint-RS_2014-05-21-0.u1496	Term 10, Meeting 2	2014-05-21	Unicameralism	10. mandat	-	Zasedanje 2	2015-10-16	-	Reference	English	Chairperson	MP	notMinister	SNS	Srpska napredna stranka	Coalition	Big tent	GojkovićMaja	Gojković, Maja	F	1963	
ParlaMint-RS-en_2014-05-21-0	ParlaMint-RS_2014-05-21-0.u1497	Term 10, Meeting 2	2014-05-21	Unicameralism	10. mandat	-	Zasedanje 2	2015-10-16	-	Reference	English	Regular	MP	notMinister	DS	Demokratska stranka	Coalition	Centre-left	ČomićGordana	Čomić, Gordana	F	1958	
ParlaMint-RS-en_2014-05-21-0	ParlaMint-RS_2014-05-21-0.u1498	Term 10, Meeting 2	2014-05-21	Unicameralism	10. mandat	-	Zasedanje 2	2015-10-16	-	Reference	English	Chairperson	MP	notMinister	SNS	Srpska napredna stranka	Coalition	Big tent	GojkovićMaja	Gojković, Maja	F	1963	
ParlaMint-RS-en_2014-05-21-0	ParlaMint-RS_2014-05-21-0.u1499	Term 10, Meeting 2	2014-05-21	Unicameralism	10. mandat	-	Zasedanje 2	2015-10-16	-	Reference	English	Regular	MP	notMinister	SDS	Socijaldemokratska stranka	Coalition	Centre-left	HasanovićKoraćBiljana	Hasanović-Korać, Biljana	F	1955	
ParlaMint-RS-en_2014-05-21-0	ParlaMint-RS_2014-05-21-0.u1500	Term 10, Meeting 2	2014-05-21	Unicameralism	10. mandat	-	Zasedanje 2	2015-10-16	-	Reference	English	Chairperson	MP	notMinister	SNS	Srpska napredna stranka	Coalition	Big tent	GojkovićMaja	Gojković, Maja	F	1963	
ParlaMint-RS-en_2014-05-21-0	ParlaMint-RS_2014-05-21-0.u1501	Term 10, Meeting 2	2014-05-21	Unicameralism	10. mandat	-	Zasedanje 2	2015-10-16	-	Reference	English	Regular	MP	notMinister	PREOKRET	PREOKRET	-	Centre	VeselinovićJanko	Veselinović, Janko	M	1965	
ParlaMint-RS-en_2014-05-21-0	ParlaMint-RS_2014-05-21-0.u1502	Term 10, Meeting 2	2014-05-21	Unicameralism	10. mandat	-	Zasedanje 2	2015-10-16	-	Reference	English	Chairperson	MP	notMinister	SNS	Srpska napredna stranka	Coalition	Big tent	GojkovićMaja	Gojković, Maja	F	1963	
ParlaMint-RS-en_2014-05-21-0	ParlaMint-RS_2014-05-21-0.u1503	Term 10, Meeting 2	2014-05-21	Unicameralism	10. mandat	-	Zasedanje 2	2015-10-16	-	Reference	English	Regular	MP	notMinister	PREOKRET	PREOKRET	-	Centre	VeselinovićJanko	Veselinović, Janko	M	1965	
ParlaMint-RS-en_2014-05-21-0	ParlaMint-RS_2014-05-21-0.u1504	Term 10, Meeting 2	2014-05-21	Unicameralism	10. mandat	-	Zasedanje 2	2015-10-16	-	Reference	English	Chairperson	MP	notMinister	SNS	Srpska napredna stranka	Coalition	Big tent	GojkovićMaja	Gojković, Maja	F	1963	
ParlaMint-RS-en_2014-05-21-0	ParlaMint-RS_2014-05-21-0.u1505	Term 10, Meeting 2	2014-05-21	Unicameralism	10. mandat	-	Zasedanje 2	2015-10-16	-	Reference	English	Regular	MP	notMinister	PREOKRET	PREOKRET	-	Centre	VeselinovićJanko	Veselinović, Janko	M	1965	
ParlaMint-RS-en_2014-05-21-0	ParlaMint-RS_2014-05-21-0.u1506	Term 10, Meeting 2	2014-05-21	Unicameralism	10. mandat	-	Zasedanje 2	2015-10-16	-	Reference	English	Chairperson	MP	notMinister	SNS	Srpska napredna stranka	Coalition	Big tent	GojkovićMaja	Gojković, Maja	F	1963	
ParlaMint-RS-en_2014-05-21-0	ParlaMint-RS_2014-05-21-0.u1507	Term 10, Meeting 2	2014-05-21	Unicameralism	10. mandat	-	Zasedanje 2	2015-10-16	-	Reference	English	Regular	notMP	Minister	-	-	-	-	UdovičkiKori	Udovički, Kori	U	-	
ParlaMint-RS-en_2014-05-21-0	ParlaMint-RS_2014-05-21-0.u1508	Term 10, Meeting 2	2014-05-21	Unicameralism	10. mandat	-	Zasedanje 2	2015-10-16	-	Reference	English	Chairperson	MP	notMinister	SNS	Srpska napredna stranka	Coalition	Big tent	GojkovićMaja	Gojković, Maja	F	1963	
ParlaMint-RS-en_2014-05-21-0	ParlaMint-RS_2014-05-21-0.u1509	Term 10, Meeting 2	2014-05-21	Unicameralism	10. mandat	-	Zasedanje 2	2015-10-16	-	Reference	English	Regular	MP	notMinister	SDS	Socijaldemokratska stranka	Coalition	Centre-left	HasanovićKoraćBiljana	Hasanović-Korać, Biljana	F	1955	
ParlaMint-RS-en_2014-05-21-0	ParlaMint-RS_2014-05-21-0.u1510	Term 10, Meeting 2	2014-05-21	Unicameralism	10. mandat	-	Zasedanje 2	2015-10-16	-	Reference	English	Chairperson	MP	notMinister	SNS	Srpska napredna stranka	Coalition	Big tent	GojkovićMaja	Gojković, Maja	F	1963	
ParlaMint-RS-en_2014-05-21-0	ParlaMint-RS_2014-05-21-0.u1511	Term 10, Meeting 2	2014-05-21	Unicameralism	10. mandat	-	Zasedanje 2	2015-10-16	-	Reference	English	Regular	notMP	Minister	-	-	-	-	UdovičkiKori	Udovički, Kori	U	-	
ParlaMint-RS-en_2014-05-21-0	ParlaMint-RS_2014-05-21-0.u1512	Term 10, Meeting 2	2014-05-21	Unicameralism	10. mandat	-	Zasedanje 2	2015-10-16	-	Reference	English	Chairperson	MP	notMinister	SNS	Srpska napredna stranka	Coalition	Big tent	GojkovićMaja	Gojković, Maja	F	1963	
ParlaMint-RS-en_2014-05-21-0	ParlaMint-RS_2014-05-21-0.u1513	Term 10, Meeting 2	2014-05-21	Unicameralism	10. mandat	-	Zasedanje 2	2015-10-16	-	Reference	English	Regular	MP	notMinister	DS	Demokratska stranka	Coalition	Centre-left	ČomićGordana	Čomić, Gordana	F	1958	
ParlaMint-RS-en_2014-05-21-0	ParlaMint-RS_2014-05-21-0.u1514	Term 10, Meeting 2	2014-05-21	Unicameralism	10. mandat	-	Zasedanje 2	2015-10-16	-	Reference	English	Chairperson	MP	notMinister	SNS	Srpska napredna stranka	Coalition	Big tent	GojkovićMaja	Gojković, Maja	F	1963	
ParlaMint-RS-en_2014-05-21-0	ParlaMint-RS_2014-05-21-0.u1515	Term 10, Meeting 2	2014-05-21	Unicameralism	10. mandat	-	Zasedanje 2	2015-10-16	-	Reference	English	Regular	MP	notMinister	LSV	Liga socijaldemokrata Vojvodine	Coalition	Centre-left	PapugaOlena	Papuga, Olena	F	1964	
ParlaMint-RS-en_2014-05-21-0	ParlaMint-RS_2014-05-21-0.u1516	Term 10, Meeting 2	2014-05-21	Unicameralism	10. mandat	-	Zasedanje 2	2015-10-16	-	Reference	English	Chairperson	MP	notMinister	SNS	Srpska napredna stranka	Coalition	Big tent	GojkovićMaja	Gojković, Maja	F	1963	
ParlaMint-RS-en_2014-05-21-0	ParlaMint-RS_2014-05-21-0.u1517	Term 10, Meeting 2	2014-05-21	Unicameralism	10. mandat	-	Zasedanje 2	2015-10-16	-	Reference	English	Regular	MP	notMinister	PREOKRET	PREOKRET	-	Centre	VeselinovićJanko	Veselinović, Janko	M	1965	
ParlaMint-RS-en_2014-05-21-0	ParlaMint-RS_2014-05-21-0.u1518	Term 10, Meeting 2	2014-05-21	Unicameralism	10. mandat	-	Zasedanje 2	2015-10-16	-	Reference	English	Chairperson	MP	notMinister	SNS	Srpska napredna stranka	Coalition	Big tent	GojkovićMaja	Gojković, Maja	F	1963	
ParlaMint-RS-en_2014-05-21-0	ParlaMint-RS_2014-05-21-0.u1519	Term 10, Meeting 2	2014-05-21	Unicameralism	10. mandat	-	Zasedanje 2	2015-10-16	-	Reference	English	Regular	MP	notMinister	PREOKRET	PREOKRET	-	Centre	VeselinovićJanko	Veselinović, Janko	M	1965	
ParlaMint-RS-en_2014-05-21-0	ParlaMint-RS_2014-05-21-0.u1520	Term 10, Meeting 2	2014-05-21	Unicameralism	10. mandat	-	Zasedanje 2	2015-10-16	-	Reference	English	Chairperson	MP	notMinister	SNS	Srpska napredna stranka	Coalition	Big tent	GojkovićMaja	Gojković, Maja	F	1963	
ParlaMint-RS-en_2014-05-21-0	ParlaMint-RS_2014-05-21-0.u1521	Term 10, Meeting 2	2014-05-21	Unicameralism	10. mandat	-	Zasedanje 2	2015-10-16	-	Reference	English	Regular	MP	notMinister	PREOKRET	PREOKRET	-	Centre	VeselinovićJanko	Veselinović, Janko	M	1965	
ParlaMint-RS-en_2014-05-21-0	ParlaMint-RS_2014-05-21-0.u1522	Term 10, Meeting 2	2014-05-21	Unicameralism	10. mandat	-	Zasedanje 2	2015-10-16	-	Reference	English	Chairperson	MP	notMinister	SNS	Srpska napredna stranka	Coalition	Big tent	GojkovićMaja	Gojković, Maja	F	1963	
ParlaMint-RS-en_2014-05-21-0	ParlaMint-RS_2014-05-21-0.u1523	Term 10, Meeting 2	2014-05-21	Unicameralism	10. mandat	-	Zasedanje 2	2015-10-16	-	Reference	English	Regular	MP	notMinister	PREOKRET	PREOKRET	-	Centre	VeselinovićJanko	Veselinović, Janko	M	1965	
ParlaMint-RS-en_2014-05-21-0	ParlaMint-RS_2014-05-21-0.u1524	Term 10, Meeting 2	2014-05-21	Unicameralism	10. mandat	-	Zasedanje 2	2015-10-16	-	Reference	English	Chairperson	MP	notMinister	SNS	Srpska napredna stranka	Coalition	Big tent	ArsićVeroljub	Arsić, Veroljub	M	1969	
ParlaMint-RS-en_2014-05-21-0	ParlaMint-RS_2014-05-21-0.u1525	Term 10, Meeting 2	2014-05-21	Unicameralism	10. mandat	-	Zasedanje 2	2015-10-16	-	Reference	English	Regular	MP	notMinister	SDPS	Socijaldemokratska partija Srbije	Coalition	Centre-left	OmerovićMeho	Omerović, Meho	M	1959	
ParlaMint-RS-en_2014-05-21-0	ParlaMint-RS_2014-05-21-0.u1526	Term 10, Meeting 2	2014-05-21	Unicameralism	10. mandat	-	Zasedanje 2	2015-10-16	-	Reference	English	Chairperson	MP	notMinister	SNS	Srpska napredna stranka	Coalition	Big tent	ArsićVeroljub	Arsić, Veroljub	M	1969	
ParlaMint-RS-en_2014-05-21-0	ParlaMint-RS_2014-05-21-0.u1527	Term 10, Meeting 2	2014-05-21	Unicameralism	10. mandat	-	Zasedanje 2	2015-10-16	-	Reference	English	Regular	MP	notMinister	SDPS	Socijaldemokratska partija Srbije	Coalition	Centre-left	OmerovićMeho	Omerović, Meho	M	1959	
ParlaMint-RS-en_2014-05-21-0	ParlaMint-RS_2014-05-21-0.u1528	Term 10, Meeting 2	2014-05-21	Unicameralism	10. mandat	-	Zasedanje 2	2015-10-16	-	Reference	English	Chairperson	MP	notMinister	SNS	Srpska napredna stranka	Coalition	Big tent	ArsićVeroljub	Arsić, Veroljub	M	1969	
ParlaMint-RS-en_2014-05-21-0	ParlaMint-RS_2014-05-21-0.u1529	Term 10, Meeting 2	2014-05-21	Unicameralism	10. mandat	-	Zasedanje 2	2015-10-16	-	Reference	English	Regular	MP	notMinister	PREOKRET	PREOKRET	-	Centre	VeselinovićJanko	Veselinović, Janko	M	1965	
ParlaMint-RS-en_2014-05-21-0	ParlaMint-RS_2014-05-21-0.u1530	Term 10, Meeting 2	2014-05-21	Unicameralism	10. mandat	-	Zasedanje 2	2015-10-16	-	Reference	English	Chairperson	MP	notMinister	SNS	Srpska napredna stranka	Coalition	Big tent	ArsićVeroljub	Arsić, Veroljub	M	1969	
ParlaMint-RS-en_2014-05-21-0	ParlaMint-RS_2014-05-21-0.u1531	Term 10, Meeting 2	2014-05-21	Unicameralism	10. mandat	-	Zasedanje 2	2015-10-16	-	Reference	English	Regular	MP	notMinister	SDPS	Socijaldemokratska partija Srbije	Coalition	Centre-left	OmerovićMeho	Omerović, Meho	M	1959	
ParlaMint-RS-en_2014-05-21-0	ParlaMint-RS_2014-05-21-0.u1532	Term 10, Meeting 2	2014-05-21	Unicameralism	10. mandat	-	Zasedanje 2	2015-10-16	-	Reference	English	Chairperson	MP	notMinister	SNS	Srpska napredna stranka	Coalition	Big tent	ArsićVeroljub	Arsić, Veroljub	M	1969	
ParlaMint-RS-en_2014-05-21-0	ParlaMint-RS_2014-05-21-0.u1533	Term 10, Meeting 2	2014-05-21	Unicameralism	10. mandat	-	Zasedanje 2	2015-10-16	-	Reference	English	Regular	MP	notMinister	SDPS	Socijaldemokratska partija Srbije	Coalition	Centre-left	OmerovićMeho	Omerović, Meho	M	1959	
ParlaMint-RS-en_2014-05-21-0	ParlaMint-RS_2014-05-21-0.u1534	Term 10, Meeting 2	2014-05-21	Unicameralism	10. mandat	-	Zasedanje 2	2015-10-16	-	Reference	English	Chairperson	MP	notMinister	SNS	Srpska napredna stranka	Coalition	Big tent	ArsićVeroljub	Arsić, Veroljub	M	1969	
ParlaMint-RS-en_2014-05-21-0	ParlaMint-RS_2014-05-21-0.u1535	Term 10, Meeting 2	2014-05-21	Unicameralism	10. mandat	-	Zasedanje 2	2015-10-16	-	Reference	English	Regular	MP	notMinister	SNS	Srpska napredna stranka	Coalition	Big tent	RističevićMarijan	Rističević, Marijan	M	1958	
ParlaMint-RS-en_2014-05-21-0	ParlaMint-RS_2014-05-21-0.u1536	Term 10, Meeting 2	2014-05-21	Unicameralism	10. mandat	-	Zasedanje 2	2015-10-16	-	Reference	English	Chairperson	MP	notMinister	SNS	Srpska napredna stranka	Coalition	Big tent	ArsićVeroljub	Arsić, Veroljub	M	1969	
ParlaMint-RS-en_2014-05-21-0	ParlaMint-RS_2014-05-21-0.u1537	Term 10, Meeting 2	2014-05-21	Unicameralism	10. mandat	-	Zasedanje 2	2015-10-16	-	Reference	English	Regular	MP	notMinister	DS	Demokratska stranka	Coalition	Centre-left	ČomićGordana	Čomić, Gordana	F	1958	
ParlaMint-RS-en_2014-05-21-0	ParlaMint-RS_2014-05-21-0.u1538	Term 10, Meeting 2	2014-05-21	Unicameralism	10. mandat	-	Zasedanje 2	2015-10-16	-	Reference	English	Chairperson	MP	notMinister	SNS	Srpska napredna stranka	Coalition	Big tent	ArsićVeroljub	Arsić, Veroljub	M	1969	
ParlaMint-RS-en_2014-05-21-0	ParlaMint-RS_2014-05-21-0.u1539	Term 10, Meeting 2	2014-05-21	Unicameralism	10. mandat	-	Zasedanje 2	2015-10-16	-	Reference	English	Regular	notMP	Minister	-	-	-	-	UdovičkiKori	Udovički, Kori	U	-	
ParlaMint-RS-en_2014-05-21-0	ParlaMint-RS_2014-05-21-0.u1540	Term 10, Meeting 2	2014-05-21	Unicameralism	10. mandat	-	Zasedanje 2	2015-10-16	-	Reference	English	Chairperson	MP	notMinister	SNS	Srpska napredna stranka	Coalition	Big tent	ArsićVeroljub	Arsić, Veroljub	M	1969	
ParlaMint-RS-en_2014-05-21-0	ParlaMint-RS_2014-05-21-0.u1541	Term 10, Meeting 2	2014-05-21	Unicameralism	10. mandat	-	Zasedanje 2	2015-10-16	-	Reference	English	Regular	MP	notMinister	SNS	Srpska napredna stranka	Coalition	Big tent	BabićZoran	Babić, Zoran	M	1971	
ParlaMint-RS-en_2014-05-21-0	ParlaMint-RS_2014-05-21-0.u1542	Term 10, Meeting 2	2014-05-21	Unicameralism	10. mandat	-	Zasedanje 2	2015-10-16	-	Reference	English	Chairperson	MP	notMinister	SNS	Srpska napredna stranka	Coalition	Big tent	ArsićVeroljub	Arsić, Veroljub	M	1969	
ParlaMint-RS-en_2014-05-21-0	ParlaMint-RS_2014-05-21-0.u1543	Term 10, Meeting 2	2014-05-21	Unicameralism	10. mandat	-	Zasedanje 2	2015-10-16	-	Reference	English	Regular	MP	notMinister	SDP	Sandžačka demokratska partija	-	Centre-right	BačevacMuamer	Bačevac, Muamer	M	1977	
ParlaMint-RS-en_2014-05-21-0	ParlaMint-RS_2014-05-21-0.u1544	Term 10, Meeting 2	2014-05-21	Unicameralism	10. mandat	-	Zasedanje 2	2015-10-16	-	Reference	English	Chairperson	MP	notMinister	SNS	Srpska napredna stranka	Coalition	Big tent	ArsićVeroljub	Arsić, Veroljub	M	1969	
ParlaMint-RS-en_2014-05-21-0	ParlaMint-RS_2014-05-21-0.u1545	Term 10, Meeting 2	2014-05-21	Unicameralism	10. mandat	-	Zasedanje 2	2015-10-16	-	Reference	English	Regular	MP	notMinister	SDA	Stranka demokratske akcije Sandžaka	Opposition	Right	ImamovićEnis	Imamović, Enis	M	1984	
ParlaMint-RS-en_2014-05-21-0	ParlaMint-RS_2014-05-21-0.u1546	Term 10, Meeting 2	2014-05-21	Unicameralism	10. mandat	-	Zasedanje 2	2015-10-16	-	Reference	English	Chairperson	MP	notMinister	SNS	Srpska napredna stranka	Coalition	Big tent	ArsićVeroljub	Arsić, Veroljub	M	1969	
ParlaMint-RS-en_2014-05-21-0	ParlaMint-RS_2014-05-21-0.u1547	Term 10, Meeting 2	2014-05-21	Unicameralism	10. mandat	-	Zasedanje 2	2015-10-16	-	Reference	English	Regular	MP	notMinister	SNS	Srpska napredna stranka	Coalition	Big tent	BabićVlado	Babić, Vlado	M	1960	
ParlaMint-RS-en_2014-05-21-0	ParlaMint-RS_2014-05-21-0.u1548	Term 10, Meeting 2	2014-05-21	Unicameralism	10. mandat	-	Zasedanje 2	2015-10-16	-	Reference	English	Chairperson	MP	notMinister	SNS	Srpska napredna stranka	Coalition	Big tent	ArsićVeroljub	Arsić, Veroljub	M	1969	
ParlaMint-RS-en_2014-05-21-0	ParlaMint-RS_2014-05-21-0.u1549	Term 10, Meeting 2	2014-05-21	Unicameralism	10. mandat	-	Zasedanje 2	2015-10-16	-	Reference	English	Regular	MP	notMinister	SNS	Srpska napredna stranka	Coalition	Big tent	StojanovićMomir	Stojanović, Momir	M	1958	
ParlaMint-RS-en_2014-05-21-0	ParlaMint-RS_2014-05-21-0.u1550	Term 10, Meeting 2	2014-05-21	Unicameralism	10. mandat	-	Zasedanje 2	2015-10-16	-	Reference	English	Chairperson	MP	notMinister	SNS	Srpska napredna stranka	Coalition	Big tent	ArsićVeroljub	Arsić, Veroljub	M	1969	
ParlaMint-RS-en_2014-05-21-0	ParlaMint-RS_2014-05-21-0.u1551	Term 10, Meeting 2	2014-05-21	Unicameralism	10. mandat	-	Zasedanje 2	2015-10-16	-	Reference	English	Regular	MP	notMinister	PDD	Partija za demokratsko delovanje	Opposition	Centre-right	HalimiRiza	Halimi, Riza	M	1947	
ParlaMint-RS-en_2014-05-21-0	ParlaMint-RS_2014-05-21-0.u1552	Term 10, Meeting 2	2014-05-21	Unicameralism	10. mandat	-	Zasedanje 2	2015-10-16	-	Reference	English	Chairperson	MP	notMinister	SNS	Srpska napredna stranka	Coalition	Big tent	ArsićVeroljub	Arsić, Veroljub	M	1969	
ParlaMint-RS-en_2014-05-21-0	ParlaMint-RS_2014-05-21-0.u1553	Term 10, Meeting 2	2014-05-21	Unicameralism	10. mandat	-	Zasedanje 2	2015-10-16	-	Reference	English	Regular	MP	notMinister	PDD	Partija za demokratsko delovanje	Opposition	Centre-right	KamberiŠaip	Kamberi, Šaip	M	1964	
ParlaMint-RS-en_2014-05-21-0	ParlaMint-RS_2014-05-21-0.u1554	Term 10, Meeting 2	2014-05-21	Unicameralism	10. mandat	-	Zasedanje 2	2015-10-16	-	Reference	English	Chairperson	MP	notMinister	SNS	Srpska napredna stranka	Coalition	Big tent	ArsićVeroljub	Arsić, Veroljub	M	1969	
ParlaMint-RS-en_2014-05-21-0	ParlaMint-RS_2014-05-21-0.u1555	Term 10, Meeting 2	2014-05-21	Unicameralism	10. mandat	-	Zasedanje 2	2015-10-16	-	Reference	English	Regular	MP	notMinister	SNS	Srpska napredna stranka	Coalition	Big tent	BabićVlado	Babić, Vlado	M	1960	
ParlaMint-RS-en_2014-05-21-0	ParlaMint-RS_2014-05-21-0.u1556	Term 10, Meeting 2	2014-05-21	Unicameralism	10. mandat	-	Zasedanje 2	2015-10-16	-	Reference	English	Chairperson	MP	notMinister	SNS	Srpska napredna stranka	Coalition	Big tent	ArsićVeroljub	Arsić, Veroljub	M	1969	
ParlaMint-RS-en_2014-05-21-0	ParlaMint-RS_2014-05-21-0.u1557	Term 10, Meeting 2	2014-05-21	Unicameralism	10. mandat	-	Zasedanje 2	2015-10-16	-	Reference	English	Regular	MP	notMinister	SNS	Srpska napredna stranka	Coalition	Big tent	StojanovićMomir	Stojanović, Momir	M	1958	
ParlaMint-RS-en_2014-05-21-0	ParlaMint-RS_2014-05-21-0.u1558	Term 10, Meeting 2	2014-05-21	Unicameralism	10. mandat	-	Zasedanje 2	2015-10-16	-	Reference	English	Chairperson	MP	notMinister	SNS	Srpska napredna stranka	Coalition	Big tent	ArsićVeroljub	Arsić, Veroljub	M	1969	
ParlaMint-RS-en_2014-05-21-0	ParlaMint-RS_2014-05-21-0.u1559	Term 10, Meeting 2	2014-05-21	Unicameralism	10. mandat	-	Zasedanje 2	2015-10-16	-	Reference	English	Regular	MP	notMinister	SNS	Srpska napredna stranka	Coalition	Big tent	RističevićMarijan	Rističević, Marijan	M	1958	
ParlaMint-RS-en_2014-05-21-0	ParlaMint-RS_2014-05-21-0.u1560	Term 10, Meeting 2	2014-05-21	Unicameralism	10. mandat	-	Zasedanje 2	2015-10-16	-	Reference	English	Chairperson	MP	notMinister	SNS	Srpska napredna stranka	Coalition	Big tent	ArsićVeroljub	Arsić, Veroljub	M	1969	
ParlaMint-RS-en_2014-05-21-0	ParlaMint-RS_2014-05-21-0.u1561	Term 10, Meeting 2	2014-05-21	Unicameralism	10. mandat	-	Zasedanje 2	2015-10-16	-	Reference	English	Regular	MP	notMinister	SNS	Srpska napredna stranka	Coalition	Big tent	RističevićMarijan	Rističević, Marijan	M	1958	
ParlaMint-RS-en_2014-05-21-0	ParlaMint-RS_2014-05-21-0.u1562	Term 10, Meeting 2	2014-05-21	Unicameralism	10. mandat	-	Zasedanje 2	2015-10-16	-	Reference	English	Chairperson	MP	notMinister	SNS	Srpska napredna stranka	Coalition	Big tent	ArsićVeroljub	Arsić, Veroljub	M	1969	
ParlaMint-RS-en_2014-05-21-0	ParlaMint-RS_2014-05-21-0.u1563	Term 10, Meeting 2	2014-05-21	Unicameralism	10. mandat	-	Zasedanje 2	2015-10-16	-	Reference	English	Regular	MP	notMinister	SNS	Srpska napredna stranka	Coalition	Big tent	RističevićMarijan	Rističević, Marijan	M	1958	
ParlaMint-RS-en_2014-05-21-0	ParlaMint-RS_2014-05-21-0.u1564	Term 10, Meeting 2	2014-05-21	Unicameralism	10. mandat	-	Zasedanje 2	2015-10-16	-	Reference	English	Chairperson	MP	notMinister	SNS	Srpska napredna stranka	Coalition	Big tent	ArsićVeroljub	Arsić, Veroljub	M	1969	
ParlaMint-RS-en_2014-05-21-0	ParlaMint-RS_2014-05-21-0.u1565	Term 10, Meeting 2	2014-05-21	Unicameralism	10. mandat	-	Zasedanje 2	2015-10-16	-	Reference	English	Regular	MP	notMinister	PDD	Partija za demokratsko delovanje	Opposition	Centre-right	KamberiŠaip	Kamberi, Šaip	M	1964	
ParlaMint-RS-en_2014-05-21-0	ParlaMint-RS_2014-05-21-0.u1566	Term 10, Meeting 2	2014-05-21	Unicameralism	10. mandat	-	Zasedanje 2	2015-10-16	-	Reference	English	Chairperson	MP	notMinister	SNS	Srpska napredna stranka	Coalition	Big tent	ArsićVeroljub	Arsić, Veroljub	M	1969	
ParlaMint-RS-en_2014-05-21-0	ParlaMint-RS_2014-05-21-0.u1567	Term 10, Meeting 2	2014-05-21	Unicameralism	10. mandat	-	Zasedanje 2	2015-10-16	-	Reference	English	Regular	MP	notMinister	PDD	Partija za demokratsko delovanje	Opposition	Centre-right	HalimiRiza	Halimi, Riza	M	1947	
ParlaMint-RS-en_2014-05-21-0	ParlaMint-RS_2014-05-21-0.u1568	Term 10, Meeting 2	2014-05-21	Unicameralism	10. mandat	-	Zasedanje 2	2015-10-16	-	Reference	English	Chairperson	MP	notMinister	SNS	Srpska napredna stranka	Coalition	Big tent	ArsićVeroljub	Arsić, Veroljub	M	1969	
ParlaMint-RS-en_2014-05-21-0	ParlaMint-RS_2014-05-21-0.u1569	Term 10, Meeting 2	2014-05-21	Unicameralism	10. mandat	-	Zasedanje 2	2015-10-16	-	Reference	English	Regular	notMP	Minister	-	-	-	-	UdovičkiKori	Udovički, Kori	U	-	
ParlaMint-RS-en_2014-05-21-0	ParlaMint-RS_2014-05-21-0.u1570	Term 10, Meeting 2	2014-05-21	Unicameralism	10. mandat	-	Zasedanje 2	2015-10-16	-	Reference	English	Chairperson	MP	notMinister	SNS	Srpska napredna stranka	Coalition	Big tent	RističevićMarijan	Rističević, Marijan	M	1958	
ParlaMint-RS-en_2014-05-21-0	ParlaMint-RS_2014-05-21-0.u1571	Term 10, Meeting 2	2014-05-21	Unicameralism	10. mandat	-	Zasedanje 2	2015-10-16	-	Reference	English	Chairperson	MP	notMinister	SNS	Srpska napredna stranka	Coalition	Big tent	ArsićVeroljub	Arsić, Veroljub	M	1969	
ParlaMint-RS-en_2014-05-21-0	ParlaMint-RS_2014-05-21-0.u1572	Term 10, Meeting 2	2014-05-21	Unicameralism	10. mandat	-	Zasedanje 2	2015-10-16	-	Reference	English	Regular	MP	notMinister	Nova	Nova stranka	Coalition	Centre	ŽivkovićZoran	Živković, Zoran	M	1960	
ParlaMint-RS-en_2014-05-21-0	ParlaMint-RS_2014-05-21-0.u1573	Term 10, Meeting 2	2014-05-21	Unicameralism	10. mandat	-	Zasedanje 2	2015-10-16	-	Reference	English	Chairperson	MP	notMinister	SNS	Srpska napredna stranka	Coalition	Big tent	ArsićVeroljub	Arsić, Veroljub	M	1969	
ParlaMint-RS-en_2014-05-21-0	ParlaMint-RS_2014-05-21-0.u1574	Term 10, Meeting 2	2014-05-21	Unicameralism	10. mandat	-	Zasedanje 2	2015-10-16	-	Reference	English	Regular	MP	notMinister	SNS	Srpska napredna stranka	Coalition	Big tent	StojanovićMomir	Stojanović, Momir	M	1958	
ParlaMint-RS-en_2014-05-21-0	ParlaMint-RS_2014-05-21-0.u1575	Term 10, Meeting 2	2014-05-21	Unicameralism	10. mandat	-	Zasedanje 2	2015-10-16	-	Reference	English	Chairperson	MP	notMinister	SNS	Srpska napredna stranka	Coalition	Big tent	ArsićVeroljub	Arsić, Veroljub	M	1969	
ParlaMint-RS-en_2014-05-21-0	ParlaMint-RS_2014-05-21-0.u1576	Term 10, Meeting 2	2014-05-21	Unicameralism	10. mandat	-	Zasedanje 2	2015-10-16	-	Reference	English	Regular	MP	notMinister	Nova	Nova stranka	Coalition	Centre	ŽivkovićZoran	Živković, Zoran	M	1960	
ParlaMint-RS-en_2014-05-21-0	ParlaMint-RS_2014-05-21-0.u1577	Term 10, Meeting 2	2014-05-21	Unicameralism	10. mandat	-	Zasedanje 2	2015-10-16	-	Reference	English	Chairperson	MP	notMinister	SNS	Srpska napredna stranka	Coalition	Big tent	ArsićVeroljub	Arsić, Veroljub	M	1969	
ParlaMint-RS-en_2014-05-21-0	ParlaMint-RS_2014-05-21-0.u1578	Term 10, Meeting 2	2014-05-21	Unicameralism	10. mandat	-	Zasedanje 2	2015-10-16	-	Reference	English	Regular	MP	notMinister	SNS	Srpska napredna stranka	Coalition	Big tent	MitrovićNenad	Mitrović, Nenad	M	1973	
ParlaMint-RS-en_2014-05-21-0	ParlaMint-RS_2014-05-21-0.u1579	Term 10, Meeting 2	2014-05-21	Unicameralism	10. mandat	-	Zasedanje 2	2015-10-16	-	Reference	English	Chairperson	MP	notMinister	SNS	Srpska napredna stranka	Coalition	Big tent	ArsićVeroljub	Arsić, Veroljub	M	1969	
ParlaMint-RS-en_2014-05-21-0	ParlaMint-RS_2014-05-21-0.u1580	Term 10, Meeting 2	2014-05-21	Unicameralism	10. mandat	-	Zasedanje 2	2015-10-16	-	Reference	English	Regular	MP	notMinister	PSSBK	Pokret Snaga Srbije – BK	Coalition	Centre-right	KarićDragomir	Karić, Dragomir	M	1949	
ParlaMint-RS-en_2014-05-21-0	ParlaMint-RS_2014-05-21-0.u1581	Term 10, Meeting 2	2014-05-21	Unicameralism	10. mandat	-	Zasedanje 2	2015-10-16	-	Reference	English	Chairperson	MP	notMinister	SNS	Srpska napredna stranka	Coalition	Big tent	ArsićVeroljub	Arsić, Veroljub	M	1969	
ParlaMint-RS-en_2014-05-21-0	ParlaMint-RS_2014-05-21-0.u1582	Term 10, Meeting 2	2014-05-21	Unicameralism	10. mandat	-	Zasedanje 2	2015-10-16	-	Reference	English	Regular	MP	notMinister	PDD	Partija za demokratsko delovanje	Opposition	Centre-right	HalimiRiza	Halimi, Riza	M	1947	
ParlaMint-RS-en_2014-05-21-0	ParlaMint-RS_2014-05-21-0.u1583	Term 10, Meeting 2	2014-05-21	Unicameralism	10. mandat	-	Zasedanje 2	2015-10-16	-	Reference	English	Chairperson	MP	notMinister	SNS	Srpska napredna stranka	Coalition	Big tent	ArsićVeroljub	Arsić, Veroljub	M	1969	
ParlaMint-RS-en_2014-05-21-0	ParlaMint-RS_2014-05-21-0.u1584	Term 10, Meeting 2	2014-05-21	Unicameralism	10. mandat	-	Zasedanje 2	2015-10-16	-	Reference	English	Regular	MP	notMinister	SNS	Srpska napredna stranka	Coalition	Big tent	MijatovićPredrag	Mijatović, Predrag	M	1950	
ParlaMint-RS-en_2014-05-21-0	ParlaMint-RS_2014-05-21-0.u1585	Term 10, Meeting 2	2014-05-21	Unicameralism	10. mandat	-	Zasedanje 2	2015-10-16	-	Reference	English	Chairperson	MP	notMinister	SNS	Srpska napredna stranka	Coalition	Big tent	ArsićVeroljub	Arsić, Veroljub	M	1969	
ParlaMint-RS-en_2014-05-21-0	ParlaMint-RS_2014-05-21-0.u1586	Term 10, Meeting 2	2014-05-21	Unicameralism	10. mandat	-	Zasedanje 2	2015-10-16	-	Reference	English	Regular	MP	notMinister	SNS	Srpska napredna stranka	Coalition	Big tent	RističevićMarijan	Rističević, Marijan	M	1958	
ParlaMint-RS-en_2014-05-21-0	ParlaMint-RS_2014-05-21-0.u1587	Term 10, Meeting 2	2014-05-21	Unicameralism	10. mandat	-	Zasedanje 2	2015-10-16	-	Reference	English	Chairperson	MP	notMinister	SNS	Srpska napredna stranka	Coalition	Big tent	ArsićVeroljub	Arsić, Veroljub	M	1969	
ParlaMint-RS-en_2014-05-21-0	ParlaMint-RS_2014-05-21-0.u1588	Term 10, Meeting 2	2014-05-21	Unicameralism	10. mandat	-	Zasedanje 2	2015-10-16	-	Reference	English	Regular	MP	notMinister	PDD	Partija za demokratsko delovanje	Opposition	Centre-right	KamberiŠaip	Kamberi, Šaip	M	1964	
ParlaMint-RS-en_2014-05-21-0	ParlaMint-RS_2014-05-21-0.u1589	Term 10, Meeting 2	2014-05-21	Unicameralism	10. mandat	-	Zasedanje 2	2015-10-16	-	Reference	English	Chairperson	MP	notMinister	SNS	Srpska napredna stranka	Coalition	Big tent	ArsićVeroljub	Arsić, Veroljub	M	1969	
ParlaMint-RS-en_2014-05-21-0	ParlaMint-RS_2014-05-21-0.u1590	Term 10, Meeting 2	2014-05-21	Unicameralism	10. mandat	-	Zasedanje 2	2015-10-16	-	Reference	English	Regular	MP	notMinister	PDD	Partija za demokratsko delovanje	Opposition	Centre-right	KamberiŠaip	Kamberi, Šaip	M	1964	
ParlaMint-RS-en_2014-05-21-0	ParlaMint-RS_2014-05-21-0.u1591	Term 10, Meeting 2	2014-05-21	Unicameralism	10. mandat	-	Zasedanje 2	2015-10-16	-	Reference	English	Chairperson	MP	notMinister	SNS	Srpska napredna stranka	Coalition	Big tent	ArsićVeroljub	Arsić, Veroljub	M	1969	
ParlaMint-RS-en_2014-05-21-0	ParlaMint-RS_2014-05-21-0.u1592	Term 10, Meeting 2	2014-05-21	Unicameralism	10. mandat	-	Zasedanje 2	2015-10-16	-	Reference	English	Regular	MP	notMinister	PDD	Partija za demokratsko delovanje	Opposition	Centre-right	KamberiŠaip	Kamberi, Šaip	M	1964	
ParlaMint-RS-en_2014-05-21-0	ParlaMint-RS_2014-05-21-0.u1593	Term 10, Meeting 2	2014-05-21	Unicameralism	10. mandat	-	Zasedanje 2	2015-10-16	-	Reference	English	Chairperson	MP	notMinister	SNS	Srpska napredna stranka	Coalition	Big tent	ArsićVeroljub	Arsić, Veroljub	M	1969	
ParlaMint-RS-en_2014-05-21-0	ParlaMint-RS_2014-05-21-0.u1594	Term 10, Meeting 2	2014-05-21	Unicameralism	10. mandat	-	Zasedanje 2	2015-10-16	-	Reference	English	Regular	MP	notMinister	Nova	Nova stranka	Coalition	Centre	PavićevićVladimir	Pavićević, Vladimir	M	1978	
ParlaMint-RS-en_2014-05-21-0	ParlaMint-RS_2014-05-21-0.u1595	Term 10, Meeting 2	2014-05-21	Unicameralism	10. mandat	-	Zasedanje 2	2015-10-16	-	Reference	English	Chairperson	MP	notMinister	SNS	Srpska napredna stranka	Coalition	Big tent	ArsićVeroljub	Arsić, Veroljub	M	1969	
ParlaMint-RS-en_2014-05-21-0	ParlaMint-RS_2014-05-21-0.u1596	Term 10, Meeting 2	2014-05-21	Unicameralism	10. mandat	-	Zasedanje 2	2015-10-16	-	Reference	English	Regular	MP	notMinister	SNS	Srpska napredna stranka	Coalition	Big tent	BabićZoran	Babić, Zoran	M	1971	
ParlaMint-RS-en_2014-05-21-0	ParlaMint-RS_2014-05-21-0.u1597	Term 10, Meeting 2	2014-05-21	Unicameralism	10. mandat	-	Zasedanje 2	2015-10-16	-	Reference	English	Chairperson	MP	notMinister	SNS	Srpska napredna stranka	Coalition	Big tent	ArsićVeroljub	Arsić, Veroljub	M	1969	
ParlaMint-RS-en_2014-05-21-0	ParlaMint-RS_2014-05-21-0.u1598	Term 10, Meeting 2	2014-05-21	Unicameralism	10. mandat	-	Zasedanje 2	2015-10-16	-	Reference	English	Regular	notMP	Minister	-	-	-	-	UdovičkiKori	Udovički, Kori	U	-	
ParlaMint-RS-en_2014-05-21-0	ParlaMint-RS_2014-05-21-0.u1599	Term 10, Meeting 2	2014-05-21	Unicameralism	10. mandat	-	Zasedanje 2	2015-10-16	-	Reference	English	Chairperson	MP	notMinister	SNS	Srpska napredna stranka	Coalition	Big tent	ArsićVeroljub	Arsić, Veroljub	M	1969	
ParlaMint-RS-en_2014-05-21-0	ParlaMint-RS_2014-05-21-0.u1600	Term 10, Meeting 2	2014-05-21	Unicameralism	10. mandat	-	Zasedanje 2	2015-10-16	-	Reference	English	Regular	MP	notMinister	Nova	Nova stranka	Coalition	Centre	PavićevićVladimir	Pavićević, Vladimir	M	1978	
ParlaMint-RS-en_2014-05-21-0	ParlaMint-RS_2014-05-21-0.u1601	Term 10, Meeting 2	2014-05-21	Unicameralism	10. mandat	-	Zasedanje 2	2015-10-16	-	Reference	English	Chairperson	MP	notMinister	SNS	Srpska napredna stranka	Coalition	Big tent	ArsićVeroljub	Arsić, Veroljub	M	1969	
ParlaMint-RS-en_2014-05-21-0	ParlaMint-RS_2014-05-21-0.u1602	Term 10, Meeting 2	2014-05-21	Unicameralism	10. mandat	-	Zasedanje 2	2015-10-16	-	Reference	English	Regular	MP	notMinister	SNS	Srpska napredna stranka	Coalition	Big tent	BabićZoran	Babić, Zoran	M	1971	
ParlaMint-RS-en_2014-05-21-0	ParlaMint-RS_2014-05-21-0.u1603	Term 10, Meeting 2	2014-05-21	Unicameralism	10. mandat	-	Zasedanje 2	2015-10-16	-	Reference	English	Chairperson	MP	notMinister	SNS	Srpska napredna stranka	Coalition	Big tent	ArsićVeroljub	Arsić, Veroljub	M	1969	
ParlaMint-RS-en_2014-05-21-0	ParlaMint-RS_2014-05-21-0.u1604	Term 10, Meeting 2	2014-05-21	Unicameralism	10. mandat	-	Zasedanje 2	2015-10-16	-	Reference	English	Regular	MP	notMinister	SNS	Srpska napredna stranka	Coalition	Big tent	MijatovićPredrag	Mijatović, Predrag	M	1950	
ParlaMint-RS-en_2014-05-21-0	ParlaMint-RS_2014-05-21-0.u1605	Term 10, Meeting 2	2014-05-21	Unicameralism	10. mandat	-	Zasedanje 2	2015-10-16	-	Reference	English	Chairperson	MP	notMinister	SNS	Srpska napredna stranka	Coalition	Big tent	ArsićVeroljub	Arsić, Veroljub	M	1969	
ParlaMint-RS-en_2014-05-21-0	ParlaMint-RS_2014-05-21-0.u1606	Term 10, Meeting 2	2014-05-21	Unicameralism	10. mandat	-	Zasedanje 2	2015-10-16	-	Reference	English	Regular	MP	notMinister	SNS	Srpska napredna stranka	Coalition	Big tent	DimitrovVladica	Dimitrov, Vladica	M	1974	
ParlaMint-RS-en_2014-05-21-0	ParlaMint-RS_2014-05-21-0.u1607	Term 10, Meeting 2	2014-05-21	Unicameralism	10. mandat	-	Zasedanje 2	2015-10-16	-	Reference	English	Chairperson	MP	notMinister	SNS	Srpska napredna stranka	Coalition	Big tent	ArsićVeroljub	Arsić, Veroljub	M	1969	
ParlaMint-RS-en_2014-05-21-0	ParlaMint-RS_2014-05-21-0.u1608	Term 10, Meeting 2	2014-05-21	Unicameralism	10. mandat	-	Zasedanje 2	2015-10-16	-	Reference	English	Regular	MP	notMinister	DS	Demokratska stranka	Coalition	Centre-left	ČomićGordana	Čomić, Gordana	F	1958	
ParlaMint-RS-en_2014-05-21-0	ParlaMint-RS_2014-05-21-0.u1609	Term 10, Meeting 2	2014-05-21	Unicameralism	10. mandat	-	Zasedanje 2	2015-10-16	-	Reference	English	Chairperson	MP	notMinister	SNS	Srpska napredna stranka	Coalition	Big tent	ArsićVeroljub	Arsić, Veroljub	M	1969	
ParlaMint-RS-en_2014-05-21-0	ParlaMint-RS_2014-05-21-0.u1610	Term 10, Meeting 2	2014-05-21	Unicameralism	10. mandat	-	Zasedanje 2	2015-10-16	-	Reference	English	Regular	MP	notMinister	Nova	Nova stranka	Coalition	Centre	ŽivkovićZoran	Živković, Zoran	M	1960	
ParlaMint-RS-en_2014-05-21-0	ParlaMint-RS_2014-05-21-0.u1611	Term 10, Meeting 2	2014-05-21	Unicameralism	10. mandat	-	Zasedanje 2	2015-10-16	-	Reference	English	Chairperson	MP	notMinister	SNS	Srpska napredna stranka	Coalition	Big tent	ArsićVeroljub	Arsić, Veroljub	M	1969	
ParlaMint-RS-en_2014-05-21-0	ParlaMint-RS_2014-05-21-0.u1612	Term 10, Meeting 2	2014-05-21	Unicameralism	10. mandat	-	Zasedanje 2	2015-10-16	-	Reference	English	Regular	MP	notMinister	SNS	Srpska napredna stranka	Coalition	Big tent	BabićZoran	Babić, Zoran	M	1971	
ParlaMint-RS-en_2014-05-21-0	ParlaMint-RS_2014-05-21-0.u1613	Term 10, Meeting 2	2014-05-21	Unicameralism	10. mandat	-	Zasedanje 2	2015-10-16	-	Reference	English	Chairperson	MP	notMinister	SNS	Srpska napredna stranka	Coalition	Big tent	ArsićVeroljub	Arsić, Veroljub	M	1969	
ParlaMint-RS-en_2014-05-21-0	ParlaMint-RS_2014-05-21-0.u1614	Term 10, Meeting 2	2014-05-21	Unicameralism	10. mandat	-	Zasedanje 2	2015-10-16	-	Reference	English	Regular	MP	notMinister	SNS	Srpska napredna stranka	Coalition	Big tent	BabićZoran	Babić, Zoran	M	1971	
ParlaMint-RS-en_2014-05-21-0	ParlaMint-RS_2014-05-21-0.u1615	Term 10, Meeting 2	2014-05-21	Unicameralism	10. mandat	-	Zasedanje 2	2015-10-16	-	Reference	English	Chairperson	MP	notMinister	SNS	Srpska napredna stranka	Coalition	Big tent	ArsićVeroljub	Arsić, Veroljub	M	1969	
ParlaMint-RS-en_2014-05-21-0	ParlaMint-RS_2014-05-21-0.u1616	Term 10, Meeting 2	2014-05-21	Unicameralism	10. mandat	-	Zasedanje 2	2015-10-16	-	Reference	English	Regular	MP	notMinister	SNS	Srpska napredna stranka	Coalition	Big tent	MarkovićAleksandar	Marković, Aleksandar	M	1981	
ParlaMint-RS-en_2014-05-21-0	ParlaMint-RS_2014-05-21-0.u1617	Term 10, Meeting 2	2014-05-21	Unicameralism	10. mandat	-	Zasedanje 2	2015-10-16	-	Reference	English	Chairperson	MP	notMinister	SNS	Srpska napredna stranka	Coalition	Big tent	ArsićVeroljub	Arsić, Veroljub	M	1969	
ParlaMint-RS-en_2014-05-21-0	ParlaMint-RS_2014-05-21-0.u1618	Term 10, Meeting 2	2014-05-21	Unicameralism	10. mandat	-	Zasedanje 2	2015-10-16	-	Reference	English	Regular	MP	notMinister	Nova	Nova stranka	Coalition	Centre	ŽivkovićZoran	Živković, Zoran	M	1960	
ParlaMint-RS-en_2014-05-21-0	ParlaMint-RS_2014-05-21-0.u1619	Term 10, Meeting 2	2014-05-21	Unicameralism	10. mandat	-	Zasedanje 2	2015-10-16	-	Reference	English	Chairperson	MP	notMinister	SNS	Srpska napredna stranka	Coalition	Big tent	ArsićVeroljub	Arsić, Veroljub	M	1969	
ParlaMint-RS-en_2014-05-21-0	ParlaMint-RS_2014-05-21-0.u1620	Term 10, Meeting 2	2014-05-21	Unicameralism	10. mandat	-	Zasedanje 2	2015-10-16	-	Reference	English	Regular	MP	notMinister	SNS	Srpska napredna stranka	Coalition	Big tent	RističevićMarijan	Rističević, Marijan	M	1958	
ParlaMint-RS-en_2014-05-21-0	ParlaMint-RS_2014-05-21-0.u1621	Term 10, Meeting 2	2014-05-21	Unicameralism	10. mandat	-	Zasedanje 2	2015-10-16	-	Reference	English	Chairperson	MP	notMinister	SNS	Srpska napredna stranka	Coalition	Big tent	ArsićVeroljub	Arsić, Veroljub	M	1969	
ParlaMint-RS-en_2014-05-21-0	ParlaMint-RS_2014-05-21-0.u1622	Term 10, Meeting 2	2014-05-21	Unicameralism	10. mandat	-	Zasedanje 2	2015-10-16	-	Reference	English	Regular	MP	notMinister	SNS	Srpska napredna stranka	Coalition	Big tent	RističevićMarijan	Rističević, Marijan	M	1958	
ParlaMint-RS-en_2014-05-21-0	ParlaMint-RS_2014-05-21-0.u1623	Term 10, Meeting 2	2014-05-21	Unicameralism	10. mandat	-	Zasedanje 2	2015-10-16	-	Reference	English	Chairperson	MP	notMinister	SNS	Srpska napredna stranka	Coalition	Big tent	ArsićVeroljub	Arsić, Veroljub	M	1969	
ParlaMint-RS-en_2014-05-21-0	ParlaMint-RS_2014-05-21-0.u1624	Term 10, Meeting 2	2014-05-21	Unicameralism	10. mandat	-	Zasedanje 2	2015-10-16	-	Reference	English	Regular	MP	notMinister	Nova	Nova stranka	Coalition	Centre	PavićevićVladimir	Pavićević, Vladimir	M	1978	
ParlaMint-RS-en_2014-05-21-0	ParlaMint-RS_2014-05-21-0.u1625	Term 10, Meeting 2	2014-05-21	Unicameralism	10. mandat	-	Zasedanje 2	2015-10-16	-	Reference	English	Chairperson	MP	notMinister	SNS	Srpska napredna stranka	Coalition	Big tent	ArsićVeroljub	Arsić, Veroljub	M	1969	
ParlaMint-RS-en_2014-05-21-0	ParlaMint-RS_2014-05-21-0.u1626	Term 10, Meeting 2	2014-05-21	Unicameralism	10. mandat	-	Zasedanje 2	2015-10-16	-	Reference	English	Regular	MP	notMinister	LSV	Liga socijaldemokrata Vojvodine	Coalition	Centre-left	PapugaOlena	Papuga, Olena	F	1964	
ParlaMint-RS-en_2014-05-21-0	ParlaMint-RS_2014-05-21-0.u1627	Term 10, Meeting 2	2014-05-21	Unicameralism	10. mandat	-	Zasedanje 2	2015-10-16	-	Reference	English	Chairperson	MP	notMinister	SNS	Srpska napredna stranka	Coalition	Big tent	ArsićVeroljub	Arsić, Veroljub	M	1969	
ParlaMint-RS-en_2014-05-21-0	ParlaMint-RS_2014-05-21-0.u1628	Term 10, Meeting 2	2014-05-21	Unicameralism	10. mandat	-	Zasedanje 2	2015-10-16	-	Reference	English	Regular	MP	notMinister	PREOKRET	PREOKRET	-	Centre	VeselinovićJanko	Veselinović, Janko	M	1965	
ParlaMint-RS-en_2014-05-21-0	ParlaMint-RS_2014-05-21-0.u1629	Term 10, Meeting 2	2014-05-21	Unicameralism	10. mandat	-	Zasedanje 2	2015-10-16	-	Reference	English	Chairperson	MP	notMinister	SNS	Srpska napredna stranka	Coalition	Big tent	ArsićVeroljub	Arsić, Veroljub	M	1969	
ParlaMint-RS-en_2014-05-21-0	ParlaMint-RS_2014-05-21-0.u1630	Term 10, Meeting 2	2014-05-21	Unicameralism	10. mandat	-	Zasedanje 2	2015-10-16	-	Reference	English	Regular	MP	notMinister	PREOKRET	PREOKRET	-	Centre	VeselinovićJanko	Veselinović, Janko	M	1965	
ParlaMint-RS-en_2014-05-21-0	ParlaMint-RS_2014-05-21-0.u1631	Term 10, Meeting 2	2014-05-21	Unicameralism	10. mandat	-	Zasedanje 2	2015-10-16	-	Reference	English	Chairperson	MP	notMinister	SNS	Srpska napredna stranka	Coalition	Big tent	ArsićVeroljub	Arsić, Veroljub	M	1969	
ParlaMint-RS-en_2014-05-21-0	ParlaMint-RS_2014-05-21-0.u1632	Term 10, Meeting 2	2014-05-21	Unicameralism	10. mandat	-	Zasedanje 2	2015-10-16	-	Reference	English	Regular	MP	notMinister	Nova	Nova stranka	Coalition	Centre	PavićevićVladimir	Pavićević, Vladimir	M	1978	
ParlaMint-RS-en_2014-05-21-0	ParlaMint-RS_2014-05-21-0.u1633	Term 10, Meeting 2	2014-05-21	Unicameralism	10. mandat	-	Zasedanje 2	2015-10-16	-	Reference	English	Chairperson	MP	notMinister	SNS	Srpska napredna stranka	Coalition	Big tent	ArsićVeroljub	Arsić, Veroljub	M	1969	
ParlaMint-RS-en_2014-05-21-0	ParlaMint-RS_2014-05-21-0.u1634	Term 10, Meeting 2	2014-05-21	Unicameralism	10. mandat	-	Zasedanje 2	2015-10-16	-	Reference	English	Regular	MP	notMinister	PREOKRET	PREOKRET	-	Centre	VeselinovićJanko	Veselinović, Janko	M	1965	
ParlaMint-RS-en_2014-05-21-0	ParlaMint-RS_2014-05-21-0.u1635	Term 10, Meeting 2	2014-05-21	Unicameralism	10. mandat	-	Zasedanje 2	2015-10-16	-	Reference	English	Chairperson	MP	notMinister	SNS	Srpska napredna stranka	Coalition	Big tent	BečićIgor	Bečić, Igor	M	1971	
ParlaMint-RS-en_2014-05-21-0	ParlaMint-RS_2014-05-21-0.u1636	Term 10, Meeting 2	2014-05-21	Unicameralism	10. mandat	-	Zasedanje 2	2015-10-16	-	Reference	English	Regular	MP	notMinister	SDA	Stranka demokratske akcije Sandžaka	Opposition	Right	ImamovićEnis	Imamović, Enis	M	1984	
ParlaMint-RS-en_2014-05-21-0	ParlaMint-RS_2014-05-21-0.u1637	Term 10, Meeting 2	2014-05-21	Unicameralism	10. mandat	-	Zasedanje 2	2015-10-16	-	Reference	English	Chairperson	MP	notMinister	SNS	Srpska napredna stranka	Coalition	Big tent	BečićIgor	Bečić, Igor	M	1971	
ParlaMint-RS-en_2014-05-21-0	ParlaMint-RS_2014-05-21-0.u1638	Term 10, Meeting 2	2014-05-21	Unicameralism	10. mandat	-	Zasedanje 2	2015-10-16	-	Reference	English	Regular	MP	notMinister	PREOKRET	PREOKRET	-	Centre	VeselinovićJanko	Veselinović, Janko	M	1965	
ParlaMint-RS-en_2014-05-21-0	ParlaMint-RS_2014-05-21-0.u1639	Term 10, Meeting 2	2014-05-21	Unicameralism	10. mandat	-	Zasedanje 2	2015-10-16	-	Reference	English	Chairperson	MP	notMinister	SNS	Srpska napredna stranka	Coalition	Big tent	BečićIgor	Bečić, Igor	M	1971	
ParlaMint-RS-en_2014-05-21-0	ParlaMint-RS_2014-05-21-0.u1640	Term 10, Meeting 2	2014-05-21	Unicameralism	10. mandat	-	Zasedanje 2	2015-10-16	-	Reference	English	Regular	MP	notMinister	SDP	Sandžačka demokratska partija	-	Centre-right	BačevacMuamer	Bačevac, Muamer	M	1977	
ParlaMint-RS-en_2014-05-21-0	ParlaMint-RS_2014-05-21-0.u1641	Term 10, Meeting 2	2014-05-21	Unicameralism	10. mandat	-	Zasedanje 2	2015-10-16	-	Reference	English	Chairperson	MP	notMinister	SNS	Srpska napredna stranka	Coalition	Big tent	BečićIgor	Bečić, Igor	M	1971	
ParlaMint-RS-en_2014-05-21-0	ParlaMint-RS_2014-05-21-0.u1642	Term 10, Meeting 2	2014-05-21	Unicameralism	10. mandat	-	Zasedanje 2	2015-10-16	-	Reference	English	Regular	MP	notMinister	PREOKRET	PREOKRET	-	Centre	VeselinovićJanko	Veselinović, Janko	M	1965	
ParlaMint-RS-en_2014-05-21-0	ParlaMint-RS_2014-05-21-0.u1643	Term 10, Meeting 2	2014-05-21	Unicameralism	10. mandat	-	Zasedanje 2	2015-10-16	-	Reference	English	Chairperson	MP	notMinister	SNS	Srpska napredna stranka	Coalition	Big tent	BečićIgor	Bečić, Igor	M	1971	
ParlaMint-RS-en_2014-05-21-0	ParlaMint-RS_2014-05-21-0.u1644	Term 10, Meeting 2	2014-05-21	Unicameralism	10. mandat	-	Zasedanje 2	2015-10-16	-	Reference	English	Regular	MP	notMinister	SDA	Stranka demokratske akcije Sandžaka	Opposition	Right	ImamovićEnis	Imamović, Enis	M	1984	
ParlaMint-RS-en_2014-05-21-0	ParlaMint-RS_2014-05-21-0.u1645	Term 10, Meeting 2	2014-05-21	Unicameralism	10. mandat	-	Zasedanje 2	2015-10-16	-	Reference	English	Chairperson	MP	notMinister	SNS	Srpska napredna stranka	Coalition	Big tent	BečićIgor	Bečić, Igor	M	1971	
ParlaMint-RS-en_2014-05-21-0	ParlaMint-RS_2014-05-21-0.u1646	Term 10, Meeting 2	2014-05-21	Unicameralism	10. mandat	-	Zasedanje 2	2015-10-16	-	Reference	English	Regular	MP	notMinister	LSV	Liga socijaldemokrata Vojvodine	Coalition	Centre-left	PapugaOlena	Papuga, Olena	F	1964	
ParlaMint-RS-en_2014-05-21-0	ParlaMint-RS_2014-05-21-0.u1647	Term 10, Meeting 2	2014-05-21	Unicameralism	10. mandat	-	Zasedanje 2	2015-10-16	-	Reference	English	Chairperson	MP	notMinister	SNS	Srpska napredna stranka	Coalition	Big tent	BečićIgor	Bečić, Igor	M	1971	
ParlaMint-RS-en_2014-05-21-0	ParlaMint-RS_2014-05-21-0.u1648	Term 10, Meeting 2	2014-05-21	Unicameralism	10. mandat	-	Zasedanje 2	2015-10-16	-	Reference	English	Regular	MP	notMinister	DS	Demokratska stranka	Coalition	Centre-left	ČomićGordana	Čomić, Gordana	F	1958	
ParlaMint-RS-en_2014-05-21-0	ParlaMint-RS_2014-05-21-0.u1649	Term 10, Meeting 2	2014-05-21	Unicameralism	10. mandat	-	Zasedanje 2	2015-10-16	-	Reference	English	Chairperson	MP	notMinister	SNS	Srpska napredna stranka	Coalition	Big tent	BečićIgor	Bečić, Igor	M	1971	
ParlaMint-RS-en_2014-05-21-0	ParlaMint-RS_2014-05-21-0.u1650	Term 10, Meeting 2	2014-05-21	Unicameralism	10. mandat	-	Zasedanje 2	2015-10-16	-	Reference	English	Regular	MP	notMinister	PREOKRET	PREOKRET	-	Centre	VeselinovićJanko	Veselinović, Janko	M	1965	
ParlaMint-RS-en_2014-05-21-0	ParlaMint-RS_2014-05-21-0.u1651	Term 10, Meeting 2	2014-05-21	Unicameralism	10. mandat	-	Zasedanje 2	2015-10-16	-	Reference	English	Chairperson	MP	notMinister	SNS	Srpska napredna stranka	Coalition	Big tent	BečićIgor	Bečić, Igor	M	1971	
ParlaMint-RS-en_2014-05-21-0	ParlaMint-RS_2014-05-21-0.u1652	Term 10, Meeting 2	2014-05-21	Unicameralism	10. mandat	-	Zasedanje 2	2015-10-16	-	Reference	English	Regular	MP	notMinister	PREOKRET	PREOKRET	-	Centre	VeselinovićJanko	Veselinović, Janko	M	1965	
ParlaMint-RS-en_2014-05-21-0	ParlaMint-RS_2014-05-21-0.u1653	Term 10, Meeting 2	2014-05-21	Unicameralism	10. mandat	-	Zasedanje 2	2015-10-16	-	Reference	English	Chairperson	MP	notMinister	SNS	Srpska napredna stranka	Coalition	Big tent	BečićIgor	Bečić, Igor	M	1971	
ParlaMint-RS-en_2014-05-21-0	ParlaMint-RS_2014-05-21-0.u1654	Term 10, Meeting 2	2014-05-21	Unicameralism	10. mandat	-	Zasedanje 2	2015-10-16	-	Reference	English	Regular	MP	notMinister	LSV	Liga socijaldemokrata Vojvodine	Coalition	Centre-left	PapugaOlena	Papuga, Olena	F	1964	
ParlaMint-RS-en_2014-05-21-0	ParlaMint-RS_2014-05-21-0.u1655	Term 10, Meeting 2	2014-05-21	Unicameralism	10. mandat	-	Zasedanje 2	2015-10-16	-	Reference	English	Chairperson	MP	notMinister	SNS	Srpska napredna stranka	Coalition	Big tent	BečićIgor	Bečić, Igor	M	1971	
ParlaMint-RS-en_2014-05-21-0	ParlaMint-RS_2014-05-21-0.u1656	Term 10, Meeting 2	2014-05-21	Unicameralism	10. mandat	-	Zasedanje 2	2015-10-16	-	Reference	English	Regular	MP	notMinister	LSV	Liga socijaldemokrata Vojvodine	Coalition	Centre-left	PapugaOlena	Papuga, Olena	F	1964	
ParlaMint-RS-en_2014-05-21-0	ParlaMint-RS_2014-05-21-0.u1657	Term 10, Meeting 2	2014-05-21	Unicameralism	10. mandat	-	Zasedanje 2	2015-10-16	-	Reference	English	Chairperson	MP	notMinister	SNS	Srpska napredna stranka	Coalition	Big tent	BečićIgor	Bečić, Igor	M	1971	
ParlaMint-RS-en_2014-05-21-0	ParlaMint-RS_2014-05-21-0.u1658	Term 10, Meeting 2	2014-05-21	Unicameralism	10. mandat	-	Zasedanje 2	2015-10-16	-	Reference	English	Regular	MP	notMinister	SDA	Stranka demokratske akcije Sandžaka	Opposition	Right	ImamovićEnis	Imamović, Enis	M	1984	
ParlaMint-RS-en_2014-05-21-0	ParlaMint-RS_2014-05-21-0.u1659	Term 10, Meeting 2	2014-05-21	Unicameralism	10. mandat	-	Zasedanje 2	2015-10-16	-	Reference	English	Chairperson	MP	notMinister	SNS	Srpska napredna stranka	Coalition	Big tent	BečićIgor	Bečić, Igor	M	1971	
ParlaMint-RS-en_2014-05-21-0	ParlaMint-RS_2014-05-21-0.u1660	Term 10, Meeting 2	2014-05-21	Unicameralism	10. mandat	-	Zasedanje 2	2015-10-16	-	Reference	English	Regular	MP	notMinister	PREOKRET	PREOKRET	-	Centre	VeselinovićJanko	Veselinović, Janko	M	1965	
ParlaMint-RS-en_2014-05-21-0	ParlaMint-RS_2014-05-21-0.u1661	Term 10, Meeting 2	2014-05-21	Unicameralism	10. mandat	-	Zasedanje 2	2015-10-16	-	Reference	English	Chairperson	MP	notMinister	SNS	Srpska napredna stranka	Coalition	Big tent	BečićIgor	Bečić, Igor	M	1971	
ParlaMint-RS-en_2014-05-21-0	ParlaMint-RS_2014-05-21-0.u1662	Term 10, Meeting 2	2014-05-21	Unicameralism	10. mandat	-	Zasedanje 2	2015-10-16	-	Reference	English	Regular	MP	notMinister	SDA	Stranka demokratske akcije Sandžaka	Opposition	Right	ImamovićEnis	Imamović, Enis	M	1984	
ParlaMint-RS-en_2014-05-21-0	ParlaMint-RS_2014-05-21-0.u1663	Term 10, Meeting 2	2014-05-21	Unicameralism	10. mandat	-	Zasedanje 2	2015-10-16	-	Reference	English	Chairperson	MP	notMinister	SNS	Srpska napredna stranka	Coalition	Big tent	BečićIgor	Bečić, Igor	M	1971	
ParlaMint-RS-en_2014-05-21-0	ParlaMint-RS_2014-05-21-0.u1664	Term 10, Meeting 2	2014-05-21	Unicameralism	10. mandat	-	Zasedanje 2	2015-10-16	-	Reference	English	Regular	MP	notMinister	SDA	Stranka demokratske akcije Sandžaka	Opposition	Right	ImamovićEnis	Imamović, Enis	M	1984	
ParlaMint-RS-en_2014-05-21-0	ParlaMint-RS_2014-05-21-0.u1665	Term 10, Meeting 2	2014-05-21	Unicameralism	10. mandat	-	Zasedanje 2	2015-10-16	-	Reference	English	Chairperson	MP	notMinister	SNS	Srpska napredna stranka	Coalition	Big tent	BečićIgor	Bečić, Igor	M	1971	
ParlaMint-RS-en_2014-05-21-0	ParlaMint-RS_2014-05-21-0.u1666	Term 10, Meeting 2	2014-05-21	Unicameralism	10. mandat	-	Zasedanje 2	2015-10-16	-	Reference	English	Regular	MP	notMinister	SDA	Stranka demokratske akcije Sandžaka	Opposition	Right	ImamovićEnis	Imamović, Enis	M	1984	
ParlaMint-RS-en_2014-05-21-0	ParlaMint-RS_2014-05-21-0.u1668	Term 10, Meeting 2	2014-05-21	Unicameralism	10. mandat	-	Zasedanje 2	2015-10-16	-	Reference	English	Chairperson	MP	notMinister	SNS	Srpska napredna stranka	Coalition	Big tent	BečićIgor	Bečić, Igor	M	1971	
ParlaMint-RS-en_2014-05-21-0	ParlaMint-RS_2014-05-21-0.u1669	Term 10, Meeting 2	2014-05-21	Unicameralism	10. mandat	-	Zasedanje 2	2015-10-16	-	Reference	English	Regular	MP	notMinister	SDA	Stranka demokratske akcije Sandžaka	Opposition	Right	ImamovićEnis	Imamović, Enis	M	1984	
ParlaMint-RS-en_2014-05-21-0	ParlaMint-RS_2014-05-21-0.u1670	Term 10, Meeting 2	2014-05-21	Unicameralism	10. mandat	-	Zasedanje 2	2015-10-16	-	Reference	English	Chairperson	MP	notMinister	SNS	Srpska napredna stranka	Coalition	Big tent	BečićIgor	Bečić, Igor	M	1971	
ParlaMint-RS-en_2014-05-21-0	ParlaMint-RS_2014-05-21-0.u1671	Term 10, Meeting 2	2014-05-21	Unicameralism	10. mandat	-	Zasedanje 2	2015-10-16	-	Reference	English	Regular	MP	notMinister	SDA	Stranka demokratske akcije Sandžaka	Opposition	Right	ImamovićEnis	Imamović, Enis	M	1984	
ParlaMint-RS-en_2014-05-21-0	ParlaMint-RS_2014-05-21-0.u1672	Term 10, Meeting 2	2014-05-21	Unicameralism	10. mandat	-	Zasedanje 2	2015-10-16	-	Reference	English	Chairperson	MP	notMinister	SNS	Srpska napredna stranka	Coalition	Big tent	BečićIgor	Bečić, Igor	M	1971	
ParlaMint-RS-en_2014-05-21-0	ParlaMint-RS_2014-05-21-0.u1673	Term 10, Meeting 2	2014-05-21	Unicameralism	10. mandat	-	Zasedanje 2	2015-10-16	-	Reference	English	Regular	MP	notMinister	SDA	Stranka demokratske akcije Sandžaka	Opposition	Right	ImamovićEnis	Imamović, Enis	M	1984	
ParlaMint-RS-en_2014-05-21-0	ParlaMint-RS_2014-05-21-0.u1674	Term 10, Meeting 2	2014-05-21	Unicameralism	10. mandat	-	Zasedanje 2	2015-10-16	-	Reference	English	Chairperson	MP	notMinister	SNS	Srpska napredna stranka	Coalition	Big tent	BečićIgor	Bečić, Igor	M	1971	
ParlaMint-RS-en_2014-05-21-0	ParlaMint-RS_2014-05-21-0.u1675	Term 10, Meeting 2	2014-05-21	Unicameralism	10. mandat	-	Zasedanje 2	2015-10-16	-	Reference	English	Regular	MP	notMinister	SDP	Sandžačka demokratska partija	-	Centre-right	BačevacMuamer	Bačevac, Muamer	M	1977	
ParlaMint-RS-en_2014-05-21-0	ParlaMint-RS_2014-05-21-0.u1676	Term 10, Meeting 2	2014-05-21	Unicameralism	10. mandat	-	Zasedanje 2	2015-10-16	-	Reference	English	Chairperson	MP	notMinister	SNS	Srpska napredna stranka	Coalition	Big tent	BečićIgor	Bečić, Igor	M	1971	
ParlaMint-RS-en_2014-05-21-0	ParlaMint-RS_2014-05-21-0.u1677	Term 10, Meeting 2	2014-05-21	Unicameralism	10. mandat	-	Zasedanje 2	2015-10-16	-	Reference	English	Regular	MP	notMinister	SNS	Srpska napredna stranka	Coalition	Big tent	BabićVlado	Babić, Vlado	M	1960	
ParlaMint-RS-en_2014-05-21-0	ParlaMint-RS_2014-05-21-0.u1678	Term 10, Meeting 2	2014-05-21	Unicameralism	10. mandat	-	Zasedanje 2	2015-10-16	-	Reference	English	Chairperson	MP	notMinister	SNS	Srpska napredna stranka	Coalition	Big tent	BečićIgor	Bečić, Igor	M	1971	
ParlaMint-RS-en_2014-05-21-0	ParlaMint-RS_2014-05-21-0.u1679	Term 10, Meeting 2	2014-05-21	Unicameralism	10. mandat	-	Zasedanje 2	2015-10-16	-	Reference	English	Regular	notMP	Minister	-	-	-	-	UdovičkiKori	Udovički, Kori	U	-	
ParlaMint-RS-en_2014-05-21-0	ParlaMint-RS_2014-05-21-0.u1680	Term 10, Meeting 2	2014-05-21	Unicameralism	10. mandat	-	Zasedanje 2	2015-10-16	-	Reference	English	Chairperson	MP	notMinister	SNS	Srpska napredna stranka	Coalition	Big tent	BečićIgor	Bečić, Igor	M	1971	
ParlaMint-RS-en_2014-05-21-0	ParlaMint-RS_2014-05-21-0.u1681	Term 10, Meeting 2	2014-05-21	Unicameralism	10. mandat	-	Zasedanje 2	2015-10-16	-	Reference	English	Regular	MP	notMinister	DS	Demokratska stranka	Coalition	Centre-left	ČomićGordana	Čomić, Gordana	F	1958	
ParlaMint-RS-en_2014-05-21-0	ParlaMint-RS_2014-05-21-0.u1682	Term 10, Meeting 2	2014-05-21	Unicameralism	10. mandat	-	Zasedanje 2	2015-10-16	-	Reference	English	Chairperson	MP	notMinister	SNS	Srpska napredna stranka	Coalition	Big tent	BečićIgor	Bečić, Igor	M	1971	
ParlaMint-RS-en_2014-05-21-0	ParlaMint-RS_2014-05-21-0.u1683	Term 10, Meeting 2	2014-05-21	Unicameralism	10. mandat	-	Zasedanje 2	2015-10-16	-	Reference	English	Regular	MP	notMinister	SVM	Savez vojvođanskih Mađara	Opposition	Centre-right	KovácsElvira	Kovács, Elvira	F	1982	
ParlaMint-RS-en_2014-05-21-0	ParlaMint-RS_2014-05-21-0.u1684	Term 10, Meeting 2	2014-05-21	Unicameralism	10. mandat	-	Zasedanje 2	2015-10-16	-	Reference	English	Chairperson	MP	notMinister	SNS	Srpska napredna stranka	Coalition	Big tent	BečićIgor	Bečić, Igor	M	1971	
ParlaMint-RS-en_2014-05-21-0	ParlaMint-RS_2014-05-21-0.u1685	Term 10, Meeting 2	2014-05-21	Unicameralism	10. mandat	-	Zasedanje 2	2015-10-16	-	Reference	English	Regular	notMP	Minister	-	-	-	-	UdovičkiKori	Udovički, Kori	U	-	
ParlaMint-RS-en_2014-05-21-0	ParlaMint-RS_2014-05-21-0.u1686	Term 10, Meeting 2	2014-05-21	Unicameralism	10. mandat	-	Zasedanje 2	2015-10-16	-	Reference	English	Chairperson	MP	notMinister	SNS	Srpska napredna stranka	Coalition	Big tent	BečićIgor	Bečić, Igor	M	1971	
ParlaMint-RS-en_2014-05-21-0	ParlaMint-RS_2014-05-21-0.u1687	Term 10, Meeting 2	2014-05-21	Unicameralism	10. mandat	-	Zasedanje 2	2015-10-16	-	Reference	English	Regular	MP	notMinister	LSV	Liga socijaldemokrata Vojvodine	Coalition	Centre-left	PapugaOlena	Papuga, Olena	F	1964	
ParlaMint-RS-en_2014-05-21-0	ParlaMint-RS_2014-05-21-0.u1688	Term 10, Meeting 2	2014-05-21	Unicameralism	10. mandat	-	Zasedanje 2	2015-10-16	-	Reference	English	Chairperson	MP	notMinister	SNS	Srpska napredna stranka	Coalition	Big tent	BečićIgor	Bečić, Igor	M	1971	
ParlaMint-RS-en_2014-05-21-0	ParlaMint-RS_2014-05-21-0.u1689	Term 10, Meeting 2	2014-05-21	Unicameralism	10. mandat	-	Zasedanje 2	2015-10-16	-	Reference	English	Regular	MP	notMinister	PDD	Partija za demokratsko delovanje	Opposition	Centre-right	KamberiŠaip	Kamberi, Šaip	M	1964	
ParlaMint-RS-en_2014-05-21-0	ParlaMint-RS_2014-05-21-0.u1690	Term 10, Meeting 2	2014-05-21	Unicameralism	10. mandat	-	Zasedanje 2	2015-10-16	-	Reference	English	Chairperson	MP	notMinister	SNS	Srpska napredna stranka	Coalition	Big tent	BečićIgor	Bečić, Igor	M	1971	
ParlaMint-RS-en_2014-05-21-0	ParlaMint-RS_2014-05-21-0.u1691	Term 10, Meeting 2	2014-05-21	Unicameralism	10. mandat	-	Zasedanje 2	2015-10-16	-	Reference	English	Regular	MP	notMinister	PDD	Partija za demokratsko delovanje	Opposition	Centre-right	HalimiRiza	Halimi, Riza	M	1947	
ParlaMint-RS-en_2014-05-21-0	ParlaMint-RS_2014-05-21-0.u1692	Term 10, Meeting 2	2014-05-21	Unicameralism	10. mandat	-	Zasedanje 2	2015-10-16	-	Reference	English	Chairperson	MP	notMinister	SNS	Srpska napredna stranka	Coalition	Big tent	BečićIgor	Bečić, Igor	M	1971	
ParlaMint-RS-en_2014-05-21-0	ParlaMint-RS_2014-05-21-0.u1693	Term 10, Meeting 2	2014-05-21	Unicameralism	10. mandat	-	Zasedanje 2	2015-10-16	-	Reference	English	Regular	MP	notMinister	SDA	Stranka demokratske akcije Sandžaka	Opposition	Right	ImamovićEnis	Imamović, Enis	M	1984	
ParlaMint-RS-en_2014-05-21-0	ParlaMint-RS_2014-05-21-0.u1694	Term 10, Meeting 2	2014-05-21	Unicameralism	10. mandat	-	Zasedanje 2	2015-10-16	-	Reference	English	Chairperson	MP	notMinister	SNS	Srpska napredna stranka	Coalition	Big tent	BečićIgor	Bečić, Igor	M	1971	
ParlaMint-RS-en_2014-05-21-0	ParlaMint-RS_2014-05-21-0.u1695	Term 10, Meeting 2	2014-05-21	Unicameralism	10. mandat	-	Zasedanje 2	2015-10-16	-	Reference	English	Regular	MP	notMinister	SDP	Sandžačka demokratska partija	-	Centre-right	BačevacMuamer	Bačevac, Muamer	M	1977	
ParlaMint-RS-en_2014-05-21-0	ParlaMint-RS_2014-05-21-0.u1696	Term 10, Meeting 2	2014-05-21	Unicameralism	10. mandat	-	Zasedanje 2	2015-10-16	-	Reference	English	Chairperson	MP	notMinister	SNS	Srpska napredna stranka	Coalition	Big tent	BečićIgor	Bečić, Igor	M	1971	
