Text_ID	ID	Title	Date	Body	Term	Session	Meeting	Sitting	Agenda	Subcorpus	Lang	Speaker_role	Speaker_MP	Speaker_minister	Speaker_party	Speaker_party_name	Party_status	Party_orientation	Speaker_ID	Speaker_name	Speaker_gender	Speaker_birth
ParlaMint-BA-en_2021-04-08-0	ParlaMint-BA_2021-04-08-0.u2278	Minutes of the Parliamentary Assembly of Bosnia and Herzegovina, Term 8, Session 16	2021-04-08	Unicameralism	8. mandat	-	Sjednica 16	2021-04-08	-	COVID	English	Chairperson	MP	notMinister	SDA	Stranka demokratske akcije	Opposition	Centre-right to right	IzetbegovićBakir	Izetbegović, Bakir	M	1956	
ParlaMint-BA-en_2021-04-08-0	ParlaMint-BA_2021-04-08-0.u2279	Minutes of the Parliamentary Assembly of Bosnia and Herzegovina, Term 8, Session 16	2021-04-08	Unicameralism	8. mandat	-	Sjednica 16	2021-04-08	-	COVID	English	Regular	MP	notMinister	SDS	Srpska demokratska stranka	Coalition	Centre-right to right	BosićMladen	Bosić, Mladen	M	1961	
ParlaMint-BA-en_2021-04-08-0	ParlaMint-BA_2021-04-08-0.u2280	Minutes of the Parliamentary Assembly of Bosnia and Herzegovina, Term 8, Session 16	2021-04-08	Unicameralism	8. mandat	-	Sjednica 16	2021-04-08	-	COVID	English	Chairperson	MP	notMinister	SDA	Stranka demokratske akcije	Opposition	Centre-right to right	IzetbegovićBakir	Izetbegović, Bakir	M	1956	
ParlaMint-BA-en_2021-04-08-0	ParlaMint-BA_2021-04-08-0.u2281	Minutes of the Parliamentary Assembly of Bosnia and Herzegovina, Term 8, Session 16	2021-04-08	Unicameralism	8. mandat	-	Sjednica 16	2021-04-08	-	COVID	English	Regular	notMP	Minister	-	-	-	-	MitrovićVojin	Mitrović, Vojin	U	-	
ParlaMint-BA-en_2021-04-08-0	ParlaMint-BA_2021-04-08-0.u2282	Minutes of the Parliamentary Assembly of Bosnia and Herzegovina, Term 8, Session 16	2021-04-08	Unicameralism	8. mandat	-	Sjednica 16	2021-04-08	-	COVID	English	Chairperson	MP	notMinister	SDA	Stranka demokratske akcije	Opposition	Centre-right to right	IzetbegovićBakir	Izetbegović, Bakir	M	1956	
ParlaMint-BA-en_2021-04-08-0	ParlaMint-BA_2021-04-08-0.u2283	Minutes of the Parliamentary Assembly of Bosnia and Herzegovina, Term 8, Session 16	2021-04-08	Unicameralism	8. mandat	-	Sjednica 16	2021-04-08	-	COVID	English	Regular	MP	notMinister	SDS	Srpska demokratska stranka	Coalition	Centre-right to right	BosićMladen	Bosić, Mladen	M	1961	
ParlaMint-BA-en_2021-04-08-0	ParlaMint-BA_2021-04-08-0.u2284	Minutes of the Parliamentary Assembly of Bosnia and Herzegovina, Term 8, Session 16	2021-04-08	Unicameralism	8. mandat	-	Sjednica 16	2021-04-08	-	COVID	English	Chairperson	MP	notMinister	SDA	Stranka demokratske akcije	Opposition	Centre-right to right	IzetbegovićBakir	Izetbegović, Bakir	M	1956	
ParlaMint-BA-en_2021-04-08-0	ParlaMint-BA_2021-04-08-0.u2285	Minutes of the Parliamentary Assembly of Bosnia and Herzegovina, Term 8, Session 16	2021-04-08	Unicameralism	8. mandat	-	Sjednica 16	2021-04-08	-	COVID	English	Regular	MP	notMinister	SDP_BiH	Socijaldemokratska partija Bosne i Hercegovine	Opposition	Centre-left	BećirovićDenis	Bećirović, Denis	M	1975	
ParlaMint-BA-en_2021-04-08-0	ParlaMint-BA_2021-04-08-0.u2286	Minutes of the Parliamentary Assembly of Bosnia and Herzegovina, Term 8, Session 16	2021-04-08	Unicameralism	8. mandat	-	Sjednica 16	2021-04-08	-	COVID	English	Chairperson	MP	notMinister	SDA	Stranka demokratske akcije	Opposition	Centre-right to right	IzetbegovićBakir	Izetbegović, Bakir	M	1956	
ParlaMint-BA-en_2021-04-08-0	ParlaMint-BA_2021-04-08-0.u2287	Minutes of the Parliamentary Assembly of Bosnia and Herzegovina, Term 8, Session 16	2021-04-08	Unicameralism	8. mandat	-	Sjednica 16	2021-04-08	-	COVID	English	Regular	MP	notMinister	SDP_BiH	Socijaldemokratska partija Bosne i Hercegovine	Opposition	Centre-left	BećirovićDenis	Bećirović, Denis	M	1975	
ParlaMint-BA-en_2021-04-08-0	ParlaMint-BA_2021-04-08-0.u2288	Minutes of the Parliamentary Assembly of Bosnia and Herzegovina, Term 8, Session 16	2021-04-08	Unicameralism	8. mandat	-	Sjednica 16	2021-04-08	-	COVID	English	Chairperson	MP	notMinister	SDA	Stranka demokratske akcije	Opposition	Centre-right to right	IzetbegovićBakir	Izetbegović, Bakir	M	1956	
ParlaMint-BA-en_2021-04-08-0	ParlaMint-BA_2021-04-08-0.u2289	Minutes of the Parliamentary Assembly of Bosnia and Herzegovina, Term 8, Session 16	2021-04-08	Unicameralism	8. mandat	-	Sjednica 16	2021-04-08	-	COVID	English	Regular	MP	notMinister	SNSD	Savez nezavisnih socijaldemokrata	Opposition	Syncretic politics	ŠpirićNikola	Špirić, Nikola	M	1956	
ParlaMint-BA-en_2021-04-08-0	ParlaMint-BA_2021-04-08-0.u2290	Minutes of the Parliamentary Assembly of Bosnia and Herzegovina, Term 8, Session 16	2021-04-08	Unicameralism	8. mandat	-	Sjednica 16	2021-04-08	-	COVID	English	Chairperson	MP	notMinister	SDA	Stranka demokratske akcije	Opposition	Centre-right to right	IzetbegovićBakir	Izetbegović, Bakir	M	1956	
ParlaMint-BA-en_2021-04-08-0	ParlaMint-BA_2021-04-08-0.u2291	Minutes of the Parliamentary Assembly of Bosnia and Herzegovina, Term 8, Session 16	2021-04-08	Unicameralism	8. mandat	-	Sjednica 16	2021-04-08	-	COVID	English	Regular	notMP	notMinister	-	-	-	-	TegeltijaZoran	Tegeltija, Zoran	U	-	
ParlaMint-BA-en_2021-04-08-0	ParlaMint-BA_2021-04-08-0.u2292	Minutes of the Parliamentary Assembly of Bosnia and Herzegovina, Term 8, Session 16	2021-04-08	Unicameralism	8. mandat	-	Sjednica 16	2021-04-08	-	COVID	English	Chairperson	MP	notMinister	SDA	Stranka demokratske akcije	Opposition	Centre-right to right	IzetbegovićBakir	Izetbegović, Bakir	M	1956	
ParlaMint-BA-en_2021-04-08-0	ParlaMint-BA_2021-04-08-0.u2293	Minutes of the Parliamentary Assembly of Bosnia and Herzegovina, Term 8, Session 16	2021-04-08	Unicameralism	8. mandat	-	Sjednica 16	2021-04-08	-	COVID	English	Regular	MP	notMinister	SDP_BiH	Socijaldemokratska partija Bosne i Hercegovine	Opposition	Centre-left	BećirovićDenis	Bećirović, Denis	M	1975	
ParlaMint-BA-en_2021-04-08-0	ParlaMint-BA_2021-04-08-0.u2294	Minutes of the Parliamentary Assembly of Bosnia and Herzegovina, Term 8, Session 16	2021-04-08	Unicameralism	8. mandat	-	Sjednica 16	2021-04-08	-	COVID	English	Chairperson	MP	notMinister	SDA	Stranka demokratske akcije	Opposition	Centre-right to right	IzetbegovićBakir	Izetbegović, Bakir	M	1956	
ParlaMint-BA-en_2021-04-08-0	ParlaMint-BA_2021-04-08-0.u2295	Minutes of the Parliamentary Assembly of Bosnia and Herzegovina, Term 8, Session 16	2021-04-08	Unicameralism	8. mandat	-	Sjednica 16	2021-04-08	-	COVID	English	Regular	MP	notMinister	SDP_BiH	Socijaldemokratska partija Bosne i Hercegovine	Opposition	Centre-left	BećirovićDenis	Bećirović, Denis	M	1975	
ParlaMint-BA-en_2021-04-08-0	ParlaMint-BA_2021-04-08-0.u2296	Minutes of the Parliamentary Assembly of Bosnia and Herzegovina, Term 8, Session 16	2021-04-08	Unicameralism	8. mandat	-	Sjednica 16	2021-04-08	-	COVID	English	Chairperson	MP	notMinister	SDA	Stranka demokratske akcije	Opposition	Centre-right to right	IzetbegovićBakir	Izetbegović, Bakir	M	1956	
ParlaMint-BA-en_2021-04-08-0	ParlaMint-BA_2021-04-08-0.u2297	Minutes of the Parliamentary Assembly of Bosnia and Herzegovina, Term 8, Session 16	2021-04-08	Unicameralism	8. mandat	-	Sjednica 16	2021-04-08	-	COVID	English	Regular	MP	notMinister	SNSD	Savez nezavisnih socijaldemokrata	Opposition	Syncretic politics	ŠpirićNikola	Špirić, Nikola	M	1956	
ParlaMint-BA-en_2021-04-08-0	ParlaMint-BA_2021-04-08-0.u2298	Minutes of the Parliamentary Assembly of Bosnia and Herzegovina, Term 8, Session 16	2021-04-08	Unicameralism	8. mandat	-	Sjednica 16	2021-04-08	-	COVID	English	Chairperson	MP	notMinister	SDA	Stranka demokratske akcije	Opposition	Centre-right to right	IzetbegovićBakir	Izetbegović, Bakir	M	1956	
ParlaMint-BA-en_2021-04-08-0	ParlaMint-BA_2021-04-08-0.u2299	Minutes of the Parliamentary Assembly of Bosnia and Herzegovina, Term 8, Session 16	2021-04-08	Unicameralism	8. mandat	-	Sjednica 16	2021-04-08	-	COVID	English	Regular	MP	notMinister	SDP_BiH	Socijaldemokratska partija Bosne i Hercegovine	Opposition	Centre-left	BećirovićDenis	Bećirović, Denis	M	1975	
ParlaMint-BA-en_2021-04-08-0	ParlaMint-BA_2021-04-08-0.u2300	Minutes of the Parliamentary Assembly of Bosnia and Herzegovina, Term 8, Session 16	2021-04-08	Unicameralism	8. mandat	-	Sjednica 16	2021-04-08	-	COVID	English	Chairperson	MP	notMinister	SDA	Stranka demokratske akcije	Opposition	Centre-right to right	IzetbegovićBakir	Izetbegović, Bakir	M	1956	
ParlaMint-BA-en_2021-04-08-0	ParlaMint-BA_2021-04-08-0.u2301	Minutes of the Parliamentary Assembly of Bosnia and Herzegovina, Term 8, Session 16	2021-04-08	Unicameralism	8. mandat	-	Sjednica 16	2021-04-08	-	COVID	English	Regular	MP	notMinister	SNSD	Savez nezavisnih socijaldemokrata	Opposition	Syncretic politics	ŠpirićNikola	Špirić, Nikola	M	1956	
ParlaMint-BA-en_2021-04-08-0	ParlaMint-BA_2021-04-08-0.u2302	Minutes of the Parliamentary Assembly of Bosnia and Herzegovina, Term 8, Session 16	2021-04-08	Unicameralism	8. mandat	-	Sjednica 16	2021-04-08	-	COVID	English	Chairperson	MP	notMinister	SDA	Stranka demokratske akcije	Opposition	Centre-right to right	IzetbegovićBakir	Izetbegović, Bakir	M	1956	
ParlaMint-BA-en_2021-04-08-0	ParlaMint-BA_2021-04-08-0.u2303	Minutes of the Parliamentary Assembly of Bosnia and Herzegovina, Term 8, Session 16	2021-04-08	Unicameralism	8. mandat	-	Sjednica 16	2021-04-08	-	COVID	English	Regular	MP	notMinister	SNSD	Savez nezavisnih socijaldemokrata	Opposition	Syncretic politics	NovićSredoje	Nović, Sredoje	M	1947	
ParlaMint-BA-en_2021-04-08-0	ParlaMint-BA_2021-04-08-0.u2304	Minutes of the Parliamentary Assembly of Bosnia and Herzegovina, Term 8, Session 16	2021-04-08	Unicameralism	8. mandat	-	Sjednica 16	2021-04-08	-	COVID	English	Chairperson	MP	notMinister	SDA	Stranka demokratske akcije	Opposition	Centre-right to right	IzetbegovićBakir	Izetbegović, Bakir	M	1956	
ParlaMint-BA-en_2021-04-08-0	ParlaMint-BA_2021-04-08-0.u2306	Minutes of the Parliamentary Assembly of Bosnia and Herzegovina, Term 8, Session 16	2021-04-08	Unicameralism	8. mandat	-	Sjednica 16	2021-04-08	-	COVID	English	Regular	MP	notMinister	SNSD	Savez nezavisnih socijaldemokrata	Opposition	Syncretic politics	NovićSredoje	Nović, Sredoje	M	1947	
ParlaMint-BA-en_2021-04-08-0	ParlaMint-BA_2021-04-08-0.u2307	Minutes of the Parliamentary Assembly of Bosnia and Herzegovina, Term 8, Session 16	2021-04-08	Unicameralism	8. mandat	-	Sjednica 16	2021-04-08	-	COVID	English	Chairperson	MP	notMinister	SDA	Stranka demokratske akcije	Opposition	Centre-right to right	IzetbegovićBakir	Izetbegović, Bakir	M	1956	
ParlaMint-BA-en_2021-04-08-0	ParlaMint-BA_2021-04-08-0.u2308	Minutes of the Parliamentary Assembly of Bosnia and Herzegovina, Term 8, Session 16	2021-04-08	Unicameralism	8. mandat	-	Sjednica 16	2021-04-08	-	COVID	English	Regular	MP	notMinister	HDZ_BiH	Hrvatska demokratska zajednica Bosne i Hercegovine	-	Centre-right	ČovićDragan	Čović, Dragan	M	1956	
ParlaMint-BA-en_2021-04-08-0	ParlaMint-BA_2021-04-08-0.u2309	Minutes of the Parliamentary Assembly of Bosnia and Herzegovina, Term 8, Session 16	2021-04-08	Unicameralism	8. mandat	-	Sjednica 16	2021-04-08	-	COVID	English	Chairperson	MP	notMinister	SDA	Stranka demokratske akcije	Opposition	Centre-right to right	IzetbegovićBakir	Izetbegović, Bakir	M	1956	
ParlaMint-BA-en_2021-04-08-0	ParlaMint-BA_2021-04-08-0.u2310	Minutes of the Parliamentary Assembly of Bosnia and Herzegovina, Term 8, Session 16	2021-04-08	Unicameralism	8. mandat	-	Sjednica 16	2021-04-08	-	COVID	English	Regular	MP	notMinister	HDZ_BiH	Hrvatska demokratska zajednica Bosne i Hercegovine	-	Centre-right	ČovićDragan	Čović, Dragan	M	1956	
ParlaMint-BA-en_2021-04-08-0	ParlaMint-BA_2021-04-08-0.u2311	Minutes of the Parliamentary Assembly of Bosnia and Herzegovina, Term 8, Session 16	2021-04-08	Unicameralism	8. mandat	-	Sjednica 16	2021-04-08	-	COVID	English	Chairperson	MP	notMinister	SDA	Stranka demokratske akcije	Opposition	Centre-right to right	IzetbegovićBakir	Izetbegović, Bakir	M	1956	
ParlaMint-BA-en_2021-04-08-0	ParlaMint-BA_2021-04-08-0.u2312	Minutes of the Parliamentary Assembly of Bosnia and Herzegovina, Term 8, Session 16	2021-04-08	Unicameralism	8. mandat	-	Sjednica 16	2021-04-08	-	COVID	English	Regular	MP	notMinister	SDP_BiH	Socijaldemokratska partija Bosne i Hercegovine	Opposition	Centre-left	BećirovićDenis	Bećirović, Denis	M	1975	
ParlaMint-BA-en_2021-04-08-0	ParlaMint-BA_2021-04-08-0.u2313	Minutes of the Parliamentary Assembly of Bosnia and Herzegovina, Term 8, Session 16	2021-04-08	Unicameralism	8. mandat	-	Sjednica 16	2021-04-08	-	COVID	English	Chairperson	MP	notMinister	SDA	Stranka demokratske akcije	Opposition	Centre-right to right	IzetbegovićBakir	Izetbegović, Bakir	M	1956	
ParlaMint-BA-en_2021-04-08-0	ParlaMint-BA_2021-04-08-0.u2314	Minutes of the Parliamentary Assembly of Bosnia and Herzegovina, Term 8, Session 16	2021-04-08	Unicameralism	8. mandat	-	Sjednica 16	2021-04-08	-	COVID	English	Regular	MP	notMinister	-	-	-	-	MiletićZlatko	Miletić, Zlatko	M	-	
ParlaMint-BA-en_2021-04-08-0	ParlaMint-BA_2021-04-08-0.u2315	Minutes of the Parliamentary Assembly of Bosnia and Herzegovina, Term 8, Session 16	2021-04-08	Unicameralism	8. mandat	-	Sjednica 16	2021-04-08	-	COVID	English	Chairperson	MP	notMinister	SDA	Stranka demokratske akcije	Opposition	Centre-right to right	IzetbegovićBakir	Izetbegović, Bakir	M	1956	
ParlaMint-BA-en_2021-04-08-0	ParlaMint-BA_2021-04-08-0.u2316	Minutes of the Parliamentary Assembly of Bosnia and Herzegovina, Term 8, Session 16	2021-04-08	Unicameralism	8. mandat	-	Sjednica 16	2021-04-08	-	COVID	English	Regular	MP	notMinister	-	-	-	-	MiletićZlatko	Miletić, Zlatko	M	-	
ParlaMint-BA-en_2021-04-08-0	ParlaMint-BA_2021-04-08-0.u2317	Minutes of the Parliamentary Assembly of Bosnia and Herzegovina, Term 8, Session 16	2021-04-08	Unicameralism	8. mandat	-	Sjednica 16	2021-04-08	-	COVID	English	Chairperson	MP	notMinister	SDA	Stranka demokratske akcije	Opposition	Centre-right to right	IzetbegovićBakir	Izetbegović, Bakir	M	1956	
ParlaMint-BA-en_2021-04-08-0	ParlaMint-BA_2021-04-08-0.u2318	Minutes of the Parliamentary Assembly of Bosnia and Herzegovina, Term 8, Session 16	2021-04-08	Unicameralism	8. mandat	-	Sjednica 16	2021-04-08	-	COVID	English	Regular	notMP	notMinister	-	-	-	-	TegeltijaZoran	Tegeltija, Zoran	U	-	
ParlaMint-BA-en_2021-04-08-0	ParlaMint-BA_2021-04-08-0.u2319	Minutes of the Parliamentary Assembly of Bosnia and Herzegovina, Term 8, Session 16	2021-04-08	Unicameralism	8. mandat	-	Sjednica 16	2021-04-08	-	COVID	English	Chairperson	MP	notMinister	SDA	Stranka demokratske akcije	Opposition	Centre-right to right	IzetbegovićBakir	Izetbegović, Bakir	M	1956	
ParlaMint-BA-en_2021-04-08-0	ParlaMint-BA_2021-04-08-0.u2320	Minutes of the Parliamentary Assembly of Bosnia and Herzegovina, Term 8, Session 16	2021-04-08	Unicameralism	8. mandat	-	Sjednica 16	2021-04-08	-	COVID	English	Regular	notMP	notMinister	-	-	-	-	TegeltijaZoran	Tegeltija, Zoran	U	-	
ParlaMint-BA-en_2021-04-08-0	ParlaMint-BA_2021-04-08-0.u2321	Minutes of the Parliamentary Assembly of Bosnia and Herzegovina, Term 8, Session 16	2021-04-08	Unicameralism	8. mandat	-	Sjednica 16	2021-04-08	-	COVID	English	Chairperson	MP	notMinister	SDA	Stranka demokratske akcije	Opposition	Centre-right to right	IzetbegovićBakir	Izetbegović, Bakir	M	1956	
ParlaMint-BA-en_2021-04-08-0	ParlaMint-BA_2021-04-08-0.u2322	Minutes of the Parliamentary Assembly of Bosnia and Herzegovina, Term 8, Session 16	2021-04-08	Unicameralism	8. mandat	-	Sjednica 16	2021-04-08	-	COVID	English	Regular	MP	notMinister	-	-	-	-	MiletićZlatko	Miletić, Zlatko	M	-	
ParlaMint-BA-en_2021-04-08-0	ParlaMint-BA_2021-04-08-0.u2323	Minutes of the Parliamentary Assembly of Bosnia and Herzegovina, Term 8, Session 16	2021-04-08	Unicameralism	8. mandat	-	Sjednica 16	2021-04-08	-	COVID	English	Chairperson	MP	notMinister	SDA	Stranka demokratske akcije	Opposition	Centre-right to right	IzetbegovićBakir	Izetbegović, Bakir	M	1956	
ParlaMint-BA-en_2021-04-08-0	ParlaMint-BA_2021-04-08-0.u2324	Minutes of the Parliamentary Assembly of Bosnia and Herzegovina, Term 8, Session 16	2021-04-08	Unicameralism	8. mandat	-	Sjednica 16	2021-04-08	-	COVID	English	Regular	MP	notMinister	-	-	-	-	MiletićZlatko	Miletić, Zlatko	M	-	
ParlaMint-BA-en_2021-04-08-0	ParlaMint-BA_2021-04-08-0.u2325	Minutes of the Parliamentary Assembly of Bosnia and Herzegovina, Term 8, Session 16	2021-04-08	Unicameralism	8. mandat	-	Sjednica 16	2021-04-08	-	COVID	English	Chairperson	MP	notMinister	SDA	Stranka demokratske akcije	Opposition	Centre-right to right	IzetbegovićBakir	Izetbegović, Bakir	M	1956	
ParlaMint-BA-en_2021-04-08-0	ParlaMint-BA_2021-04-08-0.u2326	Minutes of the Parliamentary Assembly of Bosnia and Herzegovina, Term 8, Session 16	2021-04-08	Unicameralism	8. mandat	-	Sjednica 16	2021-04-08	-	COVID	English	Regular	MP	notMinister	-	-	-	-	MiletićZlatko	Miletić, Zlatko	M	-	
ParlaMint-BA-en_2021-04-08-0	ParlaMint-BA_2021-04-08-0.u2327	Minutes of the Parliamentary Assembly of Bosnia and Herzegovina, Term 8, Session 16	2021-04-08	Unicameralism	8. mandat	-	Sjednica 16	2021-04-08	-	COVID	English	Chairperson	MP	notMinister	SDA	Stranka demokratske akcije	Opposition	Centre-right to right	IzetbegovićBakir	Izetbegović, Bakir	M	1956	
ParlaMint-BA-en_2021-04-08-0	ParlaMint-BA_2021-04-08-0.u2328	Minutes of the Parliamentary Assembly of Bosnia and Herzegovina, Term 8, Session 16	2021-04-08	Unicameralism	8. mandat	-	Sjednica 16	2021-04-08	-	COVID	English	Regular	MP	notMinister	HDZ_BiH	Hrvatska demokratska zajednica Bosne i Hercegovine	-	Centre-right	PendešMarina	Pendeš, Marina	F	-	
ParlaMint-BA-en_2021-04-08-0	ParlaMint-BA_2021-04-08-0.u2329	Minutes of the Parliamentary Assembly of Bosnia and Herzegovina, Term 8, Session 16	2021-04-08	Unicameralism	8. mandat	-	Sjednica 16	2021-04-08	-	COVID	English	Chairperson	MP	notMinister	SDA	Stranka demokratske akcije	Opposition	Centre-right to right	IzetbegovićBakir	Izetbegović, Bakir	M	1956	
ParlaMint-BA-en_2021-04-08-0	ParlaMint-BA_2021-04-08-0.u2330	Minutes of the Parliamentary Assembly of Bosnia and Herzegovina, Term 8, Session 16	2021-04-08	Unicameralism	8. mandat	-	Sjednica 16	2021-04-08	-	COVID	English	Regular	MP	notMinister	HDZ_BiH	Hrvatska demokratska zajednica Bosne i Hercegovine	-	Centre-right	ČolakBariša	Čolak, Bariša	M	1956	
ParlaMint-BA-en_2021-04-08-0	ParlaMint-BA_2021-04-08-0.u2331	Minutes of the Parliamentary Assembly of Bosnia and Herzegovina, Term 8, Session 16	2021-04-08	Unicameralism	8. mandat	-	Sjednica 16	2021-04-08	-	COVID	English	Chairperson	MP	notMinister	SDA	Stranka demokratske akcije	Opposition	Centre-right to right	IzetbegovićBakir	Izetbegović, Bakir	M	1956	
ParlaMint-BA-en_2021-04-08-0	ParlaMint-BA_2021-04-08-0.u2332	Minutes of the Parliamentary Assembly of Bosnia and Herzegovina, Term 8, Session 16	2021-04-08	Unicameralism	8. mandat	-	Sjednica 16	2021-04-08	-	COVID	English	Regular	notMP	notMinister	-	-	-	-	ŽivkovićGordana	Živković, Gordana	U	-	
ParlaMint-BA-en_2021-04-08-0	ParlaMint-BA_2021-04-08-0.u2333	Minutes of the Parliamentary Assembly of Bosnia and Herzegovina, Term 8, Session 16	2021-04-08	Unicameralism	8. mandat	-	Sjednica 16	2021-04-08	-	COVID	English	Chairperson	MP	notMinister	SDA	Stranka demokratske akcije	Opposition	Centre-right to right	IzetbegovićBakir	Izetbegović, Bakir	M	1956	
ParlaMint-BA-en_2021-04-08-0	ParlaMint-BA_2021-04-08-0.u2334	Minutes of the Parliamentary Assembly of Bosnia and Herzegovina, Term 8, Session 16	2021-04-08	Unicameralism	8. mandat	-	Sjednica 16	2021-04-08	-	COVID	English	Regular	MP	notMinister	SDS	Srpska demokratska stranka	Coalition	Centre-right to right	BosićMladen	Bosić, Mladen	M	1961	
ParlaMint-BA-en_2021-04-08-0	ParlaMint-BA_2021-04-08-0.u2335	Minutes of the Parliamentary Assembly of Bosnia and Herzegovina, Term 8, Session 16	2021-04-08	Unicameralism	8. mandat	-	Sjednica 16	2021-04-08	-	COVID	English	Chairperson	MP	notMinister	SDA	Stranka demokratske akcije	Opposition	Centre-right to right	IzetbegovićBakir	Izetbegović, Bakir	M	1956	
ParlaMint-BA-en_2021-04-08-0	ParlaMint-BA_2021-04-08-0.u2336	Minutes of the Parliamentary Assembly of Bosnia and Herzegovina, Term 8, Session 16	2021-04-08	Unicameralism	8. mandat	-	Sjednica 16	2021-04-08	-	COVID	English	Regular	MP	notMinister	SDS	Srpska demokratska stranka	Coalition	Centre-right to right	BosićMladen	Bosić, Mladen	M	1961	
ParlaMint-BA-en_2021-04-08-0	ParlaMint-BA_2021-04-08-0.u2337	Minutes of the Parliamentary Assembly of Bosnia and Herzegovina, Term 8, Session 16	2021-04-08	Unicameralism	8. mandat	-	Sjednica 16	2021-04-08	-	COVID	English	Chairperson	MP	notMinister	SDA	Stranka demokratske akcije	Opposition	Centre-right to right	IzetbegovićBakir	Izetbegović, Bakir	M	1956	
ParlaMint-BA-en_2021-04-08-0	ParlaMint-BA_2021-04-08-0.u2338	Minutes of the Parliamentary Assembly of Bosnia and Herzegovina, Term 8, Session 16	2021-04-08	Unicameralism	8. mandat	-	Sjednica 16	2021-04-08	-	COVID	English	Regular	MP	notMinister	SDS	Srpska demokratska stranka	Coalition	Centre-right to right	BosićMladen	Bosić, Mladen	M	1961	
ParlaMint-BA-en_2021-04-08-0	ParlaMint-BA_2021-04-08-0.u2339	Minutes of the Parliamentary Assembly of Bosnia and Herzegovina, Term 8, Session 16	2021-04-08	Unicameralism	8. mandat	-	Sjednica 16	2021-04-08	-	COVID	English	Chairperson	MP	notMinister	SDA	Stranka demokratske akcije	Opposition	Centre-right to right	IzetbegovićBakir	Izetbegović, Bakir	M	1956	
ParlaMint-BA-en_2021-04-08-0	ParlaMint-BA_2021-04-08-0.u2340	Minutes of the Parliamentary Assembly of Bosnia and Herzegovina, Term 8, Session 16	2021-04-08	Unicameralism	8. mandat	-	Sjednica 16	2021-04-08	-	COVID	English	Regular	MP	notMinister	SDS	Srpska demokratska stranka	Coalition	Centre-right to right	BosićMladen	Bosić, Mladen	M	1961	
ParlaMint-BA-en_2021-04-08-0	ParlaMint-BA_2021-04-08-0.u2341	Minutes of the Parliamentary Assembly of Bosnia and Herzegovina, Term 8, Session 16	2021-04-08	Unicameralism	8. mandat	-	Sjednica 16	2021-04-08	-	COVID	English	Chairperson	MP	notMinister	SDA	Stranka demokratske akcije	Opposition	Centre-right to right	IzetbegovićBakir	Izetbegović, Bakir	M	1956	
ParlaMint-BA-en_2021-04-08-0	ParlaMint-BA_2021-04-08-0.u2342	Minutes of the Parliamentary Assembly of Bosnia and Herzegovina, Term 8, Session 16	2021-04-08	Unicameralism	8. mandat	-	Sjednica 16	2021-04-08	-	COVID	English	Regular	MP	notMinister	SNSD	Savez nezavisnih socijaldemokrata	Opposition	Syncretic politics	MajkićDušanka	Majkić, Dušanka	F	1952	
ParlaMint-BA-en_2021-04-08-0	ParlaMint-BA_2021-04-08-0.u2343	Minutes of the Parliamentary Assembly of Bosnia and Herzegovina, Term 8, Session 16	2021-04-08	Unicameralism	8. mandat	-	Sjednica 16	2021-04-08	-	COVID	English	Chairperson	MP	notMinister	SDA	Stranka demokratske akcije	Opposition	Centre-right to right	IzetbegovićBakir	Izetbegović, Bakir	M	1956	
ParlaMint-BA-en_2021-04-08-0	ParlaMint-BA_2021-04-08-0.u2344	Minutes of the Parliamentary Assembly of Bosnia and Herzegovina, Term 8, Session 16	2021-04-08	Unicameralism	8. mandat	-	Sjednica 16	2021-04-08	-	COVID	English	Regular	MP	notMinister	SNSD	Savez nezavisnih socijaldemokrata	Opposition	Syncretic politics	MajkićDušanka	Majkić, Dušanka	F	1952	
ParlaMint-BA-en_2021-04-08-0	ParlaMint-BA_2021-04-08-0.u2345	Minutes of the Parliamentary Assembly of Bosnia and Herzegovina, Term 8, Session 16	2021-04-08	Unicameralism	8. mandat	-	Sjednica 16	2021-04-08	-	COVID	English	Chairperson	MP	notMinister	SDA	Stranka demokratske akcije	Opposition	Centre-right to right	IzetbegovićBakir	Izetbegović, Bakir	M	1956	
ParlaMint-BA-en_2021-04-08-0	ParlaMint-BA_2021-04-08-0.u2346	Minutes of the Parliamentary Assembly of Bosnia and Herzegovina, Term 8, Session 16	2021-04-08	Unicameralism	8. mandat	-	Sjednica 16	2021-04-08	-	COVID	English	Regular	MP	notMinister	SNSD	Savez nezavisnih socijaldemokrata	Opposition	Syncretic politics	MajkićDušanka	Majkić, Dušanka	F	1952	
ParlaMint-BA-en_2021-04-08-0	ParlaMint-BA_2021-04-08-0.u2347	Minutes of the Parliamentary Assembly of Bosnia and Herzegovina, Term 8, Session 16	2021-04-08	Unicameralism	8. mandat	-	Sjednica 16	2021-04-08	-	COVID	English	Chairperson	MP	notMinister	SDA	Stranka demokratske akcije	Opposition	Centre-right to right	IzetbegovićBakir	Izetbegović, Bakir	M	1956	
ParlaMint-BA-en_2021-04-08-0	ParlaMint-BA_2021-04-08-0.u2348	Minutes of the Parliamentary Assembly of Bosnia and Herzegovina, Term 8, Session 16	2021-04-08	Unicameralism	8. mandat	-	Sjednica 16	2021-04-08	-	COVID	English	Regular	notMP	notMinister	-	-	-	-	ŽivkovićGordana	Živković, Gordana	U	-	
ParlaMint-BA-en_2021-04-08-0	ParlaMint-BA_2021-04-08-0.u2349	Minutes of the Parliamentary Assembly of Bosnia and Herzegovina, Term 8, Session 16	2021-04-08	Unicameralism	8. mandat	-	Sjednica 16	2021-04-08	-	COVID	English	Chairperson	MP	notMinister	SDA	Stranka demokratske akcije	Opposition	Centre-right to right	IzetbegovićBakir	Izetbegović, Bakir	M	1956	
ParlaMint-BA-en_2021-04-08-0	ParlaMint-BA_2021-04-08-0.u2351	Minutes of the Parliamentary Assembly of Bosnia and Herzegovina, Term 8, Session 16	2021-04-08	Unicameralism	8. mandat	-	Sjednica 16	2021-04-08	-	COVID	English	Regular	MP	notMinister	SNSD	Savez nezavisnih socijaldemokrata	Opposition	Syncretic politics	ŠpirićNikola	Špirić, Nikola	M	1956	
ParlaMint-BA-en_2021-04-08-0	ParlaMint-BA_2021-04-08-0.u2352	Minutes of the Parliamentary Assembly of Bosnia and Herzegovina, Term 8, Session 16	2021-04-08	Unicameralism	8. mandat	-	Sjednica 16	2021-04-08	-	COVID	English	Chairperson	MP	notMinister	SDA	Stranka demokratske akcije	Opposition	Centre-right to right	IzetbegovićBakir	Izetbegović, Bakir	M	1956	
ParlaMint-BA-en_2021-04-08-0	ParlaMint-BA_2021-04-08-0.u2353	Minutes of the Parliamentary Assembly of Bosnia and Herzegovina, Term 8, Session 16	2021-04-08	Unicameralism	8. mandat	-	Sjednica 16	2021-04-08	-	COVID	English	Regular	MP	notMinister	SNSD	Savez nezavisnih socijaldemokrata	Opposition	Syncretic politics	ŠpirićNikola	Špirić, Nikola	M	1956	
ParlaMint-BA-en_2021-04-08-0	ParlaMint-BA_2021-04-08-0.u2354	Minutes of the Parliamentary Assembly of Bosnia and Herzegovina, Term 8, Session 16	2021-04-08	Unicameralism	8. mandat	-	Sjednica 16	2021-04-08	-	COVID	English	Chairperson	MP	notMinister	SDA	Stranka demokratske akcije	Opposition	Centre-right to right	IzetbegovićBakir	Izetbegović, Bakir	M	1956	
ParlaMint-BA-en_2021-04-08-0	ParlaMint-BA_2021-04-08-0.u2356	Minutes of the Parliamentary Assembly of Bosnia and Herzegovina, Term 8, Session 16	2021-04-08	Unicameralism	8. mandat	-	Sjednica 16	2021-04-08	-	COVID	English	Regular	MP	notMinister	SDA	Stranka demokratske akcije	Opposition	Centre-right to right	SarajlićAsim	Sarajlić, Asim	M	1975	
ParlaMint-BA-en_2021-04-08-0	ParlaMint-BA_2021-04-08-0.u2357	Minutes of the Parliamentary Assembly of Bosnia and Herzegovina, Term 8, Session 16	2021-04-08	Unicameralism	8. mandat	-	Sjednica 16	2021-04-08	-	COVID	English	Chairperson	MP	notMinister	SDA	Stranka demokratske akcije	Opposition	Centre-right to right	IzetbegovićBakir	Izetbegović, Bakir	M	1956	
ParlaMint-BA-en_2021-04-08-0	ParlaMint-BA_2021-04-08-0.u2358	Minutes of the Parliamentary Assembly of Bosnia and Herzegovina, Term 8, Session 16	2021-04-08	Unicameralism	8. mandat	-	Sjednica 16	2021-04-08	-	COVID	English	Regular	notMP	notMinister	-	-	-	-	ŽivkovićGordana	Živković, Gordana	U	-	
ParlaMint-BA-en_2021-04-08-0	ParlaMint-BA_2021-04-08-0.u2359	Minutes of the Parliamentary Assembly of Bosnia and Herzegovina, Term 8, Session 16	2021-04-08	Unicameralism	8. mandat	-	Sjednica 16	2021-04-08	-	COVID	English	Chairperson	MP	notMinister	SDA	Stranka demokratske akcije	Opposition	Centre-right to right	IzetbegovićBakir	Izetbegović, Bakir	M	1956	
ParlaMint-BA-en_2021-04-08-0	ParlaMint-BA_2021-04-08-0.u2361	Minutes of the Parliamentary Assembly of Bosnia and Herzegovina, Term 8, Session 16	2021-04-08	Unicameralism	8. mandat	-	Sjednica 16	2021-04-08	-	COVID	English	Regular	notMP	notMinister	-	-	-	-	ŽivkovićGordana	Živković, Gordana	U	-	
ParlaMint-BA-en_2021-04-08-0	ParlaMint-BA_2021-04-08-0.u2362	Minutes of the Parliamentary Assembly of Bosnia and Herzegovina, Term 8, Session 16	2021-04-08	Unicameralism	8. mandat	-	Sjednica 16	2021-04-08	-	COVID	English	Chairperson	MP	notMinister	SDA	Stranka demokratske akcije	Opposition	Centre-right to right	IzetbegovićBakir	Izetbegović, Bakir	M	1956	
ParlaMint-BA-en_2021-04-08-0	ParlaMint-BA_2021-04-08-0.u2363	Minutes of the Parliamentary Assembly of Bosnia and Herzegovina, Term 8, Session 16	2021-04-08	Unicameralism	8. mandat	-	Sjednica 16	2021-04-08	-	COVID	English	Regular	MP	notMinister	-	-	-	-	MiletićZlatko	Miletić, Zlatko	M	-	
ParlaMint-BA-en_2021-04-08-0	ParlaMint-BA_2021-04-08-0.u2364	Minutes of the Parliamentary Assembly of Bosnia and Herzegovina, Term 8, Session 16	2021-04-08	Unicameralism	8. mandat	-	Sjednica 16	2021-04-08	-	COVID	English	Chairperson	MP	notMinister	SDA	Stranka demokratske akcije	Opposition	Centre-right to right	IzetbegovićBakir	Izetbegović, Bakir	M	1956	
ParlaMint-BA-en_2021-04-08-0	ParlaMint-BA_2021-04-08-0.u2365	Minutes of the Parliamentary Assembly of Bosnia and Herzegovina, Term 8, Session 16	2021-04-08	Unicameralism	8. mandat	-	Sjednica 16	2021-04-08	-	COVID	English	Regular	MP	notMinister	-	-	-	-	MiletićZlatko	Miletić, Zlatko	M	-	
ParlaMint-BA-en_2021-04-08-0	ParlaMint-BA_2021-04-08-0.u2366	Minutes of the Parliamentary Assembly of Bosnia and Herzegovina, Term 8, Session 16	2021-04-08	Unicameralism	8. mandat	-	Sjednica 16	2021-04-08	-	COVID	English	Chairperson	MP	notMinister	SDA	Stranka demokratske akcije	Opposition	Centre-right to right	IzetbegovićBakir	Izetbegović, Bakir	M	1956	
ParlaMint-BA-en_2021-04-08-0	ParlaMint-BA_2021-04-08-0.u2367	Minutes of the Parliamentary Assembly of Bosnia and Herzegovina, Term 8, Session 16	2021-04-08	Unicameralism	8. mandat	-	Sjednica 16	2021-04-08	-	COVID	English	Regular	MP	notMinister	-	-	-	-	MiletićZlatko	Miletić, Zlatko	M	-	
ParlaMint-BA-en_2021-04-08-0	ParlaMint-BA_2021-04-08-0.u2368	Minutes of the Parliamentary Assembly of Bosnia and Herzegovina, Term 8, Session 16	2021-04-08	Unicameralism	8. mandat	-	Sjednica 16	2021-04-08	-	COVID	English	Chairperson	MP	notMinister	SDA	Stranka demokratske akcije	Opposition	Centre-right to right	IzetbegovićBakir	Izetbegović, Bakir	M	1956	
ParlaMint-BA-en_2021-04-08-0	ParlaMint-BA_2021-04-08-0.u2369	Minutes of the Parliamentary Assembly of Bosnia and Herzegovina, Term 8, Session 16	2021-04-08	Unicameralism	8. mandat	-	Sjednica 16	2021-04-08	-	COVID	English	Regular	MP	notMinister	HDZ_BiH	Hrvatska demokratska zajednica Bosne i Hercegovine	-	Centre-right	PendešMarina	Pendeš, Marina	F	-	
ParlaMint-BA-en_2021-04-08-0	ParlaMint-BA_2021-04-08-0.u2370	Minutes of the Parliamentary Assembly of Bosnia and Herzegovina, Term 8, Session 16	2021-04-08	Unicameralism	8. mandat	-	Sjednica 16	2021-04-08	-	COVID	English	Chairperson	MP	notMinister	SDA	Stranka demokratske akcije	Opposition	Centre-right to right	IzetbegovićBakir	Izetbegović, Bakir	M	1956	
ParlaMint-BA-en_2021-04-08-0	ParlaMint-BA_2021-04-08-0.u2371	Minutes of the Parliamentary Assembly of Bosnia and Herzegovina, Term 8, Session 16	2021-04-08	Unicameralism	8. mandat	-	Sjednica 16	2021-04-08	-	COVID	English	Regular	MP	notMinister	SDP_BiH	Socijaldemokratska partija Bosne i Hercegovine	Opposition	Centre-left	BećirovićDenis	Bećirović, Denis	M	1975	
ParlaMint-BA-en_2021-04-08-0	ParlaMint-BA_2021-04-08-0.u2372	Minutes of the Parliamentary Assembly of Bosnia and Herzegovina, Term 8, Session 16	2021-04-08	Unicameralism	8. mandat	-	Sjednica 16	2021-04-08	-	COVID	English	Chairperson	MP	notMinister	SDA	Stranka demokratske akcije	Opposition	Centre-right to right	IzetbegovićBakir	Izetbegović, Bakir	M	1956	
ParlaMint-BA-en_2021-04-08-0	ParlaMint-BA_2021-04-08-0.u2373	Minutes of the Parliamentary Assembly of Bosnia and Herzegovina, Term 8, Session 16	2021-04-08	Unicameralism	8. mandat	-	Sjednica 16	2021-04-08	-	COVID	English	Regular	MP	notMinister	SNSD	Savez nezavisnih socijaldemokrata	Opposition	Syncretic politics	MajkićDušanka	Majkić, Dušanka	F	1952	
ParlaMint-BA-en_2021-04-08-0	ParlaMint-BA_2021-04-08-0.u2374	Minutes of the Parliamentary Assembly of Bosnia and Herzegovina, Term 8, Session 16	2021-04-08	Unicameralism	8. mandat	-	Sjednica 16	2021-04-08	-	COVID	English	Chairperson	MP	notMinister	SDA	Stranka demokratske akcije	Opposition	Centre-right to right	IzetbegovićBakir	Izetbegović, Bakir	M	1956	
ParlaMint-BA-en_2021-04-08-0	ParlaMint-BA_2021-04-08-0.u2375	Minutes of the Parliamentary Assembly of Bosnia and Herzegovina, Term 8, Session 16	2021-04-08	Unicameralism	8. mandat	-	Sjednica 16	2021-04-08	-	COVID	English	Regular	MP	notMinister	SDP_BiH	Socijaldemokratska partija Bosne i Hercegovine	Opposition	Centre-left	BećirovićDenis	Bećirović, Denis	M	1975	
ParlaMint-BA-en_2021-04-08-0	ParlaMint-BA_2021-04-08-0.u2376	Minutes of the Parliamentary Assembly of Bosnia and Herzegovina, Term 8, Session 16	2021-04-08	Unicameralism	8. mandat	-	Sjednica 16	2021-04-08	-	COVID	English	Chairperson	MP	notMinister	SDA	Stranka demokratske akcije	Opposition	Centre-right to right	IzetbegovićBakir	Izetbegović, Bakir	M	1956	
ParlaMint-BA-en_2021-04-08-0	ParlaMint-BA_2021-04-08-0.u2377	Minutes of the Parliamentary Assembly of Bosnia and Herzegovina, Term 8, Session 16	2021-04-08	Unicameralism	8. mandat	-	Sjednica 16	2021-04-08	-	COVID	English	Regular	MP	notMinister	SDP_BiH	Socijaldemokratska partija Bosne i Hercegovine	Opposition	Centre-left	BećirovićDenis	Bećirović, Denis	M	1975	
ParlaMint-BA-en_2021-04-08-0	ParlaMint-BA_2021-04-08-0.u2378	Minutes of the Parliamentary Assembly of Bosnia and Herzegovina, Term 8, Session 16	2021-04-08	Unicameralism	8. mandat	-	Sjednica 16	2021-04-08	-	COVID	English	Chairperson	MP	notMinister	SDA	Stranka demokratske akcije	Opposition	Centre-right to right	IzetbegovićBakir	Izetbegović, Bakir	M	1956	
ParlaMint-BA-en_2021-04-08-0	ParlaMint-BA_2021-04-08-0.u2379	Minutes of the Parliamentary Assembly of Bosnia and Herzegovina, Term 8, Session 16	2021-04-08	Unicameralism	8. mandat	-	Sjednica 16	2021-04-08	-	COVID	English	Regular	MP	notMinister	-	-	-	-	MiletićZlatko	Miletić, Zlatko	M	-	
ParlaMint-BA-en_2021-04-08-0	ParlaMint-BA_2021-04-08-0.u2380	Minutes of the Parliamentary Assembly of Bosnia and Herzegovina, Term 8, Session 16	2021-04-08	Unicameralism	8. mandat	-	Sjednica 16	2021-04-08	-	COVID	English	Chairperson	MP	notMinister	SDA	Stranka demokratske akcije	Opposition	Centre-right to right	IzetbegovićBakir	Izetbegović, Bakir	M	1956	
ParlaMint-BA-en_2021-04-08-0	ParlaMint-BA_2021-04-08-0.u2381	Minutes of the Parliamentary Assembly of Bosnia and Herzegovina, Term 8, Session 16	2021-04-08	Unicameralism	8. mandat	-	Sjednica 16	2021-04-08	-	COVID	English	Regular	MP	notMinister	SNSD	Savez nezavisnih socijaldemokrata	Opposition	Syncretic politics	MajkićDušanka	Majkić, Dušanka	F	1952	
ParlaMint-BA-en_2021-04-08-0	ParlaMint-BA_2021-04-08-0.u2382	Minutes of the Parliamentary Assembly of Bosnia and Herzegovina, Term 8, Session 16	2021-04-08	Unicameralism	8. mandat	-	Sjednica 16	2021-04-08	-	COVID	English	Chairperson	MP	notMinister	SDA	Stranka demokratske akcije	Opposition	Centre-right to right	IzetbegovićBakir	Izetbegović, Bakir	M	1956	
ParlaMint-BA-en_2021-04-08-0	ParlaMint-BA_2021-04-08-0.u2383	Minutes of the Parliamentary Assembly of Bosnia and Herzegovina, Term 8, Session 16	2021-04-08	Unicameralism	8. mandat	-	Sjednica 16	2021-04-08	-	COVID	English	Regular	MP	notMinister	-	-	-	-	MiletićZlatko	Miletić, Zlatko	M	-	
ParlaMint-BA-en_2021-04-08-0	ParlaMint-BA_2021-04-08-0.u2384	Minutes of the Parliamentary Assembly of Bosnia and Herzegovina, Term 8, Session 16	2021-04-08	Unicameralism	8. mandat	-	Sjednica 16	2021-04-08	-	COVID	English	Chairperson	MP	notMinister	SDA	Stranka demokratske akcije	Opposition	Centre-right to right	IzetbegovićBakir	Izetbegović, Bakir	M	1956	
ParlaMint-BA-en_2021-04-08-0	ParlaMint-BA_2021-04-08-0.u2387	Minutes of the Parliamentary Assembly of Bosnia and Herzegovina, Term 8, Session 16	2021-04-08	Unicameralism	8. mandat	-	Sjednica 16	2021-04-08	-	COVID	English	Regular	MP	notMinister	HDZ_BiH	Hrvatska demokratska zajednica Bosne i Hercegovine	-	Centre-right	ČolakBariša	Čolak, Bariša	M	1956	
ParlaMint-BA-en_2021-04-08-0	ParlaMint-BA_2021-04-08-0.u2388	Minutes of the Parliamentary Assembly of Bosnia and Herzegovina, Term 8, Session 16	2021-04-08	Unicameralism	8. mandat	-	Sjednica 16	2021-04-08	-	COVID	English	Chairperson	MP	notMinister	SDA	Stranka demokratske akcije	Opposition	Centre-right to right	IzetbegovićBakir	Izetbegović, Bakir	M	1956	
ParlaMint-BA-en_2021-04-08-0	ParlaMint-BA_2021-04-08-0.u2389	Minutes of the Parliamentary Assembly of Bosnia and Herzegovina, Term 8, Session 16	2021-04-08	Unicameralism	8. mandat	-	Sjednica 16	2021-04-08	-	COVID	English	Regular	MP	notMinister	HDZ_BiH	Hrvatska demokratska zajednica Bosne i Hercegovine	-	Centre-right	ČolakBariša	Čolak, Bariša	M	1956	
ParlaMint-BA-en_2021-04-08-0	ParlaMint-BA_2021-04-08-0.u2390	Minutes of the Parliamentary Assembly of Bosnia and Herzegovina, Term 8, Session 16	2021-04-08	Unicameralism	8. mandat	-	Sjednica 16	2021-04-08	-	COVID	English	Chairperson	MP	notMinister	SDA	Stranka demokratske akcije	Opposition	Centre-right to right	IzetbegovićBakir	Izetbegović, Bakir	M	1956	
ParlaMint-BA-en_2021-04-08-0	ParlaMint-BA_2021-04-08-0.u2391	Minutes of the Parliamentary Assembly of Bosnia and Herzegovina, Term 8, Session 16	2021-04-08	Unicameralism	8. mandat	-	Sjednica 16	2021-04-08	-	COVID	English	Regular	MP	notMinister	SNSD	Savez nezavisnih socijaldemokrata	Opposition	Syncretic politics	ŠpirićNikola	Špirić, Nikola	M	1956	
ParlaMint-BA-en_2021-04-08-0	ParlaMint-BA_2021-04-08-0.u2392	Minutes of the Parliamentary Assembly of Bosnia and Herzegovina, Term 8, Session 16	2021-04-08	Unicameralism	8. mandat	-	Sjednica 16	2021-04-08	-	COVID	English	Chairperson	MP	notMinister	SDA	Stranka demokratske akcije	Opposition	Centre-right to right	IzetbegovićBakir	Izetbegović, Bakir	M	1956	
ParlaMint-BA-en_2021-04-08-0	ParlaMint-BA_2021-04-08-0.u2393	Minutes of the Parliamentary Assembly of Bosnia and Herzegovina, Term 8, Session 16	2021-04-08	Unicameralism	8. mandat	-	Sjednica 16	2021-04-08	-	COVID	English	Regular	MP	notMinister	HDZ_BiH	Hrvatska demokratska zajednica Bosne i Hercegovine	-	Centre-right	ČovićDragan	Čović, Dragan	M	1956	
ParlaMint-BA-en_2021-04-08-0	ParlaMint-BA_2021-04-08-0.u2394	Minutes of the Parliamentary Assembly of Bosnia and Herzegovina, Term 8, Session 16	2021-04-08	Unicameralism	8. mandat	-	Sjednica 16	2021-04-08	-	COVID	English	Chairperson	MP	notMinister	SDA	Stranka demokratske akcije	Opposition	Centre-right to right	IzetbegovićBakir	Izetbegović, Bakir	M	1956	
ParlaMint-BA-en_2021-04-08-0	ParlaMint-BA_2021-04-08-0.u2403	Minutes of the Parliamentary Assembly of Bosnia and Herzegovina, Term 8, Session 16	2021-04-08	Unicameralism	8. mandat	-	Sjednica 16	2021-04-08	-	COVID	English	Regular	MP	notMinister	SNSD	Savez nezavisnih socijaldemokrata	Opposition	Syncretic politics	MajkićDušanka	Majkić, Dušanka	F	1952	
ParlaMint-BA-en_2021-04-08-0	ParlaMint-BA_2021-04-08-0.u2404	Minutes of the Parliamentary Assembly of Bosnia and Herzegovina, Term 8, Session 16	2021-04-08	Unicameralism	8. mandat	-	Sjednica 16	2021-04-08	-	COVID	English	Chairperson	MP	notMinister	SDA	Stranka demokratske akcije	Opposition	Centre-right to right	IzetbegovićBakir	Izetbegović, Bakir	M	1956	
ParlaMint-BA-en_2021-04-08-0	ParlaMint-BA_2021-04-08-0.u2405	Minutes of the Parliamentary Assembly of Bosnia and Herzegovina, Term 8, Session 16	2021-04-08	Unicameralism	8. mandat	-	Sjednica 16	2021-04-08	-	COVID	English	Regular	MP	notMinister	SNSD	Savez nezavisnih socijaldemokrata	Opposition	Syncretic politics	MajkićDušanka	Majkić, Dušanka	F	1952	
ParlaMint-BA-en_2021-04-08-0	ParlaMint-BA_2021-04-08-0.u2406	Minutes of the Parliamentary Assembly of Bosnia and Herzegovina, Term 8, Session 16	2021-04-08	Unicameralism	8. mandat	-	Sjednica 16	2021-04-08	-	COVID	English	Chairperson	MP	notMinister	SDA	Stranka demokratske akcije	Opposition	Centre-right to right	IzetbegovićBakir	Izetbegović, Bakir	M	1956	
ParlaMint-BA-en_2021-04-08-0	ParlaMint-BA_2021-04-08-0.u2407	Minutes of the Parliamentary Assembly of Bosnia and Herzegovina, Term 8, Session 16	2021-04-08	Unicameralism	8. mandat	-	Sjednica 16	2021-04-08	-	COVID	English	Regular	notMP	notMinister	-	-	-	-	ŽivkovićGordana	Živković, Gordana	U	-	
ParlaMint-BA-en_2021-04-08-0	ParlaMint-BA_2021-04-08-0.u2408	Minutes of the Parliamentary Assembly of Bosnia and Herzegovina, Term 8, Session 16	2021-04-08	Unicameralism	8. mandat	-	Sjednica 16	2021-04-08	-	COVID	English	Chairperson	MP	notMinister	SDA	Stranka demokratske akcije	Opposition	Centre-right to right	IzetbegovićBakir	Izetbegović, Bakir	M	1956	
ParlaMint-BA-en_2021-04-08-0	ParlaMint-BA_2021-04-08-0.u2409	Minutes of the Parliamentary Assembly of Bosnia and Herzegovina, Term 8, Session 16	2021-04-08	Unicameralism	8. mandat	-	Sjednica 16	2021-04-08	-	COVID	English	Regular	MP	notMinister	SDP_BiH	Socijaldemokratska partija Bosne i Hercegovine	Opposition	Centre-left	BećirovićDenis	Bećirović, Denis	M	1975	
ParlaMint-BA-en_2021-04-08-0	ParlaMint-BA_2021-04-08-0.u2410	Minutes of the Parliamentary Assembly of Bosnia and Herzegovina, Term 8, Session 16	2021-04-08	Unicameralism	8. mandat	-	Sjednica 16	2021-04-08	-	COVID	English	Chairperson	MP	notMinister	SDA	Stranka demokratske akcije	Opposition	Centre-right to right	IzetbegovićBakir	Izetbegović, Bakir	M	1956	
ParlaMint-BA-en_2021-04-08-0	ParlaMint-BA_2021-04-08-0.u2414	Minutes of the Parliamentary Assembly of Bosnia and Herzegovina, Term 8, Session 16	2021-04-08	Unicameralism	8. mandat	-	Sjednica 16	2021-04-08	-	COVID	English	Regular	MP	notMinister	SNSD	Savez nezavisnih socijaldemokrata	Opposition	Syncretic politics	ŠpirićNikola	Špirić, Nikola	M	1956	
ParlaMint-BA-en_2021-04-08-0	ParlaMint-BA_2021-04-08-0.u2415	Minutes of the Parliamentary Assembly of Bosnia and Herzegovina, Term 8, Session 16	2021-04-08	Unicameralism	8. mandat	-	Sjednica 16	2021-04-08	-	COVID	English	Chairperson	MP	notMinister	SDA	Stranka demokratske akcije	Opposition	Centre-right to right	IzetbegovićBakir	Izetbegović, Bakir	M	1956	
ParlaMint-BA-en_2021-04-08-0	ParlaMint-BA_2021-04-08-0.u2416	Minutes of the Parliamentary Assembly of Bosnia and Herzegovina, Term 8, Session 16	2021-04-08	Unicameralism	8. mandat	-	Sjednica 16	2021-04-08	-	COVID	English	Regular	MP	notMinister	SNSD	Savez nezavisnih socijaldemokrata	Opposition	Syncretic politics	ŠpirićNikola	Špirić, Nikola	M	1956	
ParlaMint-BA-en_2021-04-08-0	ParlaMint-BA_2021-04-08-0.u2417	Minutes of the Parliamentary Assembly of Bosnia and Herzegovina, Term 8, Session 16	2021-04-08	Unicameralism	8. mandat	-	Sjednica 16	2021-04-08	-	COVID	English	Chairperson	MP	notMinister	SDA	Stranka demokratske akcije	Opposition	Centre-right to right	IzetbegovićBakir	Izetbegović, Bakir	M	1956	
ParlaMint-BA-en_2021-04-08-0	ParlaMint-BA_2021-04-08-0.u2419	Minutes of the Parliamentary Assembly of Bosnia and Herzegovina, Term 8, Session 16	2021-04-08	Unicameralism	8. mandat	-	Sjednica 16	2021-04-08	-	COVID	English	Regular	MP	notMinister	SDA	Stranka demokratske akcije	Opposition	Centre-right to right	SarajlićAsim	Sarajlić, Asim	M	1975	
ParlaMint-BA-en_2021-04-08-0	ParlaMint-BA_2021-04-08-0.u2420	Minutes of the Parliamentary Assembly of Bosnia and Herzegovina, Term 8, Session 16	2021-04-08	Unicameralism	8. mandat	-	Sjednica 16	2021-04-08	-	COVID	English	Chairperson	MP	notMinister	SDA	Stranka demokratske akcije	Opposition	Centre-right to right	IzetbegovićBakir	Izetbegović, Bakir	M	1956	
ParlaMint-BA-en_2021-04-08-0	ParlaMint-BA_2021-04-08-0.u2424	Minutes of the Parliamentary Assembly of Bosnia and Herzegovina, Term 8, Session 16	2021-04-08	Unicameralism	8. mandat	-	Sjednica 16	2021-04-08	-	COVID	English	Regular	MP	notMinister	SDP_BiH	Socijaldemokratska partija Bosne i Hercegovine	Opposition	Centre-left	BećirovićDenis	Bećirović, Denis	M	1975	
ParlaMint-BA-en_2021-04-08-0	ParlaMint-BA_2021-04-08-0.u2425	Minutes of the Parliamentary Assembly of Bosnia and Herzegovina, Term 8, Session 16	2021-04-08	Unicameralism	8. mandat	-	Sjednica 16	2021-04-08	-	COVID	English	Chairperson	MP	notMinister	SDA	Stranka demokratske akcije	Opposition	Centre-right to right	IzetbegovićBakir	Izetbegović, Bakir	M	1956	
ParlaMint-BA-en_2021-04-08-0	ParlaMint-BA_2021-04-08-0.u2426	Minutes of the Parliamentary Assembly of Bosnia and Herzegovina, Term 8, Session 16	2021-04-08	Unicameralism	8. mandat	-	Sjednica 16	2021-04-08	-	COVID	English	Regular	MP	notMinister	SNSD	Savez nezavisnih socijaldemokrata	Opposition	Syncretic politics	MajkićDušanka	Majkić, Dušanka	F	1952	
ParlaMint-BA-en_2021-04-08-0	ParlaMint-BA_2021-04-08-0.u2427	Minutes of the Parliamentary Assembly of Bosnia and Herzegovina, Term 8, Session 16	2021-04-08	Unicameralism	8. mandat	-	Sjednica 16	2021-04-08	-	COVID	English	Chairperson	MP	notMinister	SDA	Stranka demokratske akcije	Opposition	Centre-right to right	IzetbegovićBakir	Izetbegović, Bakir	M	1956	
ParlaMint-BA-en_2021-04-08-0	ParlaMint-BA_2021-04-08-0.u2428	Minutes of the Parliamentary Assembly of Bosnia and Herzegovina, Term 8, Session 16	2021-04-08	Unicameralism	8. mandat	-	Sjednica 16	2021-04-08	-	COVID	English	Regular	MP	notMinister	SDP_BiH	Socijaldemokratska partija Bosne i Hercegovine	Opposition	Centre-left	BećirovićDenis	Bećirović, Denis	M	1975	
ParlaMint-BA-en_2021-04-08-0	ParlaMint-BA_2021-04-08-0.u2429	Minutes of the Parliamentary Assembly of Bosnia and Herzegovina, Term 8, Session 16	2021-04-08	Unicameralism	8. mandat	-	Sjednica 16	2021-04-08	-	COVID	English	Chairperson	MP	notMinister	SDA	Stranka demokratske akcije	Opposition	Centre-right to right	IzetbegovićBakir	Izetbegović, Bakir	M	1956	
ParlaMint-BA-en_2021-04-08-0	ParlaMint-BA_2021-04-08-0.u2434	Minutes of the Parliamentary Assembly of Bosnia and Herzegovina, Term 8, Session 16	2021-04-08	Unicameralism	8. mandat	-	Sjednica 16	2021-04-08	-	COVID	English	Regular	MP	notMinister	-	-	-	-	MiletićZlatko	Miletić, Zlatko	M	-	
ParlaMint-BA-en_2021-04-08-0	ParlaMint-BA_2021-04-08-0.u2435	Minutes of the Parliamentary Assembly of Bosnia and Herzegovina, Term 8, Session 16	2021-04-08	Unicameralism	8. mandat	-	Sjednica 16	2021-04-08	-	COVID	English	Chairperson	MP	notMinister	SDA	Stranka demokratske akcije	Opposition	Centre-right to right	IzetbegovićBakir	Izetbegović, Bakir	M	1956	
ParlaMint-BA-en_2021-04-08-0	ParlaMint-BA_2021-04-08-0.u2436	Minutes of the Parliamentary Assembly of Bosnia and Herzegovina, Term 8, Session 16	2021-04-08	Unicameralism	8. mandat	-	Sjednica 16	2021-04-08	-	COVID	English	Regular	MP	notMinister	HDZ_BiH	Hrvatska demokratska zajednica Bosne i Hercegovine	-	Centre-right	ČovićDragan	Čović, Dragan	M	1956	
ParlaMint-BA-en_2021-04-08-0	ParlaMint-BA_2021-04-08-0.u2437	Minutes of the Parliamentary Assembly of Bosnia and Herzegovina, Term 8, Session 16	2021-04-08	Unicameralism	8. mandat	-	Sjednica 16	2021-04-08	-	COVID	English	Chairperson	MP	notMinister	SDA	Stranka demokratske akcije	Opposition	Centre-right to right	IzetbegovićBakir	Izetbegović, Bakir	M	1956	
ParlaMint-BA-en_2021-04-08-0	ParlaMint-BA_2021-04-08-0.u2439	Minutes of the Parliamentary Assembly of Bosnia and Herzegovina, Term 8, Session 16	2021-04-08	Unicameralism	8. mandat	-	Sjednica 16	2021-04-08	-	COVID	English	Regular	MP	notMinister	HDZ_BiH	Hrvatska demokratska zajednica Bosne i Hercegovine	-	Centre-right	ČolakBariša	Čolak, Bariša	M	1956	
ParlaMint-BA-en_2021-04-08-0	ParlaMint-BA_2021-04-08-0.u2440	Minutes of the Parliamentary Assembly of Bosnia and Herzegovina, Term 8, Session 16	2021-04-08	Unicameralism	8. mandat	-	Sjednica 16	2021-04-08	-	COVID	English	Chairperson	MP	notMinister	SDA	Stranka demokratske akcije	Opposition	Centre-right to right	IzetbegovićBakir	Izetbegović, Bakir	M	1956	
ParlaMint-BA-en_2021-04-08-0	ParlaMint-BA_2021-04-08-0.u2441	Minutes of the Parliamentary Assembly of Bosnia and Herzegovina, Term 8, Session 16	2021-04-08	Unicameralism	8. mandat	-	Sjednica 16	2021-04-08	-	COVID	English	Regular	MP	notMinister	SDP_BiH	Socijaldemokratska partija Bosne i Hercegovine	Opposition	Centre-left	BećirovićDenis	Bećirović, Denis	M	1975	
ParlaMint-BA-en_2021-04-08-0	ParlaMint-BA_2021-04-08-0.u2442	Minutes of the Parliamentary Assembly of Bosnia and Herzegovina, Term 8, Session 16	2021-04-08	Unicameralism	8. mandat	-	Sjednica 16	2021-04-08	-	COVID	English	Chairperson	MP	notMinister	SDA	Stranka demokratske akcije	Opposition	Centre-right to right	IzetbegovićBakir	Izetbegović, Bakir	M	1956	
ParlaMint-BA-en_2021-04-08-0	ParlaMint-BA_2021-04-08-0.u2444	Minutes of the Parliamentary Assembly of Bosnia and Herzegovina, Term 8, Session 16	2021-04-08	Unicameralism	8. mandat	-	Sjednica 16	2021-04-08	-	COVID	English	Regular	MP	notMinister	-	-	-	-	MiletićZlatko	Miletić, Zlatko	M	-	
ParlaMint-BA-en_2021-04-08-0	ParlaMint-BA_2021-04-08-0.u2445	Minutes of the Parliamentary Assembly of Bosnia and Herzegovina, Term 8, Session 16	2021-04-08	Unicameralism	8. mandat	-	Sjednica 16	2021-04-08	-	COVID	English	Chairperson	MP	notMinister	SDA	Stranka demokratske akcije	Opposition	Centre-right to right	IzetbegovićBakir	Izetbegović, Bakir	M	1956	
