Text_ID	ID	Title	Date	Body	Term	Session	Meeting	Sitting	Agenda	Subcorpus	Lang	Speaker_role	Speaker_MP	Speaker_minister	Speaker_party	Speaker_party_name	Party_status	Party_orientation	Speaker_ID	Speaker_name	Speaker_gender	Speaker_birth
ParlaMint-BG-en_2015-10-09	ParlaMint-BG_2015-10-09.u1	Report of the meeting of the Bulgarian National Assembly, Term 43, Session 4, Meeting 122 (2015-10-09)	2015-10-09	Unicameralism	Четиридесет и трето народно събрание	4 парламентарна сесия	122 пленарно заседание	2015-10-09	-	Reference	English	Chairperson	MP	notMinister	GERB	Parliamentary Group: GERB Party	Coalition	Centre-right	TsachevaTsetska	Dangovska, Tsetska Tsacheva	F	1958	
ParlaMint-BG-en_2015-10-09	ParlaMint-BG_2015-10-09.u2	Report of the meeting of the Bulgarian National Assembly, Term 43, Session 4, Meeting 122 (2015-10-09)	2015-10-09	Unicameralism	Четиридесет и трето народно събрание	4 парламентарна сесия	122 пленарно заседание	2015-10-09	-	Reference	English	Chairperson	MP	notMinister	GERB	Parliamentary Group: GERB Party	Coalition	Centre-right	TsachevaTsetska	Dangovska, Tsetska Tsacheva	F	1958	
ParlaMint-BG-en_2015-10-09	ParlaMint-BG_2015-10-09.u3	Report of the meeting of the Bulgarian National Assembly, Term 43, Session 4, Meeting 122 (2015-10-09)	2015-10-09	Unicameralism	Четиридесет и трето народно събрание	4 парламентарна сесия	122 пленарно заседание	2015-10-09	-	Reference	English	Regular	MP	notMinister	BSPLB	Parliamentary Group: BSP Left Bulgaria	Opposition	Centre-left	IbrishimovIvan	Ibrishimov, Ivan Todorov	M	1977	
ParlaMint-BG-en_2015-10-09	ParlaMint-BG_2015-10-09.u4	Report of the meeting of the Bulgarian National Assembly, Term 43, Session 4, Meeting 122 (2015-10-09)	2015-10-09	Unicameralism	Четиридесет и трето народно събрание	4 парламентарна сесия	122 пленарно заседание	2015-10-09	-	Reference	English	Chairperson	MP	notMinister	GERB	Parliamentary Group: GERB Party	Coalition	Centre-right	TsachevaTsetska	Dangovska, Tsetska Tsacheva	F	1958	
ParlaMint-BG-en_2015-10-09	ParlaMint-BG_2015-10-09.u5	Report of the meeting of the Bulgarian National Assembly, Term 43, Session 4, Meeting 122 (2015-10-09)	2015-10-09	Unicameralism	Четиридесет и трето народно събрание	4 парламентарна сесия	122 пленарно заседание	2015-10-09	-	Reference	English	Regular	MP	notMinister	PF	Parliamentary Group: Patriotic Front	Opposition	Right	KarastoyanovaPolina	Karastoyanova, Polina Krasteva	F	1969	
ParlaMint-BG-en_2015-10-09	ParlaMint-BG_2015-10-09.u6	Report of the meeting of the Bulgarian National Assembly, Term 43, Session 4, Meeting 122 (2015-10-09)	2015-10-09	Unicameralism	Четиридесет и трето народно събрание	4 парламентарна сесия	122 пленарно заседание	2015-10-09	-	Reference	English	Chairperson	MP	notMinister	GERB	Parliamentary Group: GERB Party	Coalition	Centre-right	TsachevaTsetska	Dangovska, Tsetska Tsacheva	F	1958	
ParlaMint-BG-en_2015-10-09	ParlaMint-BG_2015-10-09.u7	Report of the meeting of the Bulgarian National Assembly, Term 43, Session 4, Meeting 122 (2015-10-09)	2015-10-09	Unicameralism	Четиридесет и трето народно събрание	4 парламентарна сесия	122 пленарно заседание	2015-10-09	-	Reference	English	Regular	MP	notMinister	PF	Parliamentary Group: Patriotic Front	Opposition	Right	KarastoyanovaPolina	Karastoyanova, Polina Krasteva	F	1969	
ParlaMint-BG-en_2015-10-09	ParlaMint-BG_2015-10-09.u8	Report of the meeting of the Bulgarian National Assembly, Term 43, Session 4, Meeting 122 (2015-10-09)	2015-10-09	Unicameralism	Четиридесет и трето народно събрание	4 парламентарна сесия	122 пленарно заседание	2015-10-09	-	Reference	English	Chairperson	MP	notMinister	GERB	Parliamentary Group: GERB Party	Coalition	Centre-right	TsachevaTsetska	Dangovska, Tsetska Tsacheva	F	1958	
ParlaMint-BG-en_2015-10-09	ParlaMint-BG_2015-10-09.u9	Report of the meeting of the Bulgarian National Assembly, Term 43, Session 4, Meeting 122 (2015-10-09)	2015-10-09	Unicameralism	Четиридесет и трето народно събрание	4 парламентарна сесия	122 пленарно заседание	2015-10-09	-	Reference	English	Regular	MP	notMinister	PF	Parliamentary Group: Patriotic Front	Opposition	Right	KarastoyanovaPolina	Karastoyanova, Polina Krasteva	F	1969	
ParlaMint-BG-en_2015-10-09	ParlaMint-BG_2015-10-09.u10	Report of the meeting of the Bulgarian National Assembly, Term 43, Session 4, Meeting 122 (2015-10-09)	2015-10-09	Unicameralism	Четиридесет и трето народно събрание	4 парламентарна сесия	122 пленарно заседание	2015-10-09	-	Reference	English	Chairperson	MP	notMinister	GERB	Parliamentary Group: GERB Party	Coalition	Centre-right	GlavchevDimitar	Glavchev, Dimitar Borisov	M	1963	
ParlaMint-BG-en_2015-10-09	ParlaMint-BG_2015-10-09.u11	Report of the meeting of the Bulgarian National Assembly, Term 43, Session 4, Meeting 122 (2015-10-09)	2015-10-09	Unicameralism	Четиридесет и трето народно събрание	4 парламентарна сесия	122 пленарно заседание	2015-10-09	-	Reference	English	Regular	MP	notMinister	BSPLB	Parliamentary Group: BSP Left Bulgaria	Opposition	Centre-left	BoyadzhievaMariana	Boyadzhieva, Mariana Radeva	F	1957	
ParlaMint-BG-en_2015-10-09	ParlaMint-BG_2015-10-09.u12	Report of the meeting of the Bulgarian National Assembly, Term 43, Session 4, Meeting 122 (2015-10-09)	2015-10-09	Unicameralism	Четиридесет и трето народно събрание	4 парламентарна сесия	122 пленарно заседание	2015-10-09	-	Reference	English	Chairperson	MP	notMinister	GERB	Parliamentary Group: GERB Party	Coalition	Centre-right	GlavchevDimitar	Glavchev, Dimitar Borisov	M	1963	
ParlaMint-BG-en_2015-10-09	ParlaMint-BG_2015-10-09.u13	Report of the meeting of the Bulgarian National Assembly, Term 43, Session 4, Meeting 122 (2015-10-09)	2015-10-09	Unicameralism	Четиридесет и трето народно събрание	4 парламентарна сесия	122 пленарно заседание	2015-10-09	-	Reference	English	Regular	MP	notMinister	ABV	Parliamentary Group: Alternative for Bulgarian Revival	Coalition	Centre-left	KadievPetar	Kadiev, Petar Georgiev	M	1952	
ParlaMint-BG-en_2015-10-09	ParlaMint-BG_2015-10-09.u14	Report of the meeting of the Bulgarian National Assembly, Term 43, Session 4, Meeting 122 (2015-10-09)	2015-10-09	Unicameralism	Четиридесет и трето народно събрание	4 парламентарна сесия	122 пленарно заседание	2015-10-09	-	Reference	English	Chairperson	MP	notMinister	GERB	Parliamentary Group: GERB Party	Coalition	Centre-right	GlavchevDimitar	Glavchev, Dimitar Borisov	M	1963	
ParlaMint-BG-en_2015-10-09	ParlaMint-BG_2015-10-09.u15	Report of the meeting of the Bulgarian National Assembly, Term 43, Session 4, Meeting 122 (2015-10-09)	2015-10-09	Unicameralism	Четиридесет и трето народно събрание	4 парламентарна сесия	122 пленарно заседание	2015-10-09	-	Reference	English	Regular	MP	notMinister	RB	Parliamentary Group: Reformist Bloc	Coalition	Centre-right	IvanovIvanKirilov	Ivanov, Ivan Kirilov	M	1969	
ParlaMint-BG-en_2015-10-09	ParlaMint-BG_2015-10-09.u16	Report of the meeting of the Bulgarian National Assembly, Term 43, Session 4, Meeting 122 (2015-10-09)	2015-10-09	Unicameralism	Четиридесет и трето народно събрание	4 парламентарна сесия	122 пленарно заседание	2015-10-09	-	Reference	English	Chairperson	MP	notMinister	GERB	Parliamentary Group: GERB Party	Coalition	Centre-right	GlavchevDimitar	Glavchev, Dimitar Borisov	M	1963	
ParlaMint-BG-en_2015-10-09	ParlaMint-BG_2015-10-09.u17	Report of the meeting of the Bulgarian National Assembly, Term 43, Session 4, Meeting 122 (2015-10-09)	2015-10-09	Unicameralism	Четиридесет и трето народно събрание	4 парламентарна сесия	122 пленарно заседание	2015-10-09	-	Reference	English	Regular	MP	notMinister	PF	Parliamentary Group: Patriotic Front	Opposition	Right	KarakachanovKrasimir	Karakachanov, Krasimir Donchev	M	1965	
ParlaMint-BG-en_2015-10-09	ParlaMint-BG_2015-10-09.u18	Report of the meeting of the Bulgarian National Assembly, Term 43, Session 4, Meeting 122 (2015-10-09)	2015-10-09	Unicameralism	Четиридесет и трето народно събрание	4 парламентарна сесия	122 пленарно заседание	2015-10-09	-	Reference	English	Chairperson	MP	notMinister	GERB	Parliamentary Group: GERB Party	Coalition	Centre-right	GlavchevDimitar	Glavchev, Dimitar Borisov	M	1963	
ParlaMint-BG-en_2015-10-09	ParlaMint-BG_2015-10-09.u19	Report of the meeting of the Bulgarian National Assembly, Term 43, Session 4, Meeting 122 (2015-10-09)	2015-10-09	Unicameralism	Четиридесет и трето народно събрание	4 парламентарна сесия	122 пленарно заседание	2015-10-09	-	Reference	English	Regular	MP	notMinister	GERB	Parliamentary Group: GERB Party	Coalition	Centre-right	VelchevKrasimir	Velchev, Krasimir Lyubomirov	M	1951	
ParlaMint-BG-en_2015-10-09	ParlaMint-BG_2015-10-09.u20	Report of the meeting of the Bulgarian National Assembly, Term 43, Session 4, Meeting 122 (2015-10-09)	2015-10-09	Unicameralism	Четиридесет и трето народно събрание	4 парламентарна сесия	122 пленарно заседание	2015-10-09	-	Reference	English	Chairperson	MP	notMinister	GERB	Parliamentary Group: GERB Party	Coalition	Centre-right	GlavchevDimitar	Glavchev, Dimitar Borisov	M	1963	
ParlaMint-BG-en_2015-10-09	ParlaMint-BG_2015-10-09.u21	Report of the meeting of the Bulgarian National Assembly, Term 43, Session 4, Meeting 122 (2015-10-09)	2015-10-09	Unicameralism	Четиридесет и трето народно събрание	4 парламентарна сесия	122 пленарно заседание	2015-10-09	-	Reference	English	Regular	MP	notMinister	BDC-NU	Parliamentary Group: Bulgarian Democratic Centre - National Union	-	-	PetrovRosen	Petrov, Rosen Petrov	M	1970	
ParlaMint-BG-en_2015-10-09	ParlaMint-BG_2015-10-09.u22	Report of the meeting of the Bulgarian National Assembly, Term 43, Session 4, Meeting 122 (2015-10-09)	2015-10-09	Unicameralism	Четиридесет и трето народно събрание	4 парламентарна сесия	122 пленарно заседание	2015-10-09	-	Reference	English	Chairperson	MP	notMinister	GERB	Parliamentary Group: GERB Party	Coalition	Centre-right	GlavchevDimitar	Glavchev, Dimitar Borisov	M	1963	
ParlaMint-BG-en_2015-10-09	ParlaMint-BG_2015-10-09.u23	Report of the meeting of the Bulgarian National Assembly, Term 43, Session 4, Meeting 122 (2015-10-09)	2015-10-09	Unicameralism	Четиридесет и трето народно събрание	4 парламентарна сесия	122 пленарно заседание	2015-10-09	-	Reference	English	Regular	MP	notMinister	BSPLB	Parliamentary Group: BSP Left Bulgaria	Opposition	Centre-left	ZhablyanovValeri	Zhablyanov, Valeri Mirchev	M	1965	
ParlaMint-BG-en_2015-10-09	ParlaMint-BG_2015-10-09.u24	Report of the meeting of the Bulgarian National Assembly, Term 43, Session 4, Meeting 122 (2015-10-09)	2015-10-09	Unicameralism	Четиридесет и трето народно събрание	4 парламентарна сесия	122 пленарно заседание	2015-10-09	-	Reference	English	Regular	MP	notMinister	RB	Parliamentary Group: Reformist Bloc	Coalition	Centre-right	AtanassovAtanas	Atanassov, Atanas Petrov	M	1959	
ParlaMint-BG-en_2015-10-09	ParlaMint-BG_2015-10-09.u25	Report of the meeting of the Bulgarian National Assembly, Term 43, Session 4, Meeting 122 (2015-10-09)	2015-10-09	Unicameralism	Четиридесет и трето народно събрание	4 парламентарна сесия	122 пленарно заседание	2015-10-09	-	Reference	English	Regular	MP	notMinister	BSPLB	Parliamentary Group: BSP Left Bulgaria	Opposition	Centre-left	ZhablyanovValeri	Zhablyanov, Valeri Mirchev	M	1965	
ParlaMint-BG-en_2015-10-09	ParlaMint-BG_2015-10-09.u26	Report of the meeting of the Bulgarian National Assembly, Term 43, Session 4, Meeting 122 (2015-10-09)	2015-10-09	Unicameralism	Четиридесет и трето народно събрание	4 парламентарна сесия	122 пленарно заседание	2015-10-09	-	Reference	English	Chairperson	MP	notMinister	GERB	Parliamentary Group: GERB Party	Coalition	Centre-right	GlavchevDimitar	Glavchev, Dimitar Borisov	M	1963	
ParlaMint-BG-en_2015-10-09	ParlaMint-BG_2015-10-09.u27	Report of the meeting of the Bulgarian National Assembly, Term 43, Session 4, Meeting 122 (2015-10-09)	2015-10-09	Unicameralism	Четиридесет и трето народно събрание	4 парламентарна сесия	122 пленарно заседание	2015-10-09	-	Reference	English	Regular	notMP	notMinister	-	-	-	-	RashidovVezhdi	Rashidov, Vezhdi Letif	M	1951	
ParlaMint-BG-en_2015-10-09	ParlaMint-BG_2015-10-09.u28	Report of the meeting of the Bulgarian National Assembly, Term 43, Session 4, Meeting 122 (2015-10-09)	2015-10-09	Unicameralism	Четиридесет и трето народно събрание	4 парламентарна сесия	122 пленарно заседание	2015-10-09	-	Reference	English	Regular	MP	notMinister	BSPLB	Parliamentary Group: BSP Left Bulgaria	Opposition	Centre-left	StoilovYanaki	Stoilov, Yanaki Boyanov	M	1958	
ParlaMint-BG-en_2015-10-09	ParlaMint-BG_2015-10-09.u29	Report of the meeting of the Bulgarian National Assembly, Term 43, Session 4, Meeting 122 (2015-10-09)	2015-10-09	Unicameralism	Четиридесет и трето народно събрание	4 парламентарна сесия	122 пленарно заседание	2015-10-09	-	Reference	English	Regular	notMP	notMinister	-	-	-	-	RashidovVezhdi	Rashidov, Vezhdi Letif	M	1951	
ParlaMint-BG-en_2015-10-09	ParlaMint-BG_2015-10-09.u30	Report of the meeting of the Bulgarian National Assembly, Term 43, Session 4, Meeting 122 (2015-10-09)	2015-10-09	Unicameralism	Четиридесет и трето народно събрание	4 парламентарна сесия	122 пленарно заседание	2015-10-09	-	Reference	English	Chairperson	MP	notMinister	GERB	Parliamentary Group: GERB Party	Coalition	Centre-right	GlavchevDimitar	Glavchev, Dimitar Borisov	M	1963	
ParlaMint-BG-en_2015-10-09	ParlaMint-BG_2015-10-09.u31	Report of the meeting of the Bulgarian National Assembly, Term 43, Session 4, Meeting 122 (2015-10-09)	2015-10-09	Unicameralism	Четиридесет и трето народно събрание	4 парламентарна сесия	122 пленарно заседание	2015-10-09	-	Reference	English	Regular	notMP	notMinister	-	-	-	-	RashidovVezhdi	Rashidov, Vezhdi Letif	M	1951	
ParlaMint-BG-en_2015-10-09	ParlaMint-BG_2015-10-09.u32	Report of the meeting of the Bulgarian National Assembly, Term 43, Session 4, Meeting 122 (2015-10-09)	2015-10-09	Unicameralism	Четиридесет и трето народно събрание	4 парламентарна сесия	122 пленарно заседание	2015-10-09	-	Reference	English	Chairperson	MP	notMinister	GERB	Parliamentary Group: GERB Party	Coalition	Centre-right	GlavchevDimitar	Glavchev, Dimitar Borisov	M	1963	
ParlaMint-BG-en_2015-10-09	ParlaMint-BG_2015-10-09.u33	Report of the meeting of the Bulgarian National Assembly, Term 43, Session 4, Meeting 122 (2015-10-09)	2015-10-09	Unicameralism	Четиридесет и трето народно събрание	4 парламентарна сесия	122 пленарно заседание	2015-10-09	-	Reference	English	Regular	MP	notMinister	BSPLB	Parliamentary Group: BSP Left Bulgaria	Opposition	Centre-left	MerdzhanovAtanas	Merdzhanov, Atanas Todorov	M	1963	
ParlaMint-BG-en_2015-10-09	ParlaMint-BG_2015-10-09.u34	Report of the meeting of the Bulgarian National Assembly, Term 43, Session 4, Meeting 122 (2015-10-09)	2015-10-09	Unicameralism	Четиридесет и трето народно събрание	4 парламентарна сесия	122 пленарно заседание	2015-10-09	-	Reference	English	Chairperson	MP	notMinister	GERB	Parliamentary Group: GERB Party	Coalition	Centre-right	GlavchevDimitar	Glavchev, Dimitar Borisov	M	1963	
ParlaMint-BG-en_2015-10-09	ParlaMint-BG_2015-10-09.u35	Report of the meeting of the Bulgarian National Assembly, Term 43, Session 4, Meeting 122 (2015-10-09)	2015-10-09	Unicameralism	Четиридесет и трето народно събрание	4 парламентарна сесия	122 пленарно заседание	2015-10-09	-	Reference	English	Regular	MP	notMinister	BSPLB	Parliamentary Group: BSP Left Bulgaria	Opposition	Centre-left	MerdzhanovAtanas	Merdzhanov, Atanas Todorov	M	1963	
ParlaMint-BG-en_2015-10-09	ParlaMint-BG_2015-10-09.u36	Report of the meeting of the Bulgarian National Assembly, Term 43, Session 4, Meeting 122 (2015-10-09)	2015-10-09	Unicameralism	Четиридесет и трето народно събрание	4 парламентарна сесия	122 пленарно заседание	2015-10-09	-	Reference	English	Chairperson	MP	notMinister	GERB	Parliamentary Group: GERB Party	Coalition	Centre-right	GlavchevDimitar	Glavchev, Dimitar Borisov	M	1963	
ParlaMint-BG-en_2015-10-09	ParlaMint-BG_2015-10-09.u37	Report of the meeting of the Bulgarian National Assembly, Term 43, Session 4, Meeting 122 (2015-10-09)	2015-10-09	Unicameralism	Четиридесет и трето народно събрание	4 парламентарна сесия	122 пленарно заседание	2015-10-09	-	Reference	English	Regular	MP	notMinister	BSPLB	Parliamentary Group: BSP Left Bulgaria	Opposition	Centre-left	MerdzhanovAtanas	Merdzhanov, Atanas Todorov	M	1963	
ParlaMint-BG-en_2015-10-09	ParlaMint-BG_2015-10-09.u38	Report of the meeting of the Bulgarian National Assembly, Term 43, Session 4, Meeting 122 (2015-10-09)	2015-10-09	Unicameralism	Четиридесет и трето народно събрание	4 парламентарна сесия	122 пленарно заседание	2015-10-09	-	Reference	English	Chairperson	MP	notMinister	GERB	Parliamentary Group: GERB Party	Coalition	Centre-right	GlavchevDimitar	Glavchev, Dimitar Borisov	M	1963	
ParlaMint-BG-en_2015-10-09	ParlaMint-BG_2015-10-09.u39	Report of the meeting of the Bulgarian National Assembly, Term 43, Session 4, Meeting 122 (2015-10-09)	2015-10-09	Unicameralism	Четиридесет и трето народно събрание	4 парламентарна сесия	122 пленарно заседание	2015-10-09	-	Reference	English	Regular	MP	notMinister	BSPLB	Parliamentary Group: BSP Left Bulgaria	Opposition	Centre-left	MerdzhanovAtanas	Merdzhanov, Atanas Todorov	M	1963	
ParlaMint-BG-en_2015-10-09	ParlaMint-BG_2015-10-09.u40	Report of the meeting of the Bulgarian National Assembly, Term 43, Session 4, Meeting 122 (2015-10-09)	2015-10-09	Unicameralism	Четиридесет и трето народно събрание	4 парламентарна сесия	122 пленарно заседание	2015-10-09	-	Reference	English	Chairperson	MP	notMinister	GERB	Parliamentary Group: GERB Party	Coalition	Centre-right	GlavchevDimitar	Glavchev, Dimitar Borisov	M	1963	
ParlaMint-BG-en_2015-10-09	ParlaMint-BG_2015-10-09.u41	Report of the meeting of the Bulgarian National Assembly, Term 43, Session 4, Meeting 122 (2015-10-09)	2015-10-09	Unicameralism	Четиридесет и трето народно събрание	4 парламентарна сесия	122 пленарно заседание	2015-10-09	-	Reference	English	Regular	MP	notMinister	GERB	Parliamentary Group: GERB Party	Coalition	Centre-right	KirilovDanail	Kirilov, Danail Dimitrov	M	1970	
ParlaMint-BG-en_2015-10-09	ParlaMint-BG_2015-10-09.u42	Report of the meeting of the Bulgarian National Assembly, Term 43, Session 4, Meeting 122 (2015-10-09)	2015-10-09	Unicameralism	Четиридесет и трето народно събрание	4 парламентарна сесия	122 пленарно заседание	2015-10-09	-	Reference	English	Chairperson	MP	notMinister	ABV	Parliamentary Group: Alternative for Bulgarian Revival	Coalition	Centre-left	TzotchevKiril	Tzotchev, Kiril Petrov	M	1947	
ParlaMint-BG-en_2015-10-09	ParlaMint-BG_2015-10-09.u43	Report of the meeting of the Bulgarian National Assembly, Term 43, Session 4, Meeting 122 (2015-10-09)	2015-10-09	Unicameralism	Четиридесет и трето народно събрание	4 парламентарна сесия	122 пленарно заседание	2015-10-09	-	Reference	English	Regular	MP	notMinister	BSPLB	Parliamentary Group: BSP Left Bulgaria	Opposition	Centre-left	KanevPetar	Kanev, Petar Georgiev	M	1953	
ParlaMint-BG-en_2015-10-09	ParlaMint-BG_2015-10-09.u44	Report of the meeting of the Bulgarian National Assembly, Term 43, Session 4, Meeting 122 (2015-10-09)	2015-10-09	Unicameralism	Четиридесет и трето народно събрание	4 парламентарна сесия	122 пленарно заседание	2015-10-09	-	Reference	English	Chairperson	MP	notMinister	ABV	Parliamentary Group: Alternative for Bulgarian Revival	Coalition	Centre-left	TzotchevKiril	Tzotchev, Kiril Petrov	M	1947	
ParlaMint-BG-en_2015-10-09	ParlaMint-BG_2015-10-09.u45	Report of the meeting of the Bulgarian National Assembly, Term 43, Session 4, Meeting 122 (2015-10-09)	2015-10-09	Unicameralism	Четиридесет и трето народно събрание	4 парламентарна сесия	122 пленарно заседание	2015-10-09	-	Reference	English	Regular	MP	notMinister	GERB	Parliamentary Group: GERB Party	Coalition	Centre-right	AleksandrovaAnna	Aleksandrova, Anna Vasileva	F	1972	
ParlaMint-BG-en_2015-10-09	ParlaMint-BG_2015-10-09.u46	Report of the meeting of the Bulgarian National Assembly, Term 43, Session 4, Meeting 122 (2015-10-09)	2015-10-09	Unicameralism	Четиридесет и трето народно събрание	4 парламентарна сесия	122 пленарно заседание	2015-10-09	-	Reference	English	Chairperson	MP	notMinister	GERB	Parliamentary Group: GERB Party	Coalition	Centre-right	GlavchevDimitar	Glavchev, Dimitar Borisov	M	1963	
ParlaMint-BG-en_2015-10-09	ParlaMint-BG_2015-10-09.u47	Report of the meeting of the Bulgarian National Assembly, Term 43, Session 4, Meeting 122 (2015-10-09)	2015-10-09	Unicameralism	Четиридесет и трето народно събрание	4 парламентарна сесия	122 пленарно заседание	2015-10-09	-	Reference	English	Regular	MP	notMinister	RB	Parliamentary Group: Reformist Bloc	Coalition	Centre-right	HristovRumen	Hristov, Roumen Dimitrov	M	1955	
ParlaMint-BG-en_2015-10-09	ParlaMint-BG_2015-10-09.u48	Report of the meeting of the Bulgarian National Assembly, Term 43, Session 4, Meeting 122 (2015-10-09)	2015-10-09	Unicameralism	Четиридесет и трето народно събрание	4 парламентарна сесия	122 пленарно заседание	2015-10-09	-	Reference	English	Chairperson	MP	notMinister	GERB	Parliamentary Group: GERB Party	Coalition	Centre-right	GlavchevDimitar	Glavchev, Dimitar Borisov	M	1963	
ParlaMint-BG-en_2015-10-09	ParlaMint-BG_2015-10-09.u49	Report of the meeting of the Bulgarian National Assembly, Term 43, Session 4, Meeting 122 (2015-10-09)	2015-10-09	Unicameralism	Четиридесет и трето народно събрание	4 парламентарна сесия	122 пленарно заседание	2015-10-09	-	Reference	English	Regular	MP	notMinister	RB	Parliamentary Group: Reformist Bloc	Coalition	Centre-right	HristovRumen	Hristov, Roumen Dimitrov	M	1955	
ParlaMint-BG-en_2015-10-09	ParlaMint-BG_2015-10-09.u50	Report of the meeting of the Bulgarian National Assembly, Term 43, Session 4, Meeting 122 (2015-10-09)	2015-10-09	Unicameralism	Четиридесет и трето народно събрание	4 парламентарна сесия	122 пленарно заседание	2015-10-09	-	Reference	English	Chairperson	MP	notMinister	GERB	Parliamentary Group: GERB Party	Coalition	Centre-right	GlavchevDimitar	Glavchev, Dimitar Borisov	M	1963	
ParlaMint-BG-en_2015-10-09	ParlaMint-BG_2015-10-09.u51	Report of the meeting of the Bulgarian National Assembly, Term 43, Session 4, Meeting 122 (2015-10-09)	2015-10-09	Unicameralism	Четиридесет и трето народно събрание	4 парламентарна сесия	122 пленарно заседание	2015-10-09	-	Reference	English	Regular	MP	notMinister	BSPLB	Parliamentary Group: BSP Left Bulgaria	Opposition	Centre-left	KanevPetar	Kanev, Petar Georgiev	M	1953	
ParlaMint-BG-en_2015-10-09	ParlaMint-BG_2015-10-09.u52	Report of the meeting of the Bulgarian National Assembly, Term 43, Session 4, Meeting 122 (2015-10-09)	2015-10-09	Unicameralism	Четиридесет и трето народно събрание	4 парламентарна сесия	122 пленарно заседание	2015-10-09	-	Reference	English	Regular	MP	notMinister	ABV	Parliamentary Group: Alternative for Bulgarian Revival	Coalition	Centre-left	StankovIvan	Stankov, Ivan Kostadinov	M	1948	
ParlaMint-BG-en_2015-10-09	ParlaMint-BG_2015-10-09.u53	Report of the meeting of the Bulgarian National Assembly, Term 43, Session 4, Meeting 122 (2015-10-09)	2015-10-09	Unicameralism	Четиридесет и трето народно събрание	4 парламентарна сесия	122 пленарно заседание	2015-10-09	-	Reference	English	Chairperson	MP	notMinister	GERB	Parliamentary Group: GERB Party	Coalition	Centre-right	GlavchevDimitar	Glavchev, Dimitar Borisov	M	1963	
ParlaMint-BG-en_2015-10-09	ParlaMint-BG_2015-10-09.u54	Report of the meeting of the Bulgarian National Assembly, Term 43, Session 4, Meeting 122 (2015-10-09)	2015-10-09	Unicameralism	Четиридесет и трето народно събрание	4 парламентарна сесия	122 пленарно заседание	2015-10-09	-	Reference	English	Regular	MP	notMinister	BSPLB	Parliamentary Group: BSP Left Bulgaria	Opposition	Centre-left	BachvarovaSvetla	Bachvarova-piralkova, Svetla Marinova	F	1958	
ParlaMint-BG-en_2015-10-09	ParlaMint-BG_2015-10-09.u55	Report of the meeting of the Bulgarian National Assembly, Term 43, Session 4, Meeting 122 (2015-10-09)	2015-10-09	Unicameralism	Четиридесет и трето народно събрание	4 парламентарна сесия	122 пленарно заседание	2015-10-09	-	Reference	English	Chairperson	MP	notMinister	GERB	Parliamentary Group: GERB Party	Coalition	Centre-right	GlavchevDimitar	Glavchev, Dimitar Borisov	M	1963	
ParlaMint-BG-en_2015-10-09	ParlaMint-BG_2015-10-09.u56	Report of the meeting of the Bulgarian National Assembly, Term 43, Session 4, Meeting 122 (2015-10-09)	2015-10-09	Unicameralism	Четиридесет и трето народно събрание	4 парламентарна сесия	122 пленарно заседание	2015-10-09	-	Reference	English	Regular	MP	notMinister	PF	Parliamentary Group: Patriotic Front	Opposition	Right	BayraktarovDimitar	Bayraktarov, Dimitar Kirilov	M	1964	
ParlaMint-BG-en_2015-10-09	ParlaMint-BG_2015-10-09.u57	Report of the meeting of the Bulgarian National Assembly, Term 43, Session 4, Meeting 122 (2015-10-09)	2015-10-09	Unicameralism	Четиридесет и трето народно събрание	4 парламентарна сесия	122 пленарно заседание	2015-10-09	-	Reference	English	Chairperson	MP	notMinister	GERB	Parliamentary Group: GERB Party	Coalition	Centre-right	GlavchevDimitar	Glavchev, Dimitar Borisov	M	1963	
ParlaMint-BG-en_2015-10-09	ParlaMint-BG_2015-10-09.u58	Report of the meeting of the Bulgarian National Assembly, Term 43, Session 4, Meeting 122 (2015-10-09)	2015-10-09	Unicameralism	Четиридесет и трето народно събрание	4 парламентарна сесия	122 пленарно заседание	2015-10-09	-	Reference	English	Regular	MP	notMinister	PF	Parliamentary Group: Patriotic Front	Opposition	Right	BayraktarovDimitar	Bayraktarov, Dimitar Kirilov	M	1964	
ParlaMint-BG-en_2015-10-09	ParlaMint-BG_2015-10-09.u59	Report of the meeting of the Bulgarian National Assembly, Term 43, Session 4, Meeting 122 (2015-10-09)	2015-10-09	Unicameralism	Четиридесет и трето народно събрание	4 парламентарна сесия	122 пленарно заседание	2015-10-09	-	Reference	English	Chairperson	MP	notMinister	GERB	Parliamentary Group: GERB Party	Coalition	Centre-right	GlavchevDimitar	Glavchev, Dimitar Borisov	M	1963	
ParlaMint-BG-en_2015-10-09	ParlaMint-BG_2015-10-09.u60	Report of the meeting of the Bulgarian National Assembly, Term 43, Session 4, Meeting 122 (2015-10-09)	2015-10-09	Unicameralism	Четиридесет и трето народно събрание	4 парламентарна сесия	122 пленарно заседание	2015-10-09	-	Reference	English	Chairperson	MP	notMinister	GERB	Parliamentary Group: GERB Party	Coalition	Centre-right	TsachevaTsetska	Dangovska, Tsetska Tsacheva	F	1958	
ParlaMint-BG-en_2015-10-09	ParlaMint-BG_2015-10-09.u61	Report of the meeting of the Bulgarian National Assembly, Term 43, Session 4, Meeting 122 (2015-10-09)	2015-10-09	Unicameralism	Четиридесет и трето народно събрание	4 парламентарна сесия	122 пленарно заседание	2015-10-09	-	Reference	English	Regular	MP	notMinister	ABV	Parliamentary Group: Alternative for Bulgarian Revival	Coalition	Centre-left	MihovMiho	Mihov, Miho Dimitrov	M	1949	
ParlaMint-BG-en_2015-10-09	ParlaMint-BG_2015-10-09.u62	Report of the meeting of the Bulgarian National Assembly, Term 43, Session 4, Meeting 122 (2015-10-09)	2015-10-09	Unicameralism	Четиридесет и трето народно събрание	4 парламентарна сесия	122 пленарно заседание	2015-10-09	-	Reference	English	Chairperson	MP	notMinister	PF	Parliamentary Group: Patriotic Front	Opposition	Right	KarakachanovKrasimir	Karakachanov, Krasimir Donchev	M	1965	
ParlaMint-BG-en_2015-10-09	ParlaMint-BG_2015-10-09.u63	Report of the meeting of the Bulgarian National Assembly, Term 43, Session 4, Meeting 122 (2015-10-09)	2015-10-09	Unicameralism	Четиридесет и трето народно събрание	4 парламентарна сесия	122 пленарно заседание	2015-10-09	-	Reference	English	Regular	notMP	notMinister	-	-	-	-	NenchevNikolay	Nenchev, Nikolay Nankov	M	1966	
ParlaMint-BG-en_2015-10-09	ParlaMint-BG_2015-10-09.u64	Report of the meeting of the Bulgarian National Assembly, Term 43, Session 4, Meeting 122 (2015-10-09)	2015-10-09	Unicameralism	Четиридесет и трето народно събрание	4 парламентарна сесия	122 пленарно заседание	2015-10-09	-	Reference	English	Chairperson	MP	notMinister	PF	Parliamentary Group: Patriotic Front	Opposition	Right	KarakachanovKrasimir	Karakachanov, Krasimir Donchev	M	1965	
ParlaMint-BG-en_2015-10-09	ParlaMint-BG_2015-10-09.u65	Report of the meeting of the Bulgarian National Assembly, Term 43, Session 4, Meeting 122 (2015-10-09)	2015-10-09	Unicameralism	Четиридесет и трето народно събрание	4 парламентарна сесия	122 пленарно заседание	2015-10-09	-	Reference	English	Regular	MP	notMinister	ABV	Parliamentary Group: Alternative for Bulgarian Revival	Coalition	Centre-left	MihovMiho	Mihov, Miho Dimitrov	M	1949	
ParlaMint-BG-en_2015-10-09	ParlaMint-BG_2015-10-09.u66	Report of the meeting of the Bulgarian National Assembly, Term 43, Session 4, Meeting 122 (2015-10-09)	2015-10-09	Unicameralism	Четиридесет и трето народно събрание	4 парламентарна сесия	122 пленарно заседание	2015-10-09	-	Reference	English	Chairperson	MP	notMinister	PF	Parliamentary Group: Patriotic Front	Opposition	Right	KarakachanovKrasimir	Karakachanov, Krasimir Donchev	M	1965	
ParlaMint-BG-en_2015-10-09	ParlaMint-BG_2015-10-09.u67	Report of the meeting of the Bulgarian National Assembly, Term 43, Session 4, Meeting 122 (2015-10-09)	2015-10-09	Unicameralism	Четиридесет и трето народно събрание	4 парламентарна сесия	122 пленарно заседание	2015-10-09	-	Reference	English	Regular	MP	notMinister	AP	Parliamentary Group: Ataka Party	-	Far-right	SiderovVolen	Siderov, Volen Nikolov	M	1956	
ParlaMint-BG-en_2015-10-09	ParlaMint-BG_2015-10-09.u68	Report of the meeting of the Bulgarian National Assembly, Term 43, Session 4, Meeting 122 (2015-10-09)	2015-10-09	Unicameralism	Четиридесет и трето народно събрание	4 парламентарна сесия	122 пленарно заседание	2015-10-09	-	Reference	English	Chairperson	MP	notMinister	PF	Parliamentary Group: Patriotic Front	Opposition	Right	KarakachanovKrasimir	Karakachanov, Krasimir Donchev	M	1965	
ParlaMint-BG-en_2015-10-09	ParlaMint-BG_2015-10-09.u69	Report of the meeting of the Bulgarian National Assembly, Term 43, Session 4, Meeting 122 (2015-10-09)	2015-10-09	Unicameralism	Четиридесет и трето народно събрание	4 парламентарна сесия	122 пленарно заседание	2015-10-09	-	Reference	English	Regular	MP	notMinister	PF	Parliamentary Group: Patriotic Front	Opposition	Right	BinevSlavi	Binev, Slavi Pentchev	M	1965	
ParlaMint-BG-en_2015-10-09	ParlaMint-BG_2015-10-09.u70	Report of the meeting of the Bulgarian National Assembly, Term 43, Session 4, Meeting 122 (2015-10-09)	2015-10-09	Unicameralism	Четиридесет и трето народно събрание	4 парламентарна сесия	122 пленарно заседание	2015-10-09	-	Reference	English	Chairperson	MP	notMinister	PF	Parliamentary Group: Patriotic Front	Opposition	Right	KarakachanovKrasimir	Karakachanov, Krasimir Donchev	M	1965	
ParlaMint-BG-en_2015-10-09	ParlaMint-BG_2015-10-09.u71	Report of the meeting of the Bulgarian National Assembly, Term 43, Session 4, Meeting 122 (2015-10-09)	2015-10-09	Unicameralism	Четиридесет и трето народно събрание	4 парламентарна сесия	122 пленарно заседание	2015-10-09	-	Reference	English	Regular	notMP	notMinister	-	-	-	-	NenchevNikolay	Nenchev, Nikolay Nankov	M	1966	
ParlaMint-BG-en_2015-10-09	ParlaMint-BG_2015-10-09.u72	Report of the meeting of the Bulgarian National Assembly, Term 43, Session 4, Meeting 122 (2015-10-09)	2015-10-09	Unicameralism	Четиридесет и трето народно събрание	4 парламентарна сесия	122 пленарно заседание	2015-10-09	-	Reference	English	Chairperson	MP	notMinister	PF	Parliamentary Group: Patriotic Front	Opposition	Right	KarakachanovKrasimir	Karakachanov, Krasimir Donchev	M	1965	
ParlaMint-BG-en_2015-10-09	ParlaMint-BG_2015-10-09.u73	Report of the meeting of the Bulgarian National Assembly, Term 43, Session 4, Meeting 122 (2015-10-09)	2015-10-09	Unicameralism	Четиридесет и трето народно събрание	4 парламентарна сесия	122 пленарно заседание	2015-10-09	-	Reference	English	Regular	MP	notMinister	PF	Parliamentary Group: Patriotic Front	Opposition	Right	BinevSlavi	Binev, Slavi Pentchev	M	1965	
ParlaMint-BG-en_2015-10-09	ParlaMint-BG_2015-10-09.u74	Report of the meeting of the Bulgarian National Assembly, Term 43, Session 4, Meeting 122 (2015-10-09)	2015-10-09	Unicameralism	Четиридесет и трето народно събрание	4 парламентарна сесия	122 пленарно заседание	2015-10-09	-	Reference	English	Chairperson	MP	notMinister	PF	Parliamentary Group: Patriotic Front	Opposition	Right	KarakachanovKrasimir	Karakachanov, Krasimir Donchev	M	1965	
ParlaMint-BG-en_2015-10-09	ParlaMint-BG_2015-10-09.u75	Report of the meeting of the Bulgarian National Assembly, Term 43, Session 4, Meeting 122 (2015-10-09)	2015-10-09	Unicameralism	Четиридесет и трето народно събрание	4 парламентарна сесия	122 пленарно заседание	2015-10-09	-	Reference	English	Regular	notMP	notMinister	-	-	-	-	NenchevNikolay	Nenchev, Nikolay Nankov	M	1966	
ParlaMint-BG-en_2015-10-09	ParlaMint-BG_2015-10-09.u76	Report of the meeting of the Bulgarian National Assembly, Term 43, Session 4, Meeting 122 (2015-10-09)	2015-10-09	Unicameralism	Четиридесет и трето народно събрание	4 парламентарна сесия	122 пленарно заседание	2015-10-09	-	Reference	English	Chairperson	MP	notMinister	PF	Parliamentary Group: Patriotic Front	Opposition	Right	KarakachanovKrasimir	Karakachanov, Krasimir Donchev	M	1965	
ParlaMint-BG-en_2015-10-09	ParlaMint-BG_2015-10-09.u77	Report of the meeting of the Bulgarian National Assembly, Term 43, Session 4, Meeting 122 (2015-10-09)	2015-10-09	Unicameralism	Четиридесет и трето народно събрание	4 парламентарна сесия	122 пленарно заседание	2015-10-09	-	Reference	English	Regular	MP	notMinister	PF	Parliamentary Group: Patriotic Front	Opposition	Right	BinevSlavi	Binev, Slavi Pentchev	M	1965	
ParlaMint-BG-en_2015-10-09	ParlaMint-BG_2015-10-09.u78	Report of the meeting of the Bulgarian National Assembly, Term 43, Session 4, Meeting 122 (2015-10-09)	2015-10-09	Unicameralism	Четиридесет и трето народно събрание	4 парламентарна сесия	122 пленарно заседание	2015-10-09	-	Reference	English	Chairperson	MP	notMinister	PF	Parliamentary Group: Patriotic Front	Opposition	Right	KarakachanovKrasimir	Karakachanov, Krasimir Donchev	M	1965	
ParlaMint-BG-en_2015-10-09	ParlaMint-BG_2015-10-09.u79	Report of the meeting of the Bulgarian National Assembly, Term 43, Session 4, Meeting 122 (2015-10-09)	2015-10-09	Unicameralism	Четиридесет и трето народно събрание	4 парламентарна сесия	122 пленарно заседание	2015-10-09	-	Reference	English	Regular	MP	notMinister	BSPLB	Parliamentary Group: BSP Left Bulgaria	Opposition	Centre-left	BozhinovGeorgi	Bozhinov, Georgi Todorov	M	1949	
ParlaMint-BG-en_2015-10-09	ParlaMint-BG_2015-10-09.u80	Report of the meeting of the Bulgarian National Assembly, Term 43, Session 4, Meeting 122 (2015-10-09)	2015-10-09	Unicameralism	Четиридесет и трето народно събрание	4 парламентарна сесия	122 пленарно заседание	2015-10-09	-	Reference	English	Chairperson	MP	notMinister	PF	Parliamentary Group: Patriotic Front	Opposition	Right	KarakachanovKrasimir	Karakachanov, Krasimir Donchev	M	1965	
ParlaMint-BG-en_2015-10-09	ParlaMint-BG_2015-10-09.u81	Report of the meeting of the Bulgarian National Assembly, Term 43, Session 4, Meeting 122 (2015-10-09)	2015-10-09	Unicameralism	Четиридесет и трето народно събрание	4 парламентарна сесия	122 пленарно заседание	2015-10-09	-	Reference	English	Regular	MP	notMinister	BSPLB	Parliamentary Group: BSP Left Bulgaria	Opposition	Centre-left	BozhinovGeorgi	Bozhinov, Georgi Todorov	M	1949	
ParlaMint-BG-en_2015-10-09	ParlaMint-BG_2015-10-09.u82	Report of the meeting of the Bulgarian National Assembly, Term 43, Session 4, Meeting 122 (2015-10-09)	2015-10-09	Unicameralism	Четиридесет и трето народно събрание	4 парламентарна сесия	122 пленарно заседание	2015-10-09	-	Reference	English	Chairperson	MP	notMinister	ABV	Parliamentary Group: Alternative for Bulgarian Revival	Coalition	Centre-left	TzotchevKiril	Tzotchev, Kiril Petrov	M	1947	
ParlaMint-BG-en_2015-10-09	ParlaMint-BG_2015-10-09.u83	Report of the meeting of the Bulgarian National Assembly, Term 43, Session 4, Meeting 122 (2015-10-09)	2015-10-09	Unicameralism	Четиридесет и трето народно събрание	4 парламентарна сесия	122 пленарно заседание	2015-10-09	-	Reference	English	Regular	MP	notMinister	AP	Parliamentary Group: Ataka Party	-	Far-right	StanilovStanislav	Stanilov, Stanislav Todorov	M	1943	
ParlaMint-BG-en_2015-10-09	ParlaMint-BG_2015-10-09.u84	Report of the meeting of the Bulgarian National Assembly, Term 43, Session 4, Meeting 122 (2015-10-09)	2015-10-09	Unicameralism	Четиридесет и трето народно събрание	4 парламентарна сесия	122 пленарно заседание	2015-10-09	-	Reference	English	Chairperson	MP	notMinister	ABV	Parliamentary Group: Alternative for Bulgarian Revival	Coalition	Centre-left	TzotchevKiril	Tzotchev, Kiril Petrov	M	1947	
ParlaMint-BG-en_2015-10-09	ParlaMint-BG_2015-10-09.u85	Report of the meeting of the Bulgarian National Assembly, Term 43, Session 4, Meeting 122 (2015-10-09)	2015-10-09	Unicameralism	Четиридесет и трето народно събрание	4 парламентарна сесия	122 пленарно заседание	2015-10-09	-	Reference	English	Regular	notMP	Minister	-	-	-	-	TanevTodor	Tanev, Todor Aleksandrov	M	1957	
ParlaMint-BG-en_2015-10-09	ParlaMint-BG_2015-10-09.u86	Report of the meeting of the Bulgarian National Assembly, Term 43, Session 4, Meeting 122 (2015-10-09)	2015-10-09	Unicameralism	Четиридесет и трето народно събрание	4 парламентарна сесия	122 пленарно заседание	2015-10-09	-	Reference	English	Chairperson	MP	notMinister	ABV	Parliamentary Group: Alternative for Bulgarian Revival	Coalition	Centre-left	TzotchevKiril	Tzotchev, Kiril Petrov	M	1947	
ParlaMint-BG-en_2015-10-09	ParlaMint-BG_2015-10-09.u87	Report of the meeting of the Bulgarian National Assembly, Term 43, Session 4, Meeting 122 (2015-10-09)	2015-10-09	Unicameralism	Четиридесет и трето народно събрание	4 парламентарна сесия	122 пленарно заседание	2015-10-09	-	Reference	English	Regular	MP	notMinister	AP	Parliamentary Group: Ataka Party	-	Far-right	StanilovStanislav	Stanilov, Stanislav Todorov	M	1943	
ParlaMint-BG-en_2015-10-09	ParlaMint-BG_2015-10-09.u88	Report of the meeting of the Bulgarian National Assembly, Term 43, Session 4, Meeting 122 (2015-10-09)	2015-10-09	Unicameralism	Четиридесет и трето народно събрание	4 парламентарна сесия	122 пленарно заседание	2015-10-09	-	Reference	English	Chairperson	MP	notMinister	ABV	Parliamentary Group: Alternative for Bulgarian Revival	Coalition	Centre-left	TzotchevKiril	Tzotchev, Kiril Petrov	M	1947	
ParlaMint-BG-en_2015-10-09	ParlaMint-BG_2015-10-09.u89	Report of the meeting of the Bulgarian National Assembly, Term 43, Session 4, Meeting 122 (2015-10-09)	2015-10-09	Unicameralism	Четиридесет и трето народно събрание	4 парламентарна сесия	122 пленарно заседание	2015-10-09	-	Reference	English	Regular	notMP	Minister	-	-	-	-	TanevTodor	Tanev, Todor Aleksandrov	M	1957	
ParlaMint-BG-en_2015-10-09	ParlaMint-BG_2015-10-09.u90	Report of the meeting of the Bulgarian National Assembly, Term 43, Session 4, Meeting 122 (2015-10-09)	2015-10-09	Unicameralism	Четиридесет и трето народно събрание	4 парламентарна сесия	122 пленарно заседание	2015-10-09	-	Reference	English	Chairperson	MP	notMinister	ABV	Parliamentary Group: Alternative for Bulgarian Revival	Coalition	Centre-left	TzotchevKiril	Tzotchev, Kiril Petrov	M	1947	
ParlaMint-BG-en_2015-10-09	ParlaMint-BG_2015-10-09.u91	Report of the meeting of the Bulgarian National Assembly, Term 43, Session 4, Meeting 122 (2015-10-09)	2015-10-09	Unicameralism	Четиридесет и трето народно събрание	4 парламентарна сесия	122 пленарно заседание	2015-10-09	-	Reference	English	Regular	MP	notMinister	AP	Parliamentary Group: Ataka Party	-	Far-right	StanilovStanislav	Stanilov, Stanislav Todorov	M	1943	
ParlaMint-BG-en_2015-10-09	ParlaMint-BG_2015-10-09.u92	Report of the meeting of the Bulgarian National Assembly, Term 43, Session 4, Meeting 122 (2015-10-09)	2015-10-09	Unicameralism	Четиридесет и трето народно събрание	4 парламентарна сесия	122 пленарно заседание	2015-10-09	-	Reference	English	Chairperson	MP	notMinister	ABV	Parliamentary Group: Alternative for Bulgarian Revival	Coalition	Centre-left	TzotchevKiril	Tzotchev, Kiril Petrov	M	1947	
ParlaMint-BG-en_2015-10-09	ParlaMint-BG_2015-10-09.u93	Report of the meeting of the Bulgarian National Assembly, Term 43, Session 4, Meeting 122 (2015-10-09)	2015-10-09	Unicameralism	Четиридесет и трето народно събрание	4 парламентарна сесия	122 пленарно заседание	2015-10-09	-	Reference	English	Regular	notMP	notMinister	-	-	-	-	RashidovVezhdi	Rashidov, Vezhdi Letif	M	1951	
ParlaMint-BG-en_2015-10-09	ParlaMint-BG_2015-10-09.u94	Report of the meeting of the Bulgarian National Assembly, Term 43, Session 4, Meeting 122 (2015-10-09)	2015-10-09	Unicameralism	Четиридесет и трето народно събрание	4 парламентарна сесия	122 пленарно заседание	2015-10-09	-	Reference	English	Chairperson	MP	notMinister	GERB	Parliamentary Group: GERB Party	Coalition	Centre-right	GlavchevDimitar	Glavchev, Dimitar Borisov	M	1963	
ParlaMint-BG-en_2015-10-09	ParlaMint-BG_2015-10-09.u95	Report of the meeting of the Bulgarian National Assembly, Term 43, Session 4, Meeting 122 (2015-10-09)	2015-10-09	Unicameralism	Четиридесет и трето народно събрание	4 парламентарна сесия	122 пленарно заседание	2015-10-09	-	Reference	English	Regular	MP	notMinister	AP	Parliamentary Group: Ataka Party	-	Far-right	StanilovStanislav	Stanilov, Stanislav Todorov	M	1943	
ParlaMint-BG-en_2015-10-09	ParlaMint-BG_2015-10-09.u96	Report of the meeting of the Bulgarian National Assembly, Term 43, Session 4, Meeting 122 (2015-10-09)	2015-10-09	Unicameralism	Четиридесет и трето народно събрание	4 парламентарна сесия	122 пленарно заседание	2015-10-09	-	Reference	English	Chairperson	MP	notMinister	GERB	Parliamentary Group: GERB Party	Coalition	Centre-right	GlavchevDimitar	Glavchev, Dimitar Borisov	M	1963	
ParlaMint-BG-en_2015-10-09	ParlaMint-BG_2015-10-09.u97	Report of the meeting of the Bulgarian National Assembly, Term 43, Session 4, Meeting 122 (2015-10-09)	2015-10-09	Unicameralism	Четиридесет и трето народно събрание	4 парламентарна сесия	122 пленарно заседание	2015-10-09	-	Reference	English	Regular	MP	notMinister	PF	Parliamentary Group: Patriotic Front	Opposition	Right	BinevSlavi	Binev, Slavi Pentchev	M	1965	
ParlaMint-BG-en_2015-10-09	ParlaMint-BG_2015-10-09.u98	Report of the meeting of the Bulgarian National Assembly, Term 43, Session 4, Meeting 122 (2015-10-09)	2015-10-09	Unicameralism	Четиридесет и трето народно събрание	4 парламентарна сесия	122 пленарно заседание	2015-10-09	-	Reference	English	Chairperson	MP	notMinister	GERB	Parliamentary Group: GERB Party	Coalition	Centre-right	GlavchevDimitar	Glavchev, Dimitar Borisov	M	1963	
ParlaMint-BG-en_2015-10-09	ParlaMint-BG_2015-10-09.u99	Report of the meeting of the Bulgarian National Assembly, Term 43, Session 4, Meeting 122 (2015-10-09)	2015-10-09	Unicameralism	Четиридесет и трето народно събрание	4 парламентарна сесия	122 пленарно заседание	2015-10-09	-	Reference	English	Regular	notMP	notMinister	-	-	-	-	VassilevaIvelina	Vasileva, Ivelina Veselinova	F	1969	
ParlaMint-BG-en_2015-10-09	ParlaMint-BG_2015-10-09.u100	Report of the meeting of the Bulgarian National Assembly, Term 43, Session 4, Meeting 122 (2015-10-09)	2015-10-09	Unicameralism	Четиридесет и трето народно събрание	4 парламентарна сесия	122 пленарно заседание	2015-10-09	-	Reference	English	Chairperson	MP	notMinister	GERB	Parliamentary Group: GERB Party	Coalition	Centre-right	GlavchevDimitar	Glavchev, Dimitar Borisov	M	1963	
ParlaMint-BG-en_2015-10-09	ParlaMint-BG_2015-10-09.u101	Report of the meeting of the Bulgarian National Assembly, Term 43, Session 4, Meeting 122 (2015-10-09)	2015-10-09	Unicameralism	Четиридесет и трето народно събрание	4 парламентарна сесия	122 пленарно заседание	2015-10-09	-	Reference	English	Regular	MP	notMinister	PF	Parliamentary Group: Patriotic Front	Opposition	Right	BinevSlavi	Binev, Slavi Pentchev	M	1965	
ParlaMint-BG-en_2015-10-09	ParlaMint-BG_2015-10-09.u102	Report of the meeting of the Bulgarian National Assembly, Term 43, Session 4, Meeting 122 (2015-10-09)	2015-10-09	Unicameralism	Четиридесет и трето народно събрание	4 парламентарна сесия	122 пленарно заседание	2015-10-09	-	Reference	English	Chairperson	MP	notMinister	GERB	Parliamentary Group: GERB Party	Coalition	Centre-right	GlavchevDimitar	Glavchev, Dimitar Borisov	M	1963	
ParlaMint-BG-en_2015-10-09	ParlaMint-BG_2015-10-09.u103	Report of the meeting of the Bulgarian National Assembly, Term 43, Session 4, Meeting 122 (2015-10-09)	2015-10-09	Unicameralism	Четиридесет и трето народно събрание	4 парламентарна сесия	122 пленарно заседание	2015-10-09	-	Reference	English	Regular	notMP	notMinister	-	-	-	-	VassilevaIvelina	Vasileva, Ivelina Veselinova	F	1969	
ParlaMint-BG-en_2015-10-09	ParlaMint-BG_2015-10-09.u104	Report of the meeting of the Bulgarian National Assembly, Term 43, Session 4, Meeting 122 (2015-10-09)	2015-10-09	Unicameralism	Четиридесет и трето народно събрание	4 парламентарна сесия	122 пленарно заседание	2015-10-09	-	Reference	English	Chairperson	MP	notMinister	GERB	Parliamentary Group: GERB Party	Coalition	Centre-right	GlavchevDimitar	Glavchev, Dimitar Borisov	M	1963	
