Text_ID	ID	Title	Date	Body	Term	Session	Meeting	Sitting	Agenda	Subcorpus	Lang	Speaker_role	Speaker_MP	Speaker_minister	Speaker_party	Speaker_party_name	Party_status	Party_orientation	Speaker_ID	Speaker_name	Speaker_gender	Speaker_birth
ParlaMint-DK-en_2021-04-27-20201-M104	ParlaMint-DK_20210427144505	Hansard of the session of the Danish Parliament (Folketinget), 20201, M104 (2021-04-27), preliminary version	2021-04-27	Unicameralism	Regeringen Mette Frederiksen	20201	M104	-	-	COVID	English	Chairperson	MP	notMinister	V	Venstre	Opposition	Centre-right	EllemannKaren	Ellemann, Karen	F	1969	
ParlaMint-DK-en_2021-04-27-20201-M104	ParlaMint-DK_20210427144655	Hansard of the session of the Danish Parliament (Folketinget), 20201, M104 (2021-04-27), preliminary version	2021-04-27	Unicameralism	Regeringen Mette Frederiksen	20201	M104	-	-	COVID	English	Chairperson	MP	notMinister	V	Venstre	Opposition	Centre-right	EllemannKaren	Ellemann, Karen	F	1969	
ParlaMint-DK-en_2021-04-27-20201-M104	ParlaMint-DK_20210427144819	Hansard of the session of the Danish Parliament (Folketinget), 20201, M104 (2021-04-27), preliminary version	2021-04-27	Unicameralism	Regeringen Mette Frederiksen	20201	M104	-	-	COVID	English	Chairperson	MP	notMinister	V	Venstre	Opposition	Centre-right	EllemannKaren	Ellemann, Karen	F	1969	
ParlaMint-DK-en_2021-04-27-20201-M104	ParlaMint-DK_20210427144849	Hansard of the session of the Danish Parliament (Folketinget), 20201, M104 (2021-04-27), preliminary version	2021-04-27	Unicameralism	Regeringen Mette Frederiksen	20201	M104	-	-	COVID	English	Chairperson	MP	notMinister	V	Venstre	Opposition	Centre-right	EllemannKaren	Ellemann, Karen	F	1969	
ParlaMint-DK-en_2021-04-27-20201-M104	ParlaMint-DK_20210427144913	Hansard of the session of the Danish Parliament (Folketinget), 20201, M104 (2021-04-27), preliminary version	2021-04-27	Unicameralism	Regeringen Mette Frederiksen	20201	M104	-	-	COVID	English	Chairperson	MP	notMinister	V	Venstre	Opposition	Centre-right	EllemannKaren	Ellemann, Karen	F	1969	
ParlaMint-DK-en_2021-04-27-20201-M104	ParlaMint-DK_20210427144933	Hansard of the session of the Danish Parliament (Folketinget), 20201, M104 (2021-04-27), preliminary version	2021-04-27	Unicameralism	Regeringen Mette Frederiksen	20201	M104	-	-	COVID	English	Chairperson	MP	notMinister	V	Venstre	Opposition	Centre-right	EllemannKaren	Ellemann, Karen	F	1969	
ParlaMint-DK-en_2021-04-27-20201-M104	ParlaMint-DK_20210427145003	Hansard of the session of the Danish Parliament (Folketinget), 20201, M104 (2021-04-27), preliminary version	2021-04-27	Unicameralism	Regeringen Mette Frederiksen	20201	M104	-	-	COVID	English	Chairperson	MP	notMinister	V	Venstre	Opposition	Centre-right	EllemannKaren	Ellemann, Karen	F	1969	
ParlaMint-DK-en_2021-04-27-20201-M104	ParlaMint-DK_20210427145018	Hansard of the session of the Danish Parliament (Folketinget), 20201, M104 (2021-04-27), preliminary version	2021-04-27	Unicameralism	Regeringen Mette Frederiksen	20201	M104	-	-	COVID	English	Chairperson	MP	notMinister	V	Venstre	Opposition	Centre-right	EllemannKaren	Ellemann, Karen	F	1969	
ParlaMint-DK-en_2021-04-27-20201-M104	ParlaMint-DK_20210427145044	Hansard of the session of the Danish Parliament (Folketinget), 20201, M104 (2021-04-27), preliminary version	2021-04-27	Unicameralism	Regeringen Mette Frederiksen	20201	M104	-	-	COVID	English	Chairperson	MP	notMinister	V	Venstre	Opposition	Centre-right	EllemannKaren	Ellemann, Karen	F	1969	
ParlaMint-DK-en_2021-04-27-20201-M104	ParlaMint-DK_20210427145059	Hansard of the session of the Danish Parliament (Folketinget), 20201, M104 (2021-04-27), preliminary version	2021-04-27	Unicameralism	Regeringen Mette Frederiksen	20201	M104	-	-	COVID	English	Chairperson	MP	notMinister	V	Venstre	Opposition	Centre-right	EllemannKaren	Ellemann, Karen	F	1969	
ParlaMint-DK-en_2021-04-27-20201-M104	ParlaMint-DK_20210427145121	Hansard of the session of the Danish Parliament (Folketinget), 20201, M104 (2021-04-27), preliminary version	2021-04-27	Unicameralism	Regeringen Mette Frederiksen	20201	M104	-	-	COVID	English	Chairperson	MP	notMinister	V	Venstre	Opposition	Centre-right	EllemannKaren	Ellemann, Karen	F	1969	
ParlaMint-DK-en_2021-04-27-20201-M104	ParlaMint-DK_20210427145150	Hansard of the session of the Danish Parliament (Folketinget), 20201, M104 (2021-04-27), preliminary version	2021-04-27	Unicameralism	Regeringen Mette Frederiksen	20201	M104	-	-	COVID	English	Chairperson	MP	notMinister	V	Venstre	Opposition	Centre-right	EllemannKaren	Ellemann, Karen	F	1969	
ParlaMint-DK-en_2021-04-27-20201-M104	ParlaMint-DK_20210427145217	Hansard of the session of the Danish Parliament (Folketinget), 20201, M104 (2021-04-27), preliminary version	2021-04-27	Unicameralism	Regeringen Mette Frederiksen	20201	M104	-	-	COVID	English	Chairperson	MP	notMinister	V	Venstre	Opposition	Centre-right	EllemannKaren	Ellemann, Karen	F	1969	
ParlaMint-DK-en_2021-04-27-20201-M104	ParlaMint-DK_20210427145239	Hansard of the session of the Danish Parliament (Folketinget), 20201, M104 (2021-04-27), preliminary version	2021-04-27	Unicameralism	Regeringen Mette Frederiksen	20201	M104	-	-	COVID	English	Chairperson	MP	notMinister	V	Venstre	Opposition	Centre-right	EllemannKaren	Ellemann, Karen	F	1969	
ParlaMint-DK-en_2021-04-27-20201-M104	ParlaMint-DK_20210427145301	Hansard of the session of the Danish Parliament (Folketinget), 20201, M104 (2021-04-27), preliminary version	2021-04-27	Unicameralism	Regeringen Mette Frederiksen	20201	M104	-	-	COVID	English	Chairperson	MP	notMinister	V	Venstre	Opposition	Centre-right	EllemannKaren	Ellemann, Karen	F	1969	
ParlaMint-DK-en_2021-04-27-20201-M104	ParlaMint-DK_20210427145313	Hansard of the session of the Danish Parliament (Folketinget), 20201, M104 (2021-04-27), preliminary version	2021-04-27	Unicameralism	Regeringen Mette Frederiksen	20201	M104	-	-	COVID	English	Chairperson	MP	notMinister	V	Venstre	Opposition	Centre-right	EllemannKaren	Ellemann, Karen	F	1969	
ParlaMint-DK-en_2021-04-27-20201-M104	ParlaMint-DK_20210427145340	Hansard of the session of the Danish Parliament (Folketinget), 20201, M104 (2021-04-27), preliminary version	2021-04-27	Unicameralism	Regeringen Mette Frederiksen	20201	M104	-	-	COVID	English	Chairperson	MP	notMinister	V	Venstre	Opposition	Centre-right	EllemannKaren	Ellemann, Karen	F	1969	
ParlaMint-DK-en_2021-04-27-20201-M104	ParlaMint-DK_20210427145404	Hansard of the session of the Danish Parliament (Folketinget), 20201, M104 (2021-04-27), preliminary version	2021-04-27	Unicameralism	Regeringen Mette Frederiksen	20201	M104	-	-	COVID	English	Chairperson	MP	notMinister	V	Venstre	Opposition	Centre-right	EllemannKaren	Ellemann, Karen	F	1969	
ParlaMint-DK-en_2021-04-27-20201-M104	ParlaMint-DK_20210427145435	Hansard of the session of the Danish Parliament (Folketinget), 20201, M104 (2021-04-27), preliminary version	2021-04-27	Unicameralism	Regeringen Mette Frederiksen	20201	M104	-	-	COVID	English	Chairperson	MP	notMinister	V	Venstre	Opposition	Centre-right	EllemannKaren	Ellemann, Karen	F	1969	
ParlaMint-DK-en_2021-04-27-20201-M104	ParlaMint-DK_20210427145442	Hansard of the session of the Danish Parliament (Folketinget), 20201, M104 (2021-04-27), preliminary version	2021-04-27	Unicameralism	Regeringen Mette Frederiksen	20201	M104	-	-	COVID	English	Chairperson	MP	notMinister	V	Venstre	Opposition	Centre-right	EllemannKaren	Ellemann, Karen	F	1969	
ParlaMint-DK-en_2021-04-27-20201-M104	ParlaMint-DK_20210427145504	Hansard of the session of the Danish Parliament (Folketinget), 20201, M104 (2021-04-27), preliminary version	2021-04-27	Unicameralism	Regeringen Mette Frederiksen	20201	M104	-	-	COVID	English	Chairperson	MP	notMinister	V	Venstre	Opposition	Centre-right	EllemannKaren	Ellemann, Karen	F	1969	
ParlaMint-DK-en_2021-04-27-20201-M104	ParlaMint-DK_20210427145525	Hansard of the session of the Danish Parliament (Folketinget), 20201, M104 (2021-04-27), preliminary version	2021-04-27	Unicameralism	Regeringen Mette Frederiksen	20201	M104	-	-	COVID	English	Chairperson	MP	notMinister	V	Venstre	Opposition	Centre-right	EllemannKaren	Ellemann, Karen	F	1969	
ParlaMint-DK-en_2021-04-27-20201-M104	ParlaMint-DK_20210427145600	Hansard of the session of the Danish Parliament (Folketinget), 20201, M104 (2021-04-27), preliminary version	2021-04-27	Unicameralism	Regeringen Mette Frederiksen	20201	M104	-	-	COVID	English	Chairperson	MP	notMinister	V	Venstre	Opposition	Centre-right	EllemannKaren	Ellemann, Karen	F	1969	
ParlaMint-DK-en_2021-04-27-20201-M104	ParlaMint-DK_20210427145607	Hansard of the session of the Danish Parliament (Folketinget), 20201, M104 (2021-04-27), preliminary version	2021-04-27	Unicameralism	Regeringen Mette Frederiksen	20201	M104	-	-	COVID	English	Chairperson	MP	notMinister	V	Venstre	Opposition	Centre-right	EllemannKaren	Ellemann, Karen	F	1969	
ParlaMint-DK-en_2021-04-27-20201-M104	ParlaMint-DK_20210427145637	Hansard of the session of the Danish Parliament (Folketinget), 20201, M104 (2021-04-27), preliminary version	2021-04-27	Unicameralism	Regeringen Mette Frederiksen	20201	M104	-	-	COVID	English	Chairperson	MP	notMinister	V	Venstre	Opposition	Centre-right	EllemannKaren	Ellemann, Karen	F	1969	
ParlaMint-DK-en_2021-04-27-20201-M104	ParlaMint-DK_20210427145656	Hansard of the session of the Danish Parliament (Folketinget), 20201, M104 (2021-04-27), preliminary version	2021-04-27	Unicameralism	Regeringen Mette Frederiksen	20201	M104	-	-	COVID	English	Chairperson	MP	notMinister	V	Venstre	Opposition	Centre-right	EllemannKaren	Ellemann, Karen	F	1969	
ParlaMint-DK-en_2021-04-27-20201-M104	ParlaMint-DK_20210427145725	Hansard of the session of the Danish Parliament (Folketinget), 20201, M104 (2021-04-27), preliminary version	2021-04-27	Unicameralism	Regeringen Mette Frederiksen	20201	M104	-	-	COVID	English	Chairperson	MP	notMinister	V	Venstre	Opposition	Centre-right	EllemannKaren	Ellemann, Karen	F	1969	
ParlaMint-DK-en_2021-04-27-20201-M104	ParlaMint-DK_20210427145802	Hansard of the session of the Danish Parliament (Folketinget), 20201, M104 (2021-04-27), preliminary version	2021-04-27	Unicameralism	Regeringen Mette Frederiksen	20201	M104	-	-	COVID	English	Chairperson	MP	notMinister	V	Venstre	Opposition	Centre-right	EllemannKaren	Ellemann, Karen	F	1969	
ParlaMint-DK-en_2021-04-27-20201-M104	ParlaMint-DK_20210427145810	Hansard of the session of the Danish Parliament (Folketinget), 20201, M104 (2021-04-27), preliminary version	2021-04-27	Unicameralism	Regeringen Mette Frederiksen	20201	M104	-	-	COVID	English	Chairperson	MP	notMinister	V	Venstre	Opposition	Centre-right	EllemannKaren	Ellemann, Karen	F	1969	
ParlaMint-DK-en_2021-04-27-20201-M104	ParlaMint-DK_20210427145829	Hansard of the session of the Danish Parliament (Folketinget), 20201, M104 (2021-04-27), preliminary version	2021-04-27	Unicameralism	Regeringen Mette Frederiksen	20201	M104	-	-	COVID	English	Chairperson	MP	notMinister	V	Venstre	Opposition	Centre-right	EllemannKaren	Ellemann, Karen	F	1969	
ParlaMint-DK-en_2021-04-27-20201-M104	ParlaMint-DK_20210427145843	Hansard of the session of the Danish Parliament (Folketinget), 20201, M104 (2021-04-27), preliminary version	2021-04-27	Unicameralism	Regeringen Mette Frederiksen	20201	M104	-	-	COVID	English	Chairperson	MP	notMinister	V	Venstre	Opposition	Centre-right	EllemannKaren	Ellemann, Karen	F	1969	
ParlaMint-DK-en_2021-04-27-20201-M104	ParlaMint-DK_20210427145931	Hansard of the session of the Danish Parliament (Folketinget), 20201, M104 (2021-04-27), preliminary version	2021-04-27	Unicameralism	Regeringen Mette Frederiksen	20201	M104	-	-	COVID	English	Chairperson	MP	notMinister	V	Venstre	Opposition	Centre-right	EllemannKaren	Ellemann, Karen	F	1969	
ParlaMint-DK-en_2021-04-27-20201-M104	ParlaMint-DK_20210427150044	Hansard of the session of the Danish Parliament (Folketinget), 20201, M104 (2021-04-27), preliminary version	2021-04-27	Unicameralism	Regeringen Mette Frederiksen	20201	M104	-	-	COVID	English	Chairperson	MP	notMinister	V	Venstre	Opposition	Centre-right	EllemannKaren	Ellemann, Karen	F	1969	
ParlaMint-DK-en_2021-04-27-20201-M104	ParlaMint-DK_20210427150058	Hansard of the session of the Danish Parliament (Folketinget), 20201, M104 (2021-04-27), preliminary version	2021-04-27	Unicameralism	Regeringen Mette Frederiksen	20201	M104	-	-	COVID	English	Chairperson	MP	notMinister	V	Venstre	Opposition	Centre-right	EllemannKaren	Ellemann, Karen	F	1969	
ParlaMint-DK-en_2021-04-27-20201-M104	ParlaMint-DK_20210427150122	Hansard of the session of the Danish Parliament (Folketinget), 20201, M104 (2021-04-27), preliminary version	2021-04-27	Unicameralism	Regeringen Mette Frederiksen	20201	M104	-	-	COVID	English	Chairperson	MP	notMinister	V	Venstre	Opposition	Centre-right	EllemannKaren	Ellemann, Karen	F	1969	
ParlaMint-DK-en_2021-04-27-20201-M104	ParlaMint-DK_20210427150146	Hansard of the session of the Danish Parliament (Folketinget), 20201, M104 (2021-04-27), preliminary version	2021-04-27	Unicameralism	Regeringen Mette Frederiksen	20201	M104	-	-	COVID	English	Chairperson	MP	notMinister	V	Venstre	Opposition	Centre-right	EllemannKaren	Ellemann, Karen	F	1969	
ParlaMint-DK-en_2021-04-27-20201-M104	ParlaMint-DK_20210427150230	Hansard of the session of the Danish Parliament (Folketinget), 20201, M104 (2021-04-27), preliminary version	2021-04-27	Unicameralism	Regeringen Mette Frederiksen	20201	M104	-	-	COVID	English	Regular	MP	notMinister	EL	Enhedslisten	-	Left to far-left	RasmussenSørenEgge	Rasmussen, Søren Egge	M	1961	
ParlaMint-DK-en_2021-04-27-20201-M104	ParlaMint-DK_20210427150358	Hansard of the session of the Danish Parliament (Folketinget), 20201, M104 (2021-04-27), preliminary version	2021-04-27	Unicameralism	Regeringen Mette Frederiksen	20201	M104	-	-	COVID	English	Chairperson	MP	notMinister	V	Venstre	Opposition	Centre-right	EllemannKaren	Ellemann, Karen	F	1969	
ParlaMint-DK-en_2021-04-27-20201-M104	ParlaMint-DK_20210427150412	Hansard of the session of the Danish Parliament (Folketinget), 20201, M104 (2021-04-27), preliminary version	2021-04-27	Unicameralism	Regeringen Mette Frederiksen	20201	M104	-	-	COVID	English	Chairperson	MP	notMinister	V	Venstre	Opposition	Centre-right	EllemannKaren	Ellemann, Karen	F	1969	
ParlaMint-DK-en_2021-04-27-20201-M104	ParlaMint-DK_20210427150504	Hansard of the session of the Danish Parliament (Folketinget), 20201, M104 (2021-04-27), preliminary version	2021-04-27	Unicameralism	Regeringen Mette Frederiksen	20201	M104	-	-	COVID	English	Chairperson	MP	notMinister	V	Venstre	Opposition	Centre-right	EllemannKaren	Ellemann, Karen	F	1969	
ParlaMint-DK-en_2021-04-27-20201-M104	ParlaMint-DK_20210427151459	Hansard of the session of the Danish Parliament (Folketinget), 20201, M104 (2021-04-27), preliminary version	2021-04-27	Unicameralism	Regeringen Mette Frederiksen	20201	M104	-	-	COVID	English	Chairperson	MP	notMinister	V	Venstre	Opposition	Centre-right	EllemannKaren	Ellemann, Karen	F	1969	
ParlaMint-DK-en_2021-04-27-20201-M104	ParlaMint-DK_20210427151517	Hansard of the session of the Danish Parliament (Folketinget), 20201, M104 (2021-04-27), preliminary version	2021-04-27	Unicameralism	Regeringen Mette Frederiksen	20201	M104	-	-	COVID	English	Regular	MP	notMinister	S	Socialdemokratiet	Coalition	Centre-left	BruusJeppe	Bruus, Jeppe	M	1978	
ParlaMint-DK-en_2021-04-27-20201-M104	ParlaMint-DK_20210427151858	Hansard of the session of the Danish Parliament (Folketinget), 20201, M104 (2021-04-27), preliminary version	2021-04-27	Unicameralism	Regeringen Mette Frederiksen	20201	M104	-	-	COVID	English	Chairperson	MP	notMinister	V	Venstre	Opposition	Centre-right	EllemannKaren	Ellemann, Karen	F	1969	
ParlaMint-DK-en_2021-04-27-20201-M104	ParlaMint-DK_20210427151922	Hansard of the session of the Danish Parliament (Folketinget), 20201, M104 (2021-04-27), preliminary version	2021-04-27	Unicameralism	Regeringen Mette Frederiksen	20201	M104	-	-	COVID	English	Regular	MP	notMinister	V	Venstre	Opposition	Centre-right	JørgensenJanE	Jørgensen, Jan E.	M	1965	
ParlaMint-DK-en_2021-04-27-20201-M104	ParlaMint-DK_20210427152117	Hansard of the session of the Danish Parliament (Folketinget), 20201, M104 (2021-04-27), preliminary version	2021-04-27	Unicameralism	Regeringen Mette Frederiksen	20201	M104	-	-	COVID	English	Chairperson	MP	notMinister	V	Venstre	Opposition	Centre-right	EllemannKaren	Ellemann, Karen	F	1969	
ParlaMint-DK-en_2021-04-27-20201-M104	ParlaMint-DK_20210427152142	Hansard of the session of the Danish Parliament (Folketinget), 20201, M104 (2021-04-27), preliminary version	2021-04-27	Unicameralism	Regeringen Mette Frederiksen	20201	M104	-	-	COVID	English	Regular	MP	notMinister	DF	Dansk Folkeparti	Opposition	Right	SkaarupPeter	Skaarup, Peter	M	1964	
ParlaMint-DK-en_2021-04-27-20201-M104	ParlaMint-DK_20210427152529	Hansard of the session of the Danish Parliament (Folketinget), 20201, M104 (2021-04-27), preliminary version	2021-04-27	Unicameralism	Regeringen Mette Frederiksen	20201	M104	-	-	COVID	English	Chairperson	MP	notMinister	V	Venstre	Opposition	Centre-right	EllemannKaren	Ellemann, Karen	F	1969	
ParlaMint-DK-en_2021-04-27-20201-M104	ParlaMint-DK_20210427152552	Hansard of the session of the Danish Parliament (Folketinget), 20201, M104 (2021-04-27), preliminary version	2021-04-27	Unicameralism	Regeringen Mette Frederiksen	20201	M104	-	-	COVID	English	Regular	notMP	notMinister	SF	Socialistisk Folkeparti	-	Centre-left to left	DehnhardtKarinaLorentzen	Dehnhardt, Karina Lorentzen	F	1973	
ParlaMint-DK-en_2021-04-27-20201-M104	ParlaMint-DK_20210427153128	Hansard of the session of the Danish Parliament (Folketinget), 20201, M104 (2021-04-27), preliminary version	2021-04-27	Unicameralism	Regeringen Mette Frederiksen	20201	M104	-	-	COVID	English	Chairperson	MP	notMinister	V	Venstre	Opposition	Centre-right	EllemannKaren	Ellemann, Karen	F	1969	
ParlaMint-DK-en_2021-04-27-20201-M104	ParlaMint-DK_20210427153203	Hansard of the session of the Danish Parliament (Folketinget), 20201, M104 (2021-04-27), preliminary version	2021-04-27	Unicameralism	Regeringen Mette Frederiksen	20201	M104	-	-	COVID	English	Regular	MP	notMinister	RV	Radikale Venstre	-	Centre to centre-left	HegaardKristian	Hegaard, Kristian	M	1991	
ParlaMint-DK-en_2021-04-27-20201-M104	ParlaMint-DK_20210427153556	Hansard of the session of the Danish Parliament (Folketinget), 20201, M104 (2021-04-27), preliminary version	2021-04-27	Unicameralism	Regeringen Mette Frederiksen	20201	M104	-	-	COVID	English	Chairperson	MP	notMinister	V	Venstre	Opposition	Centre-right	EllemannKaren	Ellemann, Karen	F	1969	
ParlaMint-DK-en_2021-04-27-20201-M104	ParlaMint-DK_20210427153616	Hansard of the session of the Danish Parliament (Folketinget), 20201, M104 (2021-04-27), preliminary version	2021-04-27	Unicameralism	Regeringen Mette Frederiksen	20201	M104	-	-	COVID	English	Regular	MP	notMinister	EL	Enhedslisten	-	Left to far-left	LundRosa	Lund, Rosa	F	1986	
ParlaMint-DK-en_2021-04-27-20201-M104	ParlaMint-DK_20210427153951	Hansard of the session of the Danish Parliament (Folketinget), 20201, M104 (2021-04-27), preliminary version	2021-04-27	Unicameralism	Regeringen Mette Frederiksen	20201	M104	-	-	COVID	English	Chairperson	MP	notMinister	V	Venstre	Opposition	Centre-right	EllemannKaren	Ellemann, Karen	F	1969	
ParlaMint-DK-en_2021-04-27-20201-M104	ParlaMint-DK_20210427154018	Hansard of the session of the Danish Parliament (Folketinget), 20201, M104 (2021-04-27), preliminary version	2021-04-27	Unicameralism	Regeringen Mette Frederiksen	20201	M104	-	-	COVID	English	Regular	MP	notMinister	KF	Det Konservative Folkeparti	Opposition	Centre-right	AndersenMads	Andersen, Mads	M	1989	
ParlaMint-DK-en_2021-04-27-20201-M104	ParlaMint-DK_20210427154138	Hansard of the session of the Danish Parliament (Folketinget), 20201, M104 (2021-04-27), preliminary version	2021-04-27	Unicameralism	Regeringen Mette Frederiksen	20201	M104	-	-	COVID	English	Chairperson	MP	notMinister	V	Venstre	Opposition	Centre-right	EllemannKaren	Ellemann, Karen	F	1969	
ParlaMint-DK-en_2021-04-27-20201-M104	ParlaMint-DK_20210427154153	Hansard of the session of the Danish Parliament (Folketinget), 20201, M104 (2021-04-27), preliminary version	2021-04-27	Unicameralism	Regeringen Mette Frederiksen	20201	M104	-	-	COVID	English	Regular	MP	notMinister	NB	Nye Borgerlige	Opposition	Right to far-right	VermundPernille	Vermund, Pernille	F	1975	
ParlaMint-DK-en_2021-04-27-20201-M104	ParlaMint-DK_20210427154315	Hansard of the session of the Danish Parliament (Folketinget), 20201, M104 (2021-04-27), preliminary version	2021-04-27	Unicameralism	Regeringen Mette Frederiksen	20201	M104	-	-	COVID	English	Chairperson	MP	notMinister	V	Venstre	Opposition	Centre-right	EllemannKaren	Ellemann, Karen	F	1969	
ParlaMint-DK-en_2021-04-27-20201-M104	ParlaMint-DK_20210427154340	Hansard of the session of the Danish Parliament (Folketinget), 20201, M104 (2021-04-27), preliminary version	2021-04-27	Unicameralism	Regeringen Mette Frederiksen	20201	M104	-	-	COVID	English	Regular	MP	notMinister	LA	Liberal Alliance	Opposition	Centre-right to right	OlesenOleBirk	Olesen, Ole Birk	M	1972	
ParlaMint-DK-en_2021-04-27-20201-M104	ParlaMint-DK_20210427154657	Hansard of the session of the Danish Parliament (Folketinget), 20201, M104 (2021-04-27), preliminary version	2021-04-27	Unicameralism	Regeringen Mette Frederiksen	20201	M104	-	-	COVID	English	Chairperson	MP	notMinister	V	Venstre	Opposition	Centre-right	EllemannKaren	Ellemann, Karen	F	1969	
ParlaMint-DK-en_2021-04-27-20201-M104	ParlaMint-DK_20210427154702	Hansard of the session of the Danish Parliament (Folketinget), 20201, M104 (2021-04-27), preliminary version	2021-04-27	Unicameralism	Regeringen Mette Frederiksen	20201	M104	-	-	COVID	English	Regular	MP	notMinister	S	Socialdemokratiet	Coalition	Centre-left	BruusJeppe	Bruus, Jeppe	M	1978	
ParlaMint-DK-en_2021-04-27-20201-M104	ParlaMint-DK_20210427154754	Hansard of the session of the Danish Parliament (Folketinget), 20201, M104 (2021-04-27), preliminary version	2021-04-27	Unicameralism	Regeringen Mette Frederiksen	20201	M104	-	-	COVID	English	Chairperson	MP	notMinister	V	Venstre	Opposition	Centre-right	EllemannKaren	Ellemann, Karen	F	1969	
ParlaMint-DK-en_2021-04-27-20201-M104	ParlaMint-DK_20210427154756	Hansard of the session of the Danish Parliament (Folketinget), 20201, M104 (2021-04-27), preliminary version	2021-04-27	Unicameralism	Regeringen Mette Frederiksen	20201	M104	-	-	COVID	English	Regular	MP	notMinister	LA	Liberal Alliance	Opposition	Centre-right to right	OlesenOleBirk	Olesen, Ole Birk	M	1972	
ParlaMint-DK-en_2021-04-27-20201-M104	ParlaMint-DK_20210427154900	Hansard of the session of the Danish Parliament (Folketinget), 20201, M104 (2021-04-27), preliminary version	2021-04-27	Unicameralism	Regeringen Mette Frederiksen	20201	M104	-	-	COVID	English	Chairperson	MP	notMinister	V	Venstre	Opposition	Centre-right	EllemannKaren	Ellemann, Karen	F	1969	
ParlaMint-DK-en_2021-04-27-20201-M104	ParlaMint-DK_20210427154902	Hansard of the session of the Danish Parliament (Folketinget), 20201, M104 (2021-04-27), preliminary version	2021-04-27	Unicameralism	Regeringen Mette Frederiksen	20201	M104	-	-	COVID	English	Regular	MP	notMinister	S	Socialdemokratiet	Coalition	Centre-left	BruusJeppe	Bruus, Jeppe	M	1978	
ParlaMint-DK-en_2021-04-27-20201-M104	ParlaMint-DK_20210427154954	Hansard of the session of the Danish Parliament (Folketinget), 20201, M104 (2021-04-27), preliminary version	2021-04-27	Unicameralism	Regeringen Mette Frederiksen	20201	M104	-	-	COVID	English	Chairperson	MP	notMinister	V	Venstre	Opposition	Centre-right	EllemannKaren	Ellemann, Karen	F	1969	
ParlaMint-DK-en_2021-04-27-20201-M104	ParlaMint-DK_20210427154955	Hansard of the session of the Danish Parliament (Folketinget), 20201, M104 (2021-04-27), preliminary version	2021-04-27	Unicameralism	Regeringen Mette Frederiksen	20201	M104	-	-	COVID	English	Regular	MP	notMinister	LA	Liberal Alliance	Opposition	Centre-right to right	OlesenOleBirk	Olesen, Ole Birk	M	1972	
ParlaMint-DK-en_2021-04-27-20201-M104	ParlaMint-DK_20210427155037	Hansard of the session of the Danish Parliament (Folketinget), 20201, M104 (2021-04-27), preliminary version	2021-04-27	Unicameralism	Regeringen Mette Frederiksen	20201	M104	-	-	COVID	English	Chairperson	MP	notMinister	V	Venstre	Opposition	Centre-right	EllemannKaren	Ellemann, Karen	F	1969	
ParlaMint-DK-en_2021-04-27-20201-M104	ParlaMint-DK_20210427155052	Hansard of the session of the Danish Parliament (Folketinget), 20201, M104 (2021-04-27), preliminary version	2021-04-27	Unicameralism	Regeringen Mette Frederiksen	20201	M104	-	-	COVID	English	Regular	MP	Minister	S	Socialdemokratiet	Coalition	Centre-left	HækkerupNick	Hækkerup, Nick	M	1968	
ParlaMint-DK-en_2021-04-27-20201-M104	ParlaMint-DK_20210427155329	Hansard of the session of the Danish Parliament (Folketinget), 20201, M104 (2021-04-27), preliminary version	2021-04-27	Unicameralism	Regeringen Mette Frederiksen	20201	M104	-	-	COVID	English	Chairperson	MP	notMinister	V	Venstre	Opposition	Centre-right	EllemannKaren	Ellemann, Karen	F	1969	
ParlaMint-DK-en_2021-04-27-20201-M104	ParlaMint-DK_20210427155350	Hansard of the session of the Danish Parliament (Folketinget), 20201, M104 (2021-04-27), preliminary version	2021-04-27	Unicameralism	Regeringen Mette Frederiksen	20201	M104	-	-	COVID	English	Chairperson	MP	notMinister	V	Venstre	Opposition	Centre-right	EllemannKaren	Ellemann, Karen	F	1969	
ParlaMint-DK-en_2021-04-27-20201-M104	ParlaMint-DK_20210427155411	Hansard of the session of the Danish Parliament (Folketinget), 20201, M104 (2021-04-27), preliminary version	2021-04-27	Unicameralism	Regeringen Mette Frederiksen	20201	M104	-	-	COVID	English	Regular	MP	Minister	S	Socialdemokratiet	Coalition	Centre-left	HækkerupNick	Hækkerup, Nick	M	1968	
ParlaMint-DK-en_2021-04-27-20201-M104	ParlaMint-DK_20210427160034	Hansard of the session of the Danish Parliament (Folketinget), 20201, M104 (2021-04-27), preliminary version	2021-04-27	Unicameralism	Regeringen Mette Frederiksen	20201	M104	-	-	COVID	English	Chairperson	MP	notMinister	S	Socialdemokratiet	Coalition	Centre-left	KristensenHenrikDam	Kristensen, Henrik Dam	M	1957	
ParlaMint-DK-en_2021-04-27-20201-M104	ParlaMint-DK_20210427160039	Hansard of the session of the Danish Parliament (Folketinget), 20201, M104 (2021-04-27), preliminary version	2021-04-27	Unicameralism	Regeringen Mette Frederiksen	20201	M104	-	-	COVID	English	Regular	MP	notMinister	DF	Dansk Folkeparti	Opposition	Right	SkaarupPeter	Skaarup, Peter	M	1964	
ParlaMint-DK-en_2021-04-27-20201-M104	ParlaMint-DK_20210427160148	Hansard of the session of the Danish Parliament (Folketinget), 20201, M104 (2021-04-27), preliminary version	2021-04-27	Unicameralism	Regeringen Mette Frederiksen	20201	M104	-	-	COVID	English	Chairperson	MP	notMinister	S	Socialdemokratiet	Coalition	Centre-left	KristensenHenrikDam	Kristensen, Henrik Dam	M	1957	
ParlaMint-DK-en_2021-04-27-20201-M104	ParlaMint-DK_20210427160151	Hansard of the session of the Danish Parliament (Folketinget), 20201, M104 (2021-04-27), preliminary version	2021-04-27	Unicameralism	Regeringen Mette Frederiksen	20201	M104	-	-	COVID	English	Regular	MP	Minister	S	Socialdemokratiet	Coalition	Centre-left	HækkerupNick	Hækkerup, Nick	M	1968	
ParlaMint-DK-en_2021-04-27-20201-M104	ParlaMint-DK_20210427160242	Hansard of the session of the Danish Parliament (Folketinget), 20201, M104 (2021-04-27), preliminary version	2021-04-27	Unicameralism	Regeringen Mette Frederiksen	20201	M104	-	-	COVID	English	Chairperson	MP	notMinister	S	Socialdemokratiet	Coalition	Centre-left	KristensenHenrikDam	Kristensen, Henrik Dam	M	1957	
ParlaMint-DK-en_2021-04-27-20201-M104	ParlaMint-DK_20210427160243	Hansard of the session of the Danish Parliament (Folketinget), 20201, M104 (2021-04-27), preliminary version	2021-04-27	Unicameralism	Regeringen Mette Frederiksen	20201	M104	-	-	COVID	English	Regular	MP	notMinister	DF	Dansk Folkeparti	Opposition	Right	SkaarupPeter	Skaarup, Peter	M	1964	
ParlaMint-DK-en_2021-04-27-20201-M104	ParlaMint-DK_20210427160316	Hansard of the session of the Danish Parliament (Folketinget), 20201, M104 (2021-04-27), preliminary version	2021-04-27	Unicameralism	Regeringen Mette Frederiksen	20201	M104	-	-	COVID	English	Chairperson	MP	notMinister	S	Socialdemokratiet	Coalition	Centre-left	KristensenHenrikDam	Kristensen, Henrik Dam	M	1957	
ParlaMint-DK-en_2021-04-27-20201-M104	ParlaMint-DK_20210427160319	Hansard of the session of the Danish Parliament (Folketinget), 20201, M104 (2021-04-27), preliminary version	2021-04-27	Unicameralism	Regeringen Mette Frederiksen	20201	M104	-	-	COVID	English	Regular	MP	Minister	S	Socialdemokratiet	Coalition	Centre-left	HækkerupNick	Hækkerup, Nick	M	1968	
ParlaMint-DK-en_2021-04-27-20201-M104	ParlaMint-DK_20210427160345	Hansard of the session of the Danish Parliament (Folketinget), 20201, M104 (2021-04-27), preliminary version	2021-04-27	Unicameralism	Regeringen Mette Frederiksen	20201	M104	-	-	COVID	English	Chairperson	MP	notMinister	S	Socialdemokratiet	Coalition	Centre-left	KristensenHenrikDam	Kristensen, Henrik Dam	M	1957	
ParlaMint-DK-en_2021-04-27-20201-M104	ParlaMint-DK_20210427160347	Hansard of the session of the Danish Parliament (Folketinget), 20201, M104 (2021-04-27), preliminary version	2021-04-27	Unicameralism	Regeringen Mette Frederiksen	20201	M104	-	-	COVID	English	Regular	notMP	notMinister	SF	Socialistisk Folkeparti	-	Centre-left to left	DehnhardtKarinaLorentzen	Dehnhardt, Karina Lorentzen	F	1973	
ParlaMint-DK-en_2021-04-27-20201-M104	ParlaMint-DK_20210427160435	Hansard of the session of the Danish Parliament (Folketinget), 20201, M104 (2021-04-27), preliminary version	2021-04-27	Unicameralism	Regeringen Mette Frederiksen	20201	M104	-	-	COVID	English	Chairperson	MP	notMinister	S	Socialdemokratiet	Coalition	Centre-left	KristensenHenrikDam	Kristensen, Henrik Dam	M	1957	
ParlaMint-DK-en_2021-04-27-20201-M104	ParlaMint-DK_20210427160439	Hansard of the session of the Danish Parliament (Folketinget), 20201, M104 (2021-04-27), preliminary version	2021-04-27	Unicameralism	Regeringen Mette Frederiksen	20201	M104	-	-	COVID	English	Regular	MP	Minister	S	Socialdemokratiet	Coalition	Centre-left	HækkerupNick	Hækkerup, Nick	M	1968	
ParlaMint-DK-en_2021-04-27-20201-M104	ParlaMint-DK_20210427160532	Hansard of the session of the Danish Parliament (Folketinget), 20201, M104 (2021-04-27), preliminary version	2021-04-27	Unicameralism	Regeringen Mette Frederiksen	20201	M104	-	-	COVID	English	Chairperson	MP	notMinister	S	Socialdemokratiet	Coalition	Centre-left	KristensenHenrikDam	Kristensen, Henrik Dam	M	1957	
ParlaMint-DK-en_2021-04-27-20201-M104	ParlaMint-DK_20210427160534	Hansard of the session of the Danish Parliament (Folketinget), 20201, M104 (2021-04-27), preliminary version	2021-04-27	Unicameralism	Regeringen Mette Frederiksen	20201	M104	-	-	COVID	English	Regular	notMP	notMinister	SF	Socialistisk Folkeparti	-	Centre-left to left	DehnhardtKarinaLorentzen	Dehnhardt, Karina Lorentzen	F	1973	
ParlaMint-DK-en_2021-04-27-20201-M104	ParlaMint-DK_20210427160611	Hansard of the session of the Danish Parliament (Folketinget), 20201, M104 (2021-04-27), preliminary version	2021-04-27	Unicameralism	Regeringen Mette Frederiksen	20201	M104	-	-	COVID	English	Chairperson	MP	notMinister	S	Socialdemokratiet	Coalition	Centre-left	KristensenHenrikDam	Kristensen, Henrik Dam	M	1957	
ParlaMint-DK-en_2021-04-27-20201-M104	ParlaMint-DK_20210427160612	Hansard of the session of the Danish Parliament (Folketinget), 20201, M104 (2021-04-27), preliminary version	2021-04-27	Unicameralism	Regeringen Mette Frederiksen	20201	M104	-	-	COVID	English	Regular	MP	Minister	S	Socialdemokratiet	Coalition	Centre-left	HækkerupNick	Hækkerup, Nick	M	1968	
ParlaMint-DK-en_2021-04-27-20201-M104	ParlaMint-DK_20210427160623	Hansard of the session of the Danish Parliament (Folketinget), 20201, M104 (2021-04-27), preliminary version	2021-04-27	Unicameralism	Regeringen Mette Frederiksen	20201	M104	-	-	COVID	English	Chairperson	MP	notMinister	S	Socialdemokratiet	Coalition	Centre-left	KristensenHenrikDam	Kristensen, Henrik Dam	M	1957	
ParlaMint-DK-en_2021-04-27-20201-M104	ParlaMint-DK_20210427160638	Hansard of the session of the Danish Parliament (Folketinget), 20201, M104 (2021-04-27), preliminary version	2021-04-27	Unicameralism	Regeringen Mette Frederiksen	20201	M104	-	-	COVID	English	Regular	MP	notMinister	S	Socialdemokratiet	Coalition	Centre-left	BruusJeppe	Bruus, Jeppe	M	1978	
ParlaMint-DK-en_2021-04-27-20201-M104	ParlaMint-DK_20210427160929	Hansard of the session of the Danish Parliament (Folketinget), 20201, M104 (2021-04-27), preliminary version	2021-04-27	Unicameralism	Regeringen Mette Frederiksen	20201	M104	-	-	COVID	English	Chairperson	MP	notMinister	EL	Enhedslisten	-	Left to far-left	JuhlChristian	Juhl, Christian	M	1953	
ParlaMint-DK-en_2021-04-27-20201-M104	ParlaMint-DK_20210427160944	Hansard of the session of the Danish Parliament (Folketinget), 20201, M104 (2021-04-27), preliminary version	2021-04-27	Unicameralism	Regeringen Mette Frederiksen	20201	M104	-	-	COVID	English	Regular	MP	notMinister	V	Venstre	Opposition	Centre-right	JørgensenJanE	Jørgensen, Jan E.	M	1965	
ParlaMint-DK-en_2021-04-27-20201-M104	ParlaMint-DK_20210427161237	Hansard of the session of the Danish Parliament (Folketinget), 20201, M104 (2021-04-27), preliminary version	2021-04-27	Unicameralism	Regeringen Mette Frederiksen	20201	M104	-	-	COVID	English	Chairperson	MP	notMinister	EL	Enhedslisten	-	Left to far-left	JuhlChristian	Juhl, Christian	M	1953	
ParlaMint-DK-en_2021-04-27-20201-M104	ParlaMint-DK_20210427161250	Hansard of the session of the Danish Parliament (Folketinget), 20201, M104 (2021-04-27), preliminary version	2021-04-27	Unicameralism	Regeringen Mette Frederiksen	20201	M104	-	-	COVID	English	Regular	notMP	notMinister	SF	Socialistisk Folkeparti	-	Centre-left to left	DehnhardtKarinaLorentzen	Dehnhardt, Karina Lorentzen	F	1973	
ParlaMint-DK-en_2021-04-27-20201-M104	ParlaMint-DK_20210427161723	Hansard of the session of the Danish Parliament (Folketinget), 20201, M104 (2021-04-27), preliminary version	2021-04-27	Unicameralism	Regeringen Mette Frederiksen	20201	M104	-	-	COVID	English	Chairperson	MP	notMinister	EL	Enhedslisten	-	Left to far-left	JuhlChristian	Juhl, Christian	M	1953	
ParlaMint-DK-en_2021-04-27-20201-M104	ParlaMint-DK_20210427161753	Hansard of the session of the Danish Parliament (Folketinget), 20201, M104 (2021-04-27), preliminary version	2021-04-27	Unicameralism	Regeringen Mette Frederiksen	20201	M104	-	-	COVID	English	Regular	MP	notMinister	RV	Radikale Venstre	-	Centre to centre-left	HegaardKristian	Hegaard, Kristian	M	1991	
ParlaMint-DK-en_2021-04-27-20201-M104	ParlaMint-DK_20210427161934	Hansard of the session of the Danish Parliament (Folketinget), 20201, M104 (2021-04-27), preliminary version	2021-04-27	Unicameralism	Regeringen Mette Frederiksen	20201	M104	-	-	COVID	English	Chairperson	MP	notMinister	EL	Enhedslisten	-	Left to far-left	JuhlChristian	Juhl, Christian	M	1953	
ParlaMint-DK-en_2021-04-27-20201-M104	ParlaMint-DK_20210427161939	Hansard of the session of the Danish Parliament (Folketinget), 20201, M104 (2021-04-27), preliminary version	2021-04-27	Unicameralism	Regeringen Mette Frederiksen	20201	M104	-	-	COVID	English	Regular	MP	notMinister	S	Socialdemokratiet	Coalition	Centre-left	BruusJeppe	Bruus, Jeppe	M	1978	
ParlaMint-DK-en_2021-04-27-20201-M104	ParlaMint-DK_20210427162039	Hansard of the session of the Danish Parliament (Folketinget), 20201, M104 (2021-04-27), preliminary version	2021-04-27	Unicameralism	Regeringen Mette Frederiksen	20201	M104	-	-	COVID	English	Chairperson	MP	notMinister	EL	Enhedslisten	-	Left to far-left	JuhlChristian	Juhl, Christian	M	1953	
ParlaMint-DK-en_2021-04-27-20201-M104	ParlaMint-DK_20210427162040	Hansard of the session of the Danish Parliament (Folketinget), 20201, M104 (2021-04-27), preliminary version	2021-04-27	Unicameralism	Regeringen Mette Frederiksen	20201	M104	-	-	COVID	English	Regular	MP	notMinister	RV	Radikale Venstre	-	Centre to centre-left	HegaardKristian	Hegaard, Kristian	M	1991	
ParlaMint-DK-en_2021-04-27-20201-M104	ParlaMint-DK_20210427162126	Hansard of the session of the Danish Parliament (Folketinget), 20201, M104 (2021-04-27), preliminary version	2021-04-27	Unicameralism	Regeringen Mette Frederiksen	20201	M104	-	-	COVID	English	Chairperson	MP	notMinister	EL	Enhedslisten	-	Left to far-left	JuhlChristian	Juhl, Christian	M	1953	
ParlaMint-DK-en_2021-04-27-20201-M104	ParlaMint-DK_20210427162128	Hansard of the session of the Danish Parliament (Folketinget), 20201, M104 (2021-04-27), preliminary version	2021-04-27	Unicameralism	Regeringen Mette Frederiksen	20201	M104	-	-	COVID	English	Regular	MP	notMinister	S	Socialdemokratiet	Coalition	Centre-left	BruusJeppe	Bruus, Jeppe	M	1978	
ParlaMint-DK-en_2021-04-27-20201-M104	ParlaMint-DK_20210427162227	Hansard of the session of the Danish Parliament (Folketinget), 20201, M104 (2021-04-27), preliminary version	2021-04-27	Unicameralism	Regeringen Mette Frederiksen	20201	M104	-	-	COVID	English	Chairperson	MP	notMinister	EL	Enhedslisten	-	Left to far-left	JuhlChristian	Juhl, Christian	M	1953	
ParlaMint-DK-en_2021-04-27-20201-M104	ParlaMint-DK_20210427162228	Hansard of the session of the Danish Parliament (Folketinget), 20201, M104 (2021-04-27), preliminary version	2021-04-27	Unicameralism	Regeringen Mette Frederiksen	20201	M104	-	-	COVID	English	Regular	MP	notMinister	RV	Radikale Venstre	-	Centre to centre-left	HegaardKristian	Hegaard, Kristian	M	1991	
ParlaMint-DK-en_2021-04-27-20201-M104	ParlaMint-DK_20210427162315	Hansard of the session of the Danish Parliament (Folketinget), 20201, M104 (2021-04-27), preliminary version	2021-04-27	Unicameralism	Regeringen Mette Frederiksen	20201	M104	-	-	COVID	English	Chairperson	MP	notMinister	EL	Enhedslisten	-	Left to far-left	JuhlChristian	Juhl, Christian	M	1953	
ParlaMint-DK-en_2021-04-27-20201-M104	ParlaMint-DK_20210427162317	Hansard of the session of the Danish Parliament (Folketinget), 20201, M104 (2021-04-27), preliminary version	2021-04-27	Unicameralism	Regeringen Mette Frederiksen	20201	M104	-	-	COVID	English	Regular	MP	notMinister	DF	Dansk Folkeparti	Opposition	Right	SkaarupPeter	Skaarup, Peter	M	1964	
ParlaMint-DK-en_2021-04-27-20201-M104	ParlaMint-DK_20210427162417	Hansard of the session of the Danish Parliament (Folketinget), 20201, M104 (2021-04-27), preliminary version	2021-04-27	Unicameralism	Regeringen Mette Frederiksen	20201	M104	-	-	COVID	English	Chairperson	MP	notMinister	EL	Enhedslisten	-	Left to far-left	JuhlChristian	Juhl, Christian	M	1953	
ParlaMint-DK-en_2021-04-27-20201-M104	ParlaMint-DK_20210427162419	Hansard of the session of the Danish Parliament (Folketinget), 20201, M104 (2021-04-27), preliminary version	2021-04-27	Unicameralism	Regeringen Mette Frederiksen	20201	M104	-	-	COVID	English	Regular	MP	notMinister	RV	Radikale Venstre	-	Centre to centre-left	HegaardKristian	Hegaard, Kristian	M	1991	
ParlaMint-DK-en_2021-04-27-20201-M104	ParlaMint-DK_20210427162457	Hansard of the session of the Danish Parliament (Folketinget), 20201, M104 (2021-04-27), preliminary version	2021-04-27	Unicameralism	Regeringen Mette Frederiksen	20201	M104	-	-	COVID	English	Chairperson	MP	notMinister	EL	Enhedslisten	-	Left to far-left	JuhlChristian	Juhl, Christian	M	1953	
ParlaMint-DK-en_2021-04-27-20201-M104	ParlaMint-DK_20210427162458	Hansard of the session of the Danish Parliament (Folketinget), 20201, M104 (2021-04-27), preliminary version	2021-04-27	Unicameralism	Regeringen Mette Frederiksen	20201	M104	-	-	COVID	English	Regular	MP	notMinister	DF	Dansk Folkeparti	Opposition	Right	SkaarupPeter	Skaarup, Peter	M	1964	
ParlaMint-DK-en_2021-04-27-20201-M104	ParlaMint-DK_20210427162543	Hansard of the session of the Danish Parliament (Folketinget), 20201, M104 (2021-04-27), preliminary version	2021-04-27	Unicameralism	Regeringen Mette Frederiksen	20201	M104	-	-	COVID	English	Chairperson	MP	notMinister	EL	Enhedslisten	-	Left to far-left	JuhlChristian	Juhl, Christian	M	1953	
ParlaMint-DK-en_2021-04-27-20201-M104	ParlaMint-DK_20210427162548	Hansard of the session of the Danish Parliament (Folketinget), 20201, M104 (2021-04-27), preliminary version	2021-04-27	Unicameralism	Regeringen Mette Frederiksen	20201	M104	-	-	COVID	English	Regular	MP	notMinister	RV	Radikale Venstre	-	Centre to centre-left	HegaardKristian	Hegaard, Kristian	M	1991	
ParlaMint-DK-en_2021-04-27-20201-M104	ParlaMint-DK_20210427162620	Hansard of the session of the Danish Parliament (Folketinget), 20201, M104 (2021-04-27), preliminary version	2021-04-27	Unicameralism	Regeringen Mette Frederiksen	20201	M104	-	-	COVID	English	Chairperson	MP	notMinister	EL	Enhedslisten	-	Left to far-left	JuhlChristian	Juhl, Christian	M	1953	
ParlaMint-DK-en_2021-04-27-20201-M104	ParlaMint-DK_20210427162640	Hansard of the session of the Danish Parliament (Folketinget), 20201, M104 (2021-04-27), preliminary version	2021-04-27	Unicameralism	Regeringen Mette Frederiksen	20201	M104	-	-	COVID	English	Regular	MP	notMinister	EL	Enhedslisten	-	Left to far-left	LundRosa	Lund, Rosa	F	1986	
ParlaMint-DK-en_2021-04-27-20201-M104	ParlaMint-DK_20210427162955	Hansard of the session of the Danish Parliament (Folketinget), 20201, M104 (2021-04-27), preliminary version	2021-04-27	Unicameralism	Regeringen Mette Frederiksen	20201	M104	-	-	COVID	English	Chairperson	MP	notMinister	EL	Enhedslisten	-	Left to far-left	JuhlChristian	Juhl, Christian	M	1953	
ParlaMint-DK-en_2021-04-27-20201-M104	ParlaMint-DK_20210427162958	Hansard of the session of the Danish Parliament (Folketinget), 20201, M104 (2021-04-27), preliminary version	2021-04-27	Unicameralism	Regeringen Mette Frederiksen	20201	M104	-	-	COVID	English	Regular	MP	notMinister	S	Socialdemokratiet	Coalition	Centre-left	BruusJeppe	Bruus, Jeppe	M	1978	
ParlaMint-DK-en_2021-04-27-20201-M104	ParlaMint-DK_20210427163055	Hansard of the session of the Danish Parliament (Folketinget), 20201, M104 (2021-04-27), preliminary version	2021-04-27	Unicameralism	Regeringen Mette Frederiksen	20201	M104	-	-	COVID	English	Chairperson	MP	notMinister	EL	Enhedslisten	-	Left to far-left	JuhlChristian	Juhl, Christian	M	1953	
ParlaMint-DK-en_2021-04-27-20201-M104	ParlaMint-DK_20210427163057	Hansard of the session of the Danish Parliament (Folketinget), 20201, M104 (2021-04-27), preliminary version	2021-04-27	Unicameralism	Regeringen Mette Frederiksen	20201	M104	-	-	COVID	English	Regular	MP	notMinister	EL	Enhedslisten	-	Left to far-left	LundRosa	Lund, Rosa	F	1986	
ParlaMint-DK-en_2021-04-27-20201-M104	ParlaMint-DK_20210427163146	Hansard of the session of the Danish Parliament (Folketinget), 20201, M104 (2021-04-27), preliminary version	2021-04-27	Unicameralism	Regeringen Mette Frederiksen	20201	M104	-	-	COVID	English	Chairperson	MP	notMinister	EL	Enhedslisten	-	Left to far-left	JuhlChristian	Juhl, Christian	M	1953	
ParlaMint-DK-en_2021-04-27-20201-M104	ParlaMint-DK_20210427163147	Hansard of the session of the Danish Parliament (Folketinget), 20201, M104 (2021-04-27), preliminary version	2021-04-27	Unicameralism	Regeringen Mette Frederiksen	20201	M104	-	-	COVID	English	Regular	MP	notMinister	S	Socialdemokratiet	Coalition	Centre-left	BruusJeppe	Bruus, Jeppe	M	1978	
ParlaMint-DK-en_2021-04-27-20201-M104	ParlaMint-DK_20210427163234	Hansard of the session of the Danish Parliament (Folketinget), 20201, M104 (2021-04-27), preliminary version	2021-04-27	Unicameralism	Regeringen Mette Frederiksen	20201	M104	-	-	COVID	English	Chairperson	MP	notMinister	EL	Enhedslisten	-	Left to far-left	JuhlChristian	Juhl, Christian	M	1953	
ParlaMint-DK-en_2021-04-27-20201-M104	ParlaMint-DK_20210427163235	Hansard of the session of the Danish Parliament (Folketinget), 20201, M104 (2021-04-27), preliminary version	2021-04-27	Unicameralism	Regeringen Mette Frederiksen	20201	M104	-	-	COVID	English	Regular	MP	notMinister	EL	Enhedslisten	-	Left to far-left	LundRosa	Lund, Rosa	F	1986	
ParlaMint-DK-en_2021-04-27-20201-M104	ParlaMint-DK_20210427163242	Hansard of the session of the Danish Parliament (Folketinget), 20201, M104 (2021-04-27), preliminary version	2021-04-27	Unicameralism	Regeringen Mette Frederiksen	20201	M104	-	-	COVID	English	Chairperson	MP	notMinister	EL	Enhedslisten	-	Left to far-left	JuhlChristian	Juhl, Christian	M	1953	
ParlaMint-DK-en_2021-04-27-20201-M104	ParlaMint-DK_20210427163244	Hansard of the session of the Danish Parliament (Folketinget), 20201, M104 (2021-04-27), preliminary version	2021-04-27	Unicameralism	Regeringen Mette Frederiksen	20201	M104	-	-	COVID	English	Regular	MP	notMinister	V	Venstre	Opposition	Centre-right	JørgensenJanE	Jørgensen, Jan E.	M	1965	
ParlaMint-DK-en_2021-04-27-20201-M104	ParlaMint-DK_20210427163312	Hansard of the session of the Danish Parliament (Folketinget), 20201, M104 (2021-04-27), preliminary version	2021-04-27	Unicameralism	Regeringen Mette Frederiksen	20201	M104	-	-	COVID	English	Chairperson	MP	notMinister	EL	Enhedslisten	-	Left to far-left	JuhlChristian	Juhl, Christian	M	1953	
ParlaMint-DK-en_2021-04-27-20201-M104	ParlaMint-DK_20210427163313	Hansard of the session of the Danish Parliament (Folketinget), 20201, M104 (2021-04-27), preliminary version	2021-04-27	Unicameralism	Regeringen Mette Frederiksen	20201	M104	-	-	COVID	English	Regular	MP	notMinister	EL	Enhedslisten	-	Left to far-left	LundRosa	Lund, Rosa	F	1986	
ParlaMint-DK-en_2021-04-27-20201-M104	ParlaMint-DK_20210427163342	Hansard of the session of the Danish Parliament (Folketinget), 20201, M104 (2021-04-27), preliminary version	2021-04-27	Unicameralism	Regeringen Mette Frederiksen	20201	M104	-	-	COVID	English	Chairperson	MP	notMinister	EL	Enhedslisten	-	Left to far-left	JuhlChristian	Juhl, Christian	M	1953	
ParlaMint-DK-en_2021-04-27-20201-M104	ParlaMint-DK_20210427163343	Hansard of the session of the Danish Parliament (Folketinget), 20201, M104 (2021-04-27), preliminary version	2021-04-27	Unicameralism	Regeringen Mette Frederiksen	20201	M104	-	-	COVID	English	Regular	MP	notMinister	V	Venstre	Opposition	Centre-right	JørgensenJanE	Jørgensen, Jan E.	M	1965	
ParlaMint-DK-en_2021-04-27-20201-M104	ParlaMint-DK_20210427163442	Hansard of the session of the Danish Parliament (Folketinget), 20201, M104 (2021-04-27), preliminary version	2021-04-27	Unicameralism	Regeringen Mette Frederiksen	20201	M104	-	-	COVID	English	Chairperson	MP	notMinister	EL	Enhedslisten	-	Left to far-left	JuhlChristian	Juhl, Christian	M	1953	
ParlaMint-DK-en_2021-04-27-20201-M104	ParlaMint-DK_20210427163443	Hansard of the session of the Danish Parliament (Folketinget), 20201, M104 (2021-04-27), preliminary version	2021-04-27	Unicameralism	Regeringen Mette Frederiksen	20201	M104	-	-	COVID	English	Regular	MP	notMinister	EL	Enhedslisten	-	Left to far-left	LundRosa	Lund, Rosa	F	1986	
ParlaMint-DK-en_2021-04-27-20201-M104	ParlaMint-DK_20210427163518	Hansard of the session of the Danish Parliament (Folketinget), 20201, M104 (2021-04-27), preliminary version	2021-04-27	Unicameralism	Regeringen Mette Frederiksen	20201	M104	-	-	COVID	English	Chairperson	MP	notMinister	EL	Enhedslisten	-	Left to far-left	JuhlChristian	Juhl, Christian	M	1953	
ParlaMint-DK-en_2021-04-27-20201-M104	ParlaMint-DK_20210427163529	Hansard of the session of the Danish Parliament (Folketinget), 20201, M104 (2021-04-27), preliminary version	2021-04-27	Unicameralism	Regeringen Mette Frederiksen	20201	M104	-	-	COVID	English	Regular	MP	notMinister	DF	Dansk Folkeparti	Opposition	Right	SkaarupPeter	Skaarup, Peter	M	1964	
ParlaMint-DK-en_2021-04-27-20201-M104	ParlaMint-DK_20210427163641	Hansard of the session of the Danish Parliament (Folketinget), 20201, M104 (2021-04-27), preliminary version	2021-04-27	Unicameralism	Regeringen Mette Frederiksen	20201	M104	-	-	COVID	English	Chairperson	MP	notMinister	EL	Enhedslisten	-	Left to far-left	JuhlChristian	Juhl, Christian	M	1953	
ParlaMint-DK-en_2021-04-27-20201-M104	ParlaMint-DK_20210427163642	Hansard of the session of the Danish Parliament (Folketinget), 20201, M104 (2021-04-27), preliminary version	2021-04-27	Unicameralism	Regeringen Mette Frederiksen	20201	M104	-	-	COVID	English	Regular	MP	notMinister	EL	Enhedslisten	-	Left to far-left	LundRosa	Lund, Rosa	F	1986	
ParlaMint-DK-en_2021-04-27-20201-M104	ParlaMint-DK_20210427163714	Hansard of the session of the Danish Parliament (Folketinget), 20201, M104 (2021-04-27), preliminary version	2021-04-27	Unicameralism	Regeringen Mette Frederiksen	20201	M104	-	-	COVID	English	Chairperson	MP	notMinister	EL	Enhedslisten	-	Left to far-left	JuhlChristian	Juhl, Christian	M	1953	
ParlaMint-DK-en_2021-04-27-20201-M104	ParlaMint-DK_20210427163733	Hansard of the session of the Danish Parliament (Folketinget), 20201, M104 (2021-04-27), preliminary version	2021-04-27	Unicameralism	Regeringen Mette Frederiksen	20201	M104	-	-	COVID	English	Regular	MP	notMinister	KF	Det Konservative Folkeparti	Opposition	Centre-right	AndersenMads	Andersen, Mads	M	1989	
ParlaMint-DK-en_2021-04-27-20201-M104	ParlaMint-DK_20210427163911	Hansard of the session of the Danish Parliament (Folketinget), 20201, M104 (2021-04-27), preliminary version	2021-04-27	Unicameralism	Regeringen Mette Frederiksen	20201	M104	-	-	COVID	English	Chairperson	MP	notMinister	EL	Enhedslisten	-	Left to far-left	JuhlChristian	Juhl, Christian	M	1953	
ParlaMint-DK-en_2021-04-27-20201-M104	ParlaMint-DK_20210427163927	Hansard of the session of the Danish Parliament (Folketinget), 20201, M104 (2021-04-27), preliminary version	2021-04-27	Unicameralism	Regeringen Mette Frederiksen	20201	M104	-	-	COVID	English	Regular	MP	notMinister	NB	Nye Borgerlige	Opposition	Right to far-right	VermundPernille	Vermund, Pernille	F	1975	
ParlaMint-DK-en_2021-04-27-20201-M104	ParlaMint-DK_20210427164140	Hansard of the session of the Danish Parliament (Folketinget), 20201, M104 (2021-04-27), preliminary version	2021-04-27	Unicameralism	Regeringen Mette Frederiksen	20201	M104	-	-	COVID	English	Chairperson	MP	notMinister	EL	Enhedslisten	-	Left to far-left	JuhlChristian	Juhl, Christian	M	1953	
ParlaMint-DK-en_2021-04-27-20201-M104	ParlaMint-DK_20210427164154	Hansard of the session of the Danish Parliament (Folketinget), 20201, M104 (2021-04-27), preliminary version	2021-04-27	Unicameralism	Regeringen Mette Frederiksen	20201	M104	-	-	COVID	English	Regular	MP	notMinister	LA	Liberal Alliance	Opposition	Centre-right to right	OlesenOleBirk	Olesen, Ole Birk	M	1972	
ParlaMint-DK-en_2021-04-27-20201-M104	ParlaMint-DK_20210427164559	Hansard of the session of the Danish Parliament (Folketinget), 20201, M104 (2021-04-27), preliminary version	2021-04-27	Unicameralism	Regeringen Mette Frederiksen	20201	M104	-	-	COVID	English	Chairperson	MP	notMinister	EL	Enhedslisten	-	Left to far-left	JuhlChristian	Juhl, Christian	M	1953	
ParlaMint-DK-en_2021-04-27-20201-M104	ParlaMint-DK_20210427164619	Hansard of the session of the Danish Parliament (Folketinget), 20201, M104 (2021-04-27), preliminary version	2021-04-27	Unicameralism	Regeringen Mette Frederiksen	20201	M104	-	-	COVID	English	Regular	MP	notMinister	DF	Dansk Folkeparti	Opposition	Right	SkaarupPeter	Skaarup, Peter	M	1964	
ParlaMint-DK-en_2021-04-27-20201-M104	ParlaMint-DK_20210427165142	Hansard of the session of the Danish Parliament (Folketinget), 20201, M104 (2021-04-27), preliminary version	2021-04-27	Unicameralism	Regeringen Mette Frederiksen	20201	M104	-	-	COVID	English	Chairperson	MP	notMinister	EL	Enhedslisten	-	Left to far-left	JuhlChristian	Juhl, Christian	M	1953	
ParlaMint-DK-en_2021-04-27-20201-M104	ParlaMint-DK_20210427165145	Hansard of the session of the Danish Parliament (Folketinget), 20201, M104 (2021-04-27), preliminary version	2021-04-27	Unicameralism	Regeringen Mette Frederiksen	20201	M104	-	-	COVID	English	Regular	MP	notMinister	RV	Radikale Venstre	-	Centre to centre-left	HegaardKristian	Hegaard, Kristian	M	1991	
ParlaMint-DK-en_2021-04-27-20201-M104	ParlaMint-DK_20210427165215	Hansard of the session of the Danish Parliament (Folketinget), 20201, M104 (2021-04-27), preliminary version	2021-04-27	Unicameralism	Regeringen Mette Frederiksen	20201	M104	-	-	COVID	English	Regular	MP	notMinister	DF	Dansk Folkeparti	Opposition	Right	SkaarupPeter	Skaarup, Peter	M	1964	
ParlaMint-DK-en_2021-04-27-20201-M104	ParlaMint-DK_20210427165320	Hansard of the session of the Danish Parliament (Folketinget), 20201, M104 (2021-04-27), preliminary version	2021-04-27	Unicameralism	Regeringen Mette Frederiksen	20201	M104	-	-	COVID	English	Chairperson	MP	notMinister	EL	Enhedslisten	-	Left to far-left	JuhlChristian	Juhl, Christian	M	1953	
ParlaMint-DK-en_2021-04-27-20201-M104	ParlaMint-DK_20210427165321	Hansard of the session of the Danish Parliament (Folketinget), 20201, M104 (2021-04-27), preliminary version	2021-04-27	Unicameralism	Regeringen Mette Frederiksen	20201	M104	-	-	COVID	English	Regular	MP	notMinister	RV	Radikale Venstre	-	Centre to centre-left	HegaardKristian	Hegaard, Kristian	M	1991	
ParlaMint-DK-en_2021-04-27-20201-M104	ParlaMint-DK_20210427165406	Hansard of the session of the Danish Parliament (Folketinget), 20201, M104 (2021-04-27), preliminary version	2021-04-27	Unicameralism	Regeringen Mette Frederiksen	20201	M104	-	-	COVID	English	Chairperson	MP	notMinister	EL	Enhedslisten	-	Left to far-left	JuhlChristian	Juhl, Christian	M	1953	
ParlaMint-DK-en_2021-04-27-20201-M104	ParlaMint-DK_20210427165408	Hansard of the session of the Danish Parliament (Folketinget), 20201, M104 (2021-04-27), preliminary version	2021-04-27	Unicameralism	Regeringen Mette Frederiksen	20201	M104	-	-	COVID	English	Regular	MP	notMinister	DF	Dansk Folkeparti	Opposition	Right	SkaarupPeter	Skaarup, Peter	M	1964	
ParlaMint-DK-en_2021-04-27-20201-M104	ParlaMint-DK_20210427165452	Hansard of the session of the Danish Parliament (Folketinget), 20201, M104 (2021-04-27), preliminary version	2021-04-27	Unicameralism	Regeringen Mette Frederiksen	20201	M104	-	-	COVID	English	Chairperson	MP	notMinister	EL	Enhedslisten	-	Left to far-left	JuhlChristian	Juhl, Christian	M	1953	
ParlaMint-DK-en_2021-04-27-20201-M104	ParlaMint-DK_20210427165515	Hansard of the session of the Danish Parliament (Folketinget), 20201, M104 (2021-04-27), preliminary version	2021-04-27	Unicameralism	Regeringen Mette Frederiksen	20201	M104	-	-	COVID	English	Chairperson	MP	notMinister	EL	Enhedslisten	-	Left to far-left	JuhlChristian	Juhl, Christian	M	1953	
ParlaMint-DK-en_2021-04-27-20201-M104	ParlaMint-DK_20210427165535	Hansard of the session of the Danish Parliament (Folketinget), 20201, M104 (2021-04-27), preliminary version	2021-04-27	Unicameralism	Regeringen Mette Frederiksen	20201	M104	-	-	COVID	English	Regular	MP	Minister	S	Socialdemokratiet	Coalition	Centre-left	HækkerupNick	Hækkerup, Nick	M	1968	
ParlaMint-DK-en_2021-04-27-20201-M104	ParlaMint-DK_20210427170227	Hansard of the session of the Danish Parliament (Folketinget), 20201, M104 (2021-04-27), preliminary version	2021-04-27	Unicameralism	Regeringen Mette Frederiksen	20201	M104	-	-	COVID	English	Chairperson	MP	notMinister	EL	Enhedslisten	-	Left to far-left	JuhlChristian	Juhl, Christian	M	1953	
ParlaMint-DK-en_2021-04-27-20201-M104	ParlaMint-DK_20210427170232	Hansard of the session of the Danish Parliament (Folketinget), 20201, M104 (2021-04-27), preliminary version	2021-04-27	Unicameralism	Regeringen Mette Frederiksen	20201	M104	-	-	COVID	English	Regular	MP	notMinister	DF	Dansk Folkeparti	Opposition	Right	SkaarupPeter	Skaarup, Peter	M	1964	
ParlaMint-DK-en_2021-04-27-20201-M104	ParlaMint-DK_20210427170348	Hansard of the session of the Danish Parliament (Folketinget), 20201, M104 (2021-04-27), preliminary version	2021-04-27	Unicameralism	Regeringen Mette Frederiksen	20201	M104	-	-	COVID	English	Chairperson	MP	notMinister	EL	Enhedslisten	-	Left to far-left	JuhlChristian	Juhl, Christian	M	1953	
ParlaMint-DK-en_2021-04-27-20201-M104	ParlaMint-DK_20210427170349	Hansard of the session of the Danish Parliament (Folketinget), 20201, M104 (2021-04-27), preliminary version	2021-04-27	Unicameralism	Regeringen Mette Frederiksen	20201	M104	-	-	COVID	English	Regular	MP	Minister	S	Socialdemokratiet	Coalition	Centre-left	HækkerupNick	Hækkerup, Nick	M	1968	
ParlaMint-DK-en_2021-04-27-20201-M104	ParlaMint-DK_20210427170456	Hansard of the session of the Danish Parliament (Folketinget), 20201, M104 (2021-04-27), preliminary version	2021-04-27	Unicameralism	Regeringen Mette Frederiksen	20201	M104	-	-	COVID	English	Chairperson	MP	notMinister	EL	Enhedslisten	-	Left to far-left	JuhlChristian	Juhl, Christian	M	1953	
ParlaMint-DK-en_2021-04-27-20201-M104	ParlaMint-DK_20210427170458	Hansard of the session of the Danish Parliament (Folketinget), 20201, M104 (2021-04-27), preliminary version	2021-04-27	Unicameralism	Regeringen Mette Frederiksen	20201	M104	-	-	COVID	English	Regular	MP	notMinister	DF	Dansk Folkeparti	Opposition	Right	SkaarupPeter	Skaarup, Peter	M	1964	
ParlaMint-DK-en_2021-04-27-20201-M104	ParlaMint-DK_20210427170543	Hansard of the session of the Danish Parliament (Folketinget), 20201, M104 (2021-04-27), preliminary version	2021-04-27	Unicameralism	Regeringen Mette Frederiksen	20201	M104	-	-	COVID	English	Chairperson	MP	notMinister	EL	Enhedslisten	-	Left to far-left	JuhlChristian	Juhl, Christian	M	1953	
ParlaMint-DK-en_2021-04-27-20201-M104	ParlaMint-DK_20210427170544	Hansard of the session of the Danish Parliament (Folketinget), 20201, M104 (2021-04-27), preliminary version	2021-04-27	Unicameralism	Regeringen Mette Frederiksen	20201	M104	-	-	COVID	English	Regular	MP	Minister	S	Socialdemokratiet	Coalition	Centre-left	HækkerupNick	Hækkerup, Nick	M	1968	
ParlaMint-DK-en_2021-04-27-20201-M104	ParlaMint-DK_20210427170618	Hansard of the session of the Danish Parliament (Folketinget), 20201, M104 (2021-04-27), preliminary version	2021-04-27	Unicameralism	Regeringen Mette Frederiksen	20201	M104	-	-	COVID	English	Chairperson	MP	notMinister	EL	Enhedslisten	-	Left to far-left	JuhlChristian	Juhl, Christian	M	1953	
ParlaMint-DK-en_2021-04-27-20201-M104	ParlaMint-DK_20210427170636	Hansard of the session of the Danish Parliament (Folketinget), 20201, M104 (2021-04-27), preliminary version	2021-04-27	Unicameralism	Regeringen Mette Frederiksen	20201	M104	-	-	COVID	English	Regular	MP	notMinister	S	Socialdemokratiet	Coalition	Centre-left	BruusJeppe	Bruus, Jeppe	M	1978	
ParlaMint-DK-en_2021-04-27-20201-M104	ParlaMint-DK_20210427170919	Hansard of the session of the Danish Parliament (Folketinget), 20201, M104 (2021-04-27), preliminary version	2021-04-27	Unicameralism	Regeringen Mette Frederiksen	20201	M104	-	-	COVID	English	Chairperson	MP	notMinister	EL	Enhedslisten	-	Left to far-left	JuhlChristian	Juhl, Christian	M	1953	
ParlaMint-DK-en_2021-04-27-20201-M104	ParlaMint-DK_20210427170937	Hansard of the session of the Danish Parliament (Folketinget), 20201, M104 (2021-04-27), preliminary version	2021-04-27	Unicameralism	Regeringen Mette Frederiksen	20201	M104	-	-	COVID	English	Regular	MP	notMinister	V	Venstre	Opposition	Centre-right	DahlinMorten	Dahlin, Morten	M	1989	
ParlaMint-DK-en_2021-04-27-20201-M104	ParlaMint-DK_20210427171259	Hansard of the session of the Danish Parliament (Folketinget), 20201, M104 (2021-04-27), preliminary version	2021-04-27	Unicameralism	Regeringen Mette Frederiksen	20201	M104	-	-	COVID	English	Chairperson	MP	notMinister	EL	Enhedslisten	-	Left to far-left	JuhlChristian	Juhl, Christian	M	1953	
ParlaMint-DK-en_2021-04-27-20201-M104	ParlaMint-DK_20210427171317	Hansard of the session of the Danish Parliament (Folketinget), 20201, M104 (2021-04-27), preliminary version	2021-04-27	Unicameralism	Regeringen Mette Frederiksen	20201	M104	-	-	COVID	English	Regular	notMP	notMinister	SF	Socialistisk Folkeparti	-	Centre-left to left	DehnhardtKarinaLorentzen	Dehnhardt, Karina Lorentzen	F	1973	
ParlaMint-DK-en_2021-04-27-20201-M104	ParlaMint-DK_20210427171831	Hansard of the session of the Danish Parliament (Folketinget), 20201, M104 (2021-04-27), preliminary version	2021-04-27	Unicameralism	Regeringen Mette Frederiksen	20201	M104	-	-	COVID	English	Chairperson	MP	notMinister	EL	Enhedslisten	-	Left to far-left	JuhlChristian	Juhl, Christian	M	1953	
ParlaMint-DK-en_2021-04-27-20201-M104	ParlaMint-DK_20210427171836	Hansard of the session of the Danish Parliament (Folketinget), 20201, M104 (2021-04-27), preliminary version	2021-04-27	Unicameralism	Regeringen Mette Frederiksen	20201	M104	-	-	COVID	English	Regular	MP	notMinister	LA	Liberal Alliance	Opposition	Centre-right to right	OlesenOleBirk	Olesen, Ole Birk	M	1972	
ParlaMint-DK-en_2021-04-27-20201-M104	ParlaMint-DK_20210427171931	Hansard of the session of the Danish Parliament (Folketinget), 20201, M104 (2021-04-27), preliminary version	2021-04-27	Unicameralism	Regeringen Mette Frederiksen	20201	M104	-	-	COVID	English	Chairperson	MP	notMinister	EL	Enhedslisten	-	Left to far-left	JuhlChristian	Juhl, Christian	M	1953	
ParlaMint-DK-en_2021-04-27-20201-M104	ParlaMint-DK_20210427171932	Hansard of the session of the Danish Parliament (Folketinget), 20201, M104 (2021-04-27), preliminary version	2021-04-27	Unicameralism	Regeringen Mette Frederiksen	20201	M104	-	-	COVID	English	Regular	notMP	notMinister	SF	Socialistisk Folkeparti	-	Centre-left to left	DehnhardtKarinaLorentzen	Dehnhardt, Karina Lorentzen	F	1973	
ParlaMint-DK-en_2021-04-27-20201-M104	ParlaMint-DK_20210427171958	Hansard of the session of the Danish Parliament (Folketinget), 20201, M104 (2021-04-27), preliminary version	2021-04-27	Unicameralism	Regeringen Mette Frederiksen	20201	M104	-	-	COVID	English	Chairperson	MP	notMinister	EL	Enhedslisten	-	Left to far-left	JuhlChristian	Juhl, Christian	M	1953	
ParlaMint-DK-en_2021-04-27-20201-M104	ParlaMint-DK_20210427172000	Hansard of the session of the Danish Parliament (Folketinget), 20201, M104 (2021-04-27), preliminary version	2021-04-27	Unicameralism	Regeringen Mette Frederiksen	20201	M104	-	-	COVID	English	Regular	MP	notMinister	LA	Liberal Alliance	Opposition	Centre-right to right	OlesenOleBirk	Olesen, Ole Birk	M	1972	
ParlaMint-DK-en_2021-04-27-20201-M104	ParlaMint-DK_20210427172029	Hansard of the session of the Danish Parliament (Folketinget), 20201, M104 (2021-04-27), preliminary version	2021-04-27	Unicameralism	Regeringen Mette Frederiksen	20201	M104	-	-	COVID	English	Chairperson	MP	notMinister	EL	Enhedslisten	-	Left to far-left	JuhlChristian	Juhl, Christian	M	1953	
ParlaMint-DK-en_2021-04-27-20201-M104	ParlaMint-DK_20210427172031	Hansard of the session of the Danish Parliament (Folketinget), 20201, M104 (2021-04-27), preliminary version	2021-04-27	Unicameralism	Regeringen Mette Frederiksen	20201	M104	-	-	COVID	English	Regular	notMP	notMinister	SF	Socialistisk Folkeparti	-	Centre-left to left	DehnhardtKarinaLorentzen	Dehnhardt, Karina Lorentzen	F	1973	
ParlaMint-DK-en_2021-04-27-20201-M104	ParlaMint-DK_20210427172054	Hansard of the session of the Danish Parliament (Folketinget), 20201, M104 (2021-04-27), preliminary version	2021-04-27	Unicameralism	Regeringen Mette Frederiksen	20201	M104	-	-	COVID	English	Chairperson	MP	notMinister	EL	Enhedslisten	-	Left to far-left	JuhlChristian	Juhl, Christian	M	1953	
ParlaMint-DK-en_2021-04-27-20201-M104	ParlaMint-DK_20210427172117	Hansard of the session of the Danish Parliament (Folketinget), 20201, M104 (2021-04-27), preliminary version	2021-04-27	Unicameralism	Regeringen Mette Frederiksen	20201	M104	-	-	COVID	English	Regular	MP	notMinister	RV	Radikale Venstre	-	Centre to centre-left	HegaardKristian	Hegaard, Kristian	M	1991	
ParlaMint-DK-en_2021-04-27-20201-M104	ParlaMint-DK_20210427172432	Hansard of the session of the Danish Parliament (Folketinget), 20201, M104 (2021-04-27), preliminary version	2021-04-27	Unicameralism	Regeringen Mette Frederiksen	20201	M104	-	-	COVID	English	Chairperson	MP	notMinister	EL	Enhedslisten	-	Left to far-left	JuhlChristian	Juhl, Christian	M	1953	
ParlaMint-DK-en_2021-04-27-20201-M104	ParlaMint-DK_20210427172450	Hansard of the session of the Danish Parliament (Folketinget), 20201, M104 (2021-04-27), preliminary version	2021-04-27	Unicameralism	Regeringen Mette Frederiksen	20201	M104	-	-	COVID	English	Regular	MP	notMinister	EL	Enhedslisten	-	Left to far-left	LundRosa	Lund, Rosa	F	1986	
ParlaMint-DK-en_2021-04-27-20201-M104	ParlaMint-DK_20210427172937	Hansard of the session of the Danish Parliament (Folketinget), 20201, M104 (2021-04-27), preliminary version	2021-04-27	Unicameralism	Regeringen Mette Frederiksen	20201	M104	-	-	COVID	English	Chairperson	MP	notMinister	SF	Socialistisk Folkeparti	-	Centre-left to left	TorpTrine	Torp, Trine	F	1970	
ParlaMint-DK-en_2021-04-27-20201-M104	ParlaMint-DK_20210427172942	Hansard of the session of the Danish Parliament (Folketinget), 20201, M104 (2021-04-27), preliminary version	2021-04-27	Unicameralism	Regeringen Mette Frederiksen	20201	M104	-	-	COVID	English	Regular	MP	notMinister	NB	Nye Borgerlige	Opposition	Right to far-right	VermundPernille	Vermund, Pernille	F	1975	
ParlaMint-DK-en_2021-04-27-20201-M104	ParlaMint-DK_20210427173009	Hansard of the session of the Danish Parliament (Folketinget), 20201, M104 (2021-04-27), preliminary version	2021-04-27	Unicameralism	Regeringen Mette Frederiksen	20201	M104	-	-	COVID	English	Chairperson	MP	notMinister	SF	Socialistisk Folkeparti	-	Centre-left to left	TorpTrine	Torp, Trine	F	1970	
ParlaMint-DK-en_2021-04-27-20201-M104	ParlaMint-DK_20210427173011	Hansard of the session of the Danish Parliament (Folketinget), 20201, M104 (2021-04-27), preliminary version	2021-04-27	Unicameralism	Regeringen Mette Frederiksen	20201	M104	-	-	COVID	English	Regular	MP	notMinister	EL	Enhedslisten	-	Left to far-left	LundRosa	Lund, Rosa	F	1986	
ParlaMint-DK-en_2021-04-27-20201-M104	ParlaMint-DK_20210427173019	Hansard of the session of the Danish Parliament (Folketinget), 20201, M104 (2021-04-27), preliminary version	2021-04-27	Unicameralism	Regeringen Mette Frederiksen	20201	M104	-	-	COVID	English	Chairperson	MP	notMinister	SF	Socialistisk Folkeparti	-	Centre-left to left	TorpTrine	Torp, Trine	F	1970	
ParlaMint-DK-en_2021-04-27-20201-M104	ParlaMint-DK_20210427173021	Hansard of the session of the Danish Parliament (Folketinget), 20201, M104 (2021-04-27), preliminary version	2021-04-27	Unicameralism	Regeringen Mette Frederiksen	20201	M104	-	-	COVID	English	Regular	MP	notMinister	NB	Nye Borgerlige	Opposition	Right to far-right	VermundPernille	Vermund, Pernille	F	1975	
ParlaMint-DK-en_2021-04-27-20201-M104	ParlaMint-DK_20210427173037	Hansard of the session of the Danish Parliament (Folketinget), 20201, M104 (2021-04-27), preliminary version	2021-04-27	Unicameralism	Regeringen Mette Frederiksen	20201	M104	-	-	COVID	English	Chairperson	MP	notMinister	SF	Socialistisk Folkeparti	-	Centre-left to left	TorpTrine	Torp, Trine	F	1970	
ParlaMint-DK-en_2021-04-27-20201-M104	ParlaMint-DK_20210427173039	Hansard of the session of the Danish Parliament (Folketinget), 20201, M104 (2021-04-27), preliminary version	2021-04-27	Unicameralism	Regeringen Mette Frederiksen	20201	M104	-	-	COVID	English	Regular	MP	notMinister	EL	Enhedslisten	-	Left to far-left	LundRosa	Lund, Rosa	F	1986	
ParlaMint-DK-en_2021-04-27-20201-M104	ParlaMint-DK_20210427173117	Hansard of the session of the Danish Parliament (Folketinget), 20201, M104 (2021-04-27), preliminary version	2021-04-27	Unicameralism	Regeringen Mette Frederiksen	20201	M104	-	-	COVID	English	Chairperson	MP	notMinister	SF	Socialistisk Folkeparti	-	Centre-left to left	TorpTrine	Torp, Trine	F	1970	
ParlaMint-DK-en_2021-04-27-20201-M104	ParlaMint-DK_20210427173137	Hansard of the session of the Danish Parliament (Folketinget), 20201, M104 (2021-04-27), preliminary version	2021-04-27	Unicameralism	Regeringen Mette Frederiksen	20201	M104	-	-	COVID	English	Regular	MP	notMinister	KF	Det Konservative Folkeparti	Opposition	Centre-right	AndersenMads	Andersen, Mads	M	1989	
ParlaMint-DK-en_2021-04-27-20201-M104	ParlaMint-DK_20210427173325	Hansard of the session of the Danish Parliament (Folketinget), 20201, M104 (2021-04-27), preliminary version	2021-04-27	Unicameralism	Regeringen Mette Frederiksen	20201	M104	-	-	COVID	English	Chairperson	MP	notMinister	SF	Socialistisk Folkeparti	-	Centre-left to left	TorpTrine	Torp, Trine	F	1970	
ParlaMint-DK-en_2021-04-27-20201-M104	ParlaMint-DK_20210427173338	Hansard of the session of the Danish Parliament (Folketinget), 20201, M104 (2021-04-27), preliminary version	2021-04-27	Unicameralism	Regeringen Mette Frederiksen	20201	M104	-	-	COVID	English	Regular	MP	notMinister	NB	Nye Borgerlige	Opposition	Right to far-right	VermundPernille	Vermund, Pernille	F	1975	
ParlaMint-DK-en_2021-04-27-20201-M104	ParlaMint-DK_20210427173748	Hansard of the session of the Danish Parliament (Folketinget), 20201, M104 (2021-04-27), preliminary version	2021-04-27	Unicameralism	Regeringen Mette Frederiksen	20201	M104	-	-	COVID	English	Chairperson	MP	notMinister	SF	Socialistisk Folkeparti	-	Centre-left to left	TorpTrine	Torp, Trine	F	1970	
ParlaMint-DK-en_2021-04-27-20201-M104	ParlaMint-DK_20210427173750	Hansard of the session of the Danish Parliament (Folketinget), 20201, M104 (2021-04-27), preliminary version	2021-04-27	Unicameralism	Regeringen Mette Frederiksen	20201	M104	-	-	COVID	English	Regular	MP	notMinister	DF	Dansk Folkeparti	Opposition	Right	SkaarupPeter	Skaarup, Peter	M	1964	
ParlaMint-DK-en_2021-04-27-20201-M104	ParlaMint-DK_20210427173850	Hansard of the session of the Danish Parliament (Folketinget), 20201, M104 (2021-04-27), preliminary version	2021-04-27	Unicameralism	Regeringen Mette Frederiksen	20201	M104	-	-	COVID	English	Chairperson	MP	notMinister	SF	Socialistisk Folkeparti	-	Centre-left to left	TorpTrine	Torp, Trine	F	1970	
ParlaMint-DK-en_2021-04-27-20201-M104	ParlaMint-DK_20210427173854	Hansard of the session of the Danish Parliament (Folketinget), 20201, M104 (2021-04-27), preliminary version	2021-04-27	Unicameralism	Regeringen Mette Frederiksen	20201	M104	-	-	COVID	English	Regular	MP	notMinister	NB	Nye Borgerlige	Opposition	Right to far-right	VermundPernille	Vermund, Pernille	F	1975	
ParlaMint-DK-en_2021-04-27-20201-M104	ParlaMint-DK_20210427174001	Hansard of the session of the Danish Parliament (Folketinget), 20201, M104 (2021-04-27), preliminary version	2021-04-27	Unicameralism	Regeringen Mette Frederiksen	20201	M104	-	-	COVID	English	Chairperson	MP	notMinister	SF	Socialistisk Folkeparti	-	Centre-left to left	TorpTrine	Torp, Trine	F	1970	
ParlaMint-DK-en_2021-04-27-20201-M104	ParlaMint-DK_20210427174003	Hansard of the session of the Danish Parliament (Folketinget), 20201, M104 (2021-04-27), preliminary version	2021-04-27	Unicameralism	Regeringen Mette Frederiksen	20201	M104	-	-	COVID	English	Regular	MP	notMinister	DF	Dansk Folkeparti	Opposition	Right	SkaarupPeter	Skaarup, Peter	M	1964	
ParlaMint-DK-en_2021-04-27-20201-M104	ParlaMint-DK_20210427174046	Hansard of the session of the Danish Parliament (Folketinget), 20201, M104 (2021-04-27), preliminary version	2021-04-27	Unicameralism	Regeringen Mette Frederiksen	20201	M104	-	-	COVID	English	Chairperson	MP	notMinister	SF	Socialistisk Folkeparti	-	Centre-left to left	TorpTrine	Torp, Trine	F	1970	
ParlaMint-DK-en_2021-04-27-20201-M104	ParlaMint-DK_20210427174047	Hansard of the session of the Danish Parliament (Folketinget), 20201, M104 (2021-04-27), preliminary version	2021-04-27	Unicameralism	Regeringen Mette Frederiksen	20201	M104	-	-	COVID	English	Regular	MP	notMinister	NB	Nye Borgerlige	Opposition	Right to far-right	VermundPernille	Vermund, Pernille	F	1975	
ParlaMint-DK-en_2021-04-27-20201-M104	ParlaMint-DK_20210427174134	Hansard of the session of the Danish Parliament (Folketinget), 20201, M104 (2021-04-27), preliminary version	2021-04-27	Unicameralism	Regeringen Mette Frederiksen	20201	M104	-	-	COVID	English	Chairperson	MP	notMinister	SF	Socialistisk Folkeparti	-	Centre-left to left	TorpTrine	Torp, Trine	F	1970	
ParlaMint-DK-en_2021-04-27-20201-M104	ParlaMint-DK_20210427174154	Hansard of the session of the Danish Parliament (Folketinget), 20201, M104 (2021-04-27), preliminary version	2021-04-27	Unicameralism	Regeringen Mette Frederiksen	20201	M104	-	-	COVID	English	Regular	MP	notMinister	LA	Liberal Alliance	Opposition	Centre-right to right	OlesenOleBirk	Olesen, Ole Birk	M	1972	
ParlaMint-DK-en_2021-04-27-20201-M104	ParlaMint-DK_20210427174423	Hansard of the session of the Danish Parliament (Folketinget), 20201, M104 (2021-04-27), preliminary version	2021-04-27	Unicameralism	Regeringen Mette Frederiksen	20201	M104	-	-	COVID	English	Chairperson	MP	notMinister	SF	Socialistisk Folkeparti	-	Centre-left to left	TorpTrine	Torp, Trine	F	1970	
ParlaMint-DK-en_2021-04-27-20201-M104	ParlaMint-DK_20210427174444	Hansard of the session of the Danish Parliament (Folketinget), 20201, M104 (2021-04-27), preliminary version	2021-04-27	Unicameralism	Regeringen Mette Frederiksen	20201	M104	-	-	COVID	English	Regular	MP	notMinister	DF	Dansk Folkeparti	Opposition	Right	SkaarupPeter	Skaarup, Peter	M	1964	
ParlaMint-DK-en_2021-04-27-20201-M104	ParlaMint-DK_20210427174859	Hansard of the session of the Danish Parliament (Folketinget), 20201, M104 (2021-04-27), preliminary version	2021-04-27	Unicameralism	Regeringen Mette Frederiksen	20201	M104	-	-	COVID	English	Chairperson	MP	notMinister	SF	Socialistisk Folkeparti	-	Centre-left to left	TorpTrine	Torp, Trine	F	1970	
ParlaMint-DK-en_2021-04-27-20201-M104	ParlaMint-DK_20210427174901	Hansard of the session of the Danish Parliament (Folketinget), 20201, M104 (2021-04-27), preliminary version	2021-04-27	Unicameralism	Regeringen Mette Frederiksen	20201	M104	-	-	COVID	English	Regular	MP	notMinister	NB	Nye Borgerlige	Opposition	Right to far-right	VermundPernille	Vermund, Pernille	F	1975	
ParlaMint-DK-en_2021-04-27-20201-M104	ParlaMint-DK_20210427174947	Hansard of the session of the Danish Parliament (Folketinget), 20201, M104 (2021-04-27), preliminary version	2021-04-27	Unicameralism	Regeringen Mette Frederiksen	20201	M104	-	-	COVID	English	Chairperson	MP	notMinister	SF	Socialistisk Folkeparti	-	Centre-left to left	TorpTrine	Torp, Trine	F	1970	
ParlaMint-DK-en_2021-04-27-20201-M104	ParlaMint-DK_20210427174948	Hansard of the session of the Danish Parliament (Folketinget), 20201, M104 (2021-04-27), preliminary version	2021-04-27	Unicameralism	Regeringen Mette Frederiksen	20201	M104	-	-	COVID	English	Regular	MP	notMinister	DF	Dansk Folkeparti	Opposition	Right	SkaarupPeter	Skaarup, Peter	M	1964	
ParlaMint-DK-en_2021-04-27-20201-M104	ParlaMint-DK_20210427175057	Hansard of the session of the Danish Parliament (Folketinget), 20201, M104 (2021-04-27), preliminary version	2021-04-27	Unicameralism	Regeringen Mette Frederiksen	20201	M104	-	-	COVID	English	Chairperson	MP	notMinister	SF	Socialistisk Folkeparti	-	Centre-left to left	TorpTrine	Torp, Trine	F	1970	
ParlaMint-DK-en_2021-04-27-20201-M104	ParlaMint-DK_20210427175110	Hansard of the session of the Danish Parliament (Folketinget), 20201, M104 (2021-04-27), preliminary version	2021-04-27	Unicameralism	Regeringen Mette Frederiksen	20201	M104	-	-	COVID	English	Regular	MP	notMinister	EL	Enhedslisten	-	Left to far-left	LundRosa	Lund, Rosa	F	1986	
ParlaMint-DK-en_2021-04-27-20201-M104	ParlaMint-DK_20210427175205	Hansard of the session of the Danish Parliament (Folketinget), 20201, M104 (2021-04-27), preliminary version	2021-04-27	Unicameralism	Regeringen Mette Frederiksen	20201	M104	-	-	COVID	English	Chairperson	MP	notMinister	SF	Socialistisk Folkeparti	-	Centre-left to left	TorpTrine	Torp, Trine	F	1970	
ParlaMint-DK-en_2021-04-27-20201-M104	ParlaMint-DK_20210427175207	Hansard of the session of the Danish Parliament (Folketinget), 20201, M104 (2021-04-27), preliminary version	2021-04-27	Unicameralism	Regeringen Mette Frederiksen	20201	M104	-	-	COVID	English	Regular	MP	notMinister	DF	Dansk Folkeparti	Opposition	Right	SkaarupPeter	Skaarup, Peter	M	1964	
ParlaMint-DK-en_2021-04-27-20201-M104	ParlaMint-DK_20210427175315	Hansard of the session of the Danish Parliament (Folketinget), 20201, M104 (2021-04-27), preliminary version	2021-04-27	Unicameralism	Regeringen Mette Frederiksen	20201	M104	-	-	COVID	English	Chairperson	MP	notMinister	SF	Socialistisk Folkeparti	-	Centre-left to left	TorpTrine	Torp, Trine	F	1970	
ParlaMint-DK-en_2021-04-27-20201-M104	ParlaMint-DK_20210427175318	Hansard of the session of the Danish Parliament (Folketinget), 20201, M104 (2021-04-27), preliminary version	2021-04-27	Unicameralism	Regeringen Mette Frederiksen	20201	M104	-	-	COVID	English	Regular	MP	notMinister	EL	Enhedslisten	-	Left to far-left	LundRosa	Lund, Rosa	F	1986	
ParlaMint-DK-en_2021-04-27-20201-M104	ParlaMint-DK_20210427175408	Hansard of the session of the Danish Parliament (Folketinget), 20201, M104 (2021-04-27), preliminary version	2021-04-27	Unicameralism	Regeringen Mette Frederiksen	20201	M104	-	-	COVID	English	Chairperson	MP	notMinister	SF	Socialistisk Folkeparti	-	Centre-left to left	TorpTrine	Torp, Trine	F	1970	
ParlaMint-DK-en_2021-04-27-20201-M104	ParlaMint-DK_20210427175410	Hansard of the session of the Danish Parliament (Folketinget), 20201, M104 (2021-04-27), preliminary version	2021-04-27	Unicameralism	Regeringen Mette Frederiksen	20201	M104	-	-	COVID	English	Regular	MP	notMinister	DF	Dansk Folkeparti	Opposition	Right	SkaarupPeter	Skaarup, Peter	M	1964	
ParlaMint-DK-en_2021-04-27-20201-M104	ParlaMint-DK_20210427175449	Hansard of the session of the Danish Parliament (Folketinget), 20201, M104 (2021-04-27), preliminary version	2021-04-27	Unicameralism	Regeringen Mette Frederiksen	20201	M104	-	-	COVID	English	Chairperson	MP	notMinister	SF	Socialistisk Folkeparti	-	Centre-left to left	TorpTrine	Torp, Trine	F	1970	
ParlaMint-DK-en_2021-04-27-20201-M104	ParlaMint-DK_20210427175501	Hansard of the session of the Danish Parliament (Folketinget), 20201, M104 (2021-04-27), preliminary version	2021-04-27	Unicameralism	Regeringen Mette Frederiksen	20201	M104	-	-	COVID	English	Chairperson	MP	notMinister	SF	Socialistisk Folkeparti	-	Centre-left to left	TorpTrine	Torp, Trine	F	1970	
ParlaMint-DK-en_2021-04-27-20201-M104	ParlaMint-DK_20210427175518	Hansard of the session of the Danish Parliament (Folketinget), 20201, M104 (2021-04-27), preliminary version	2021-04-27	Unicameralism	Regeringen Mette Frederiksen	20201	M104	-	-	COVID	English	Regular	MP	Minister	S	Socialdemokratiet	Coalition	Centre-left	HækkerupNick	Hækkerup, Nick	M	1968	
ParlaMint-DK-en_2021-04-27-20201-M104	ParlaMint-DK_20210427175933	Hansard of the session of the Danish Parliament (Folketinget), 20201, M104 (2021-04-27), preliminary version	2021-04-27	Unicameralism	Regeringen Mette Frederiksen	20201	M104	-	-	COVID	English	Chairperson	MP	notMinister	SF	Socialistisk Folkeparti	-	Centre-left to left	TorpTrine	Torp, Trine	F	1970	
ParlaMint-DK-en_2021-04-27-20201-M104	ParlaMint-DK_20210427175937	Hansard of the session of the Danish Parliament (Folketinget), 20201, M104 (2021-04-27), preliminary version	2021-04-27	Unicameralism	Regeringen Mette Frederiksen	20201	M104	-	-	COVID	English	Regular	MP	notMinister	DF	Dansk Folkeparti	Opposition	Right	SkaarupPeter	Skaarup, Peter	M	1964	
ParlaMint-DK-en_2021-04-27-20201-M104	ParlaMint-DK_20210427180042	Hansard of the session of the Danish Parliament (Folketinget), 20201, M104 (2021-04-27), preliminary version	2021-04-27	Unicameralism	Regeringen Mette Frederiksen	20201	M104	-	-	COVID	English	Chairperson	MP	notMinister	SF	Socialistisk Folkeparti	-	Centre-left to left	TorpTrine	Torp, Trine	F	1970	
ParlaMint-DK-en_2021-04-27-20201-M104	ParlaMint-DK_20210427180042-2	Hansard of the session of the Danish Parliament (Folketinget), 20201, M104 (2021-04-27), preliminary version	2021-04-27	Unicameralism	Regeringen Mette Frederiksen	20201	M104	-	-	COVID	English	Regular	MP	Minister	S	Socialdemokratiet	Coalition	Centre-left	HækkerupNick	Hækkerup, Nick	M	1968	
ParlaMint-DK-en_2021-04-27-20201-M104	ParlaMint-DK_20210427180104	Hansard of the session of the Danish Parliament (Folketinget), 20201, M104 (2021-04-27), preliminary version	2021-04-27	Unicameralism	Regeringen Mette Frederiksen	20201	M104	-	-	COVID	English	Chairperson	MP	notMinister	SF	Socialistisk Folkeparti	-	Centre-left to left	TorpTrine	Torp, Trine	F	1970	
ParlaMint-DK-en_2021-04-27-20201-M104	ParlaMint-DK_20210427180106	Hansard of the session of the Danish Parliament (Folketinget), 20201, M104 (2021-04-27), preliminary version	2021-04-27	Unicameralism	Regeringen Mette Frederiksen	20201	M104	-	-	COVID	English	Regular	MP	notMinister	DF	Dansk Folkeparti	Opposition	Right	SkaarupPeter	Skaarup, Peter	M	1964	
ParlaMint-DK-en_2021-04-27-20201-M104	ParlaMint-DK_20210427180139	Hansard of the session of the Danish Parliament (Folketinget), 20201, M104 (2021-04-27), preliminary version	2021-04-27	Unicameralism	Regeringen Mette Frederiksen	20201	M104	-	-	COVID	English	Chairperson	MP	notMinister	SF	Socialistisk Folkeparti	-	Centre-left to left	TorpTrine	Torp, Trine	F	1970	
ParlaMint-DK-en_2021-04-27-20201-M104	ParlaMint-DK_20210427180141	Hansard of the session of the Danish Parliament (Folketinget), 20201, M104 (2021-04-27), preliminary version	2021-04-27	Unicameralism	Regeringen Mette Frederiksen	20201	M104	-	-	COVID	English	Regular	MP	Minister	S	Socialdemokratiet	Coalition	Centre-left	HækkerupNick	Hækkerup, Nick	M	1968	
ParlaMint-DK-en_2021-04-27-20201-M104	ParlaMint-DK_20210427180209	Hansard of the session of the Danish Parliament (Folketinget), 20201, M104 (2021-04-27), preliminary version	2021-04-27	Unicameralism	Regeringen Mette Frederiksen	20201	M104	-	-	COVID	English	Chairperson	MP	notMinister	SF	Socialistisk Folkeparti	-	Centre-left to left	TorpTrine	Torp, Trine	F	1970	
ParlaMint-DK-en_2021-04-27-20201-M104	ParlaMint-DK_20210427180213	Hansard of the session of the Danish Parliament (Folketinget), 20201, M104 (2021-04-27), preliminary version	2021-04-27	Unicameralism	Regeringen Mette Frederiksen	20201	M104	-	-	COVID	English	Regular	MP	notMinister	NB	Nye Borgerlige	Opposition	Right to far-right	VermundPernille	Vermund, Pernille	F	1975	
ParlaMint-DK-en_2021-04-27-20201-M104	ParlaMint-DK_20210427180301	Hansard of the session of the Danish Parliament (Folketinget), 20201, M104 (2021-04-27), preliminary version	2021-04-27	Unicameralism	Regeringen Mette Frederiksen	20201	M104	-	-	COVID	English	Chairperson	MP	notMinister	SF	Socialistisk Folkeparti	-	Centre-left to left	TorpTrine	Torp, Trine	F	1970	
ParlaMint-DK-en_2021-04-27-20201-M104	ParlaMint-DK_20210427180302	Hansard of the session of the Danish Parliament (Folketinget), 20201, M104 (2021-04-27), preliminary version	2021-04-27	Unicameralism	Regeringen Mette Frederiksen	20201	M104	-	-	COVID	English	Regular	MP	Minister	S	Socialdemokratiet	Coalition	Centre-left	HækkerupNick	Hækkerup, Nick	M	1968	
ParlaMint-DK-en_2021-04-27-20201-M104	ParlaMint-DK_20210427180342	Hansard of the session of the Danish Parliament (Folketinget), 20201, M104 (2021-04-27), preliminary version	2021-04-27	Unicameralism	Regeringen Mette Frederiksen	20201	M104	-	-	COVID	English	Chairperson	MP	notMinister	SF	Socialistisk Folkeparti	-	Centre-left to left	TorpTrine	Torp, Trine	F	1970	
ParlaMint-DK-en_2021-04-27-20201-M104	ParlaMint-DK_20210427180342-2	Hansard of the session of the Danish Parliament (Folketinget), 20201, M104 (2021-04-27), preliminary version	2021-04-27	Unicameralism	Regeringen Mette Frederiksen	20201	M104	-	-	COVID	English	Regular	MP	notMinister	NB	Nye Borgerlige	Opposition	Right to far-right	VermundPernille	Vermund, Pernille	F	1975	
ParlaMint-DK-en_2021-04-27-20201-M104	ParlaMint-DK_20210427180428	Hansard of the session of the Danish Parliament (Folketinget), 20201, M104 (2021-04-27), preliminary version	2021-04-27	Unicameralism	Regeringen Mette Frederiksen	20201	M104	-	-	COVID	English	Chairperson	MP	notMinister	SF	Socialistisk Folkeparti	-	Centre-left to left	TorpTrine	Torp, Trine	F	1970	
ParlaMint-DK-en_2021-04-27-20201-M104	ParlaMint-DK_20210427180429	Hansard of the session of the Danish Parliament (Folketinget), 20201, M104 (2021-04-27), preliminary version	2021-04-27	Unicameralism	Regeringen Mette Frederiksen	20201	M104	-	-	COVID	English	Regular	MP	Minister	S	Socialdemokratiet	Coalition	Centre-left	HækkerupNick	Hækkerup, Nick	M	1968	
ParlaMint-DK-en_2021-04-27-20201-M104	ParlaMint-DK_20210427180501	Hansard of the session of the Danish Parliament (Folketinget), 20201, M104 (2021-04-27), preliminary version	2021-04-27	Unicameralism	Regeringen Mette Frederiksen	20201	M104	-	-	COVID	English	Chairperson	MP	notMinister	SF	Socialistisk Folkeparti	-	Centre-left to left	TorpTrine	Torp, Trine	F	1970	
ParlaMint-DK-en_2021-04-27-20201-M104	ParlaMint-DK_20210427180522	Hansard of the session of the Danish Parliament (Folketinget), 20201, M104 (2021-04-27), preliminary version	2021-04-27	Unicameralism	Regeringen Mette Frederiksen	20201	M104	-	-	COVID	English	Regular	MP	notMinister	S	Socialdemokratiet	Coalition	Centre-left	BruusJeppe	Bruus, Jeppe	M	1978	
ParlaMint-DK-en_2021-04-27-20201-M104	ParlaMint-DK_20210427180657	Hansard of the session of the Danish Parliament (Folketinget), 20201, M104 (2021-04-27), preliminary version	2021-04-27	Unicameralism	Regeringen Mette Frederiksen	20201	M104	-	-	COVID	English	Chairperson	MP	notMinister	SF	Socialistisk Folkeparti	-	Centre-left to left	TorpTrine	Torp, Trine	F	1970	
ParlaMint-DK-en_2021-04-27-20201-M104	ParlaMint-DK_20210427180701	Hansard of the session of the Danish Parliament (Folketinget), 20201, M104 (2021-04-27), preliminary version	2021-04-27	Unicameralism	Regeringen Mette Frederiksen	20201	M104	-	-	COVID	English	Regular	MP	notMinister	DF	Dansk Folkeparti	Opposition	Right	ChristensenRené	Christensen, René	M	1970	
ParlaMint-DK-en_2021-04-27-20201-M104	ParlaMint-DK_20210427180746	Hansard of the session of the Danish Parliament (Folketinget), 20201, M104 (2021-04-27), preliminary version	2021-04-27	Unicameralism	Regeringen Mette Frederiksen	20201	M104	-	-	COVID	English	Chairperson	MP	notMinister	SF	Socialistisk Folkeparti	-	Centre-left to left	TorpTrine	Torp, Trine	F	1970	
ParlaMint-DK-en_2021-04-27-20201-M104	ParlaMint-DK_20210427180747	Hansard of the session of the Danish Parliament (Folketinget), 20201, M104 (2021-04-27), preliminary version	2021-04-27	Unicameralism	Regeringen Mette Frederiksen	20201	M104	-	-	COVID	English	Regular	MP	notMinister	S	Socialdemokratiet	Coalition	Centre-left	BruusJeppe	Bruus, Jeppe	M	1978	
ParlaMint-DK-en_2021-04-27-20201-M104	ParlaMint-DK_20210427180833	Hansard of the session of the Danish Parliament (Folketinget), 20201, M104 (2021-04-27), preliminary version	2021-04-27	Unicameralism	Regeringen Mette Frederiksen	20201	M104	-	-	COVID	English	Chairperson	MP	notMinister	SF	Socialistisk Folkeparti	-	Centre-left to left	TorpTrine	Torp, Trine	F	1970	
ParlaMint-DK-en_2021-04-27-20201-M104	ParlaMint-DK_20210427180834	Hansard of the session of the Danish Parliament (Folketinget), 20201, M104 (2021-04-27), preliminary version	2021-04-27	Unicameralism	Regeringen Mette Frederiksen	20201	M104	-	-	COVID	English	Regular	MP	notMinister	DF	Dansk Folkeparti	Opposition	Right	ChristensenRené	Christensen, René	M	1970	
ParlaMint-DK-en_2021-04-27-20201-M104	ParlaMint-DK_20210427180920	Hansard of the session of the Danish Parliament (Folketinget), 20201, M104 (2021-04-27), preliminary version	2021-04-27	Unicameralism	Regeringen Mette Frederiksen	20201	M104	-	-	COVID	English	Chairperson	MP	notMinister	SF	Socialistisk Folkeparti	-	Centre-left to left	TorpTrine	Torp, Trine	F	1970	
ParlaMint-DK-en_2021-04-27-20201-M104	ParlaMint-DK_20210427180921	Hansard of the session of the Danish Parliament (Folketinget), 20201, M104 (2021-04-27), preliminary version	2021-04-27	Unicameralism	Regeringen Mette Frederiksen	20201	M104	-	-	COVID	English	Regular	MP	notMinister	S	Socialdemokratiet	Coalition	Centre-left	BruusJeppe	Bruus, Jeppe	M	1978	
ParlaMint-DK-en_2021-04-27-20201-M104	ParlaMint-DK_20210427180957	Hansard of the session of the Danish Parliament (Folketinget), 20201, M104 (2021-04-27), preliminary version	2021-04-27	Unicameralism	Regeringen Mette Frederiksen	20201	M104	-	-	COVID	English	Chairperson	MP	notMinister	SF	Socialistisk Folkeparti	-	Centre-left to left	TorpTrine	Torp, Trine	F	1970	
ParlaMint-DK-en_2021-04-27-20201-M104	ParlaMint-DK_20210427181000	Hansard of the session of the Danish Parliament (Folketinget), 20201, M104 (2021-04-27), preliminary version	2021-04-27	Unicameralism	Regeringen Mette Frederiksen	20201	M104	-	-	COVID	English	Regular	MP	notMinister	NB	Nye Borgerlige	Opposition	Right to far-right	VermundPernille	Vermund, Pernille	F	1975	
ParlaMint-DK-en_2021-04-27-20201-M104	ParlaMint-DK_20210427181053	Hansard of the session of the Danish Parliament (Folketinget), 20201, M104 (2021-04-27), preliminary version	2021-04-27	Unicameralism	Regeringen Mette Frederiksen	20201	M104	-	-	COVID	English	Chairperson	MP	notMinister	SF	Socialistisk Folkeparti	-	Centre-left to left	TorpTrine	Torp, Trine	F	1970	
ParlaMint-DK-en_2021-04-27-20201-M104	ParlaMint-DK_20210427181055	Hansard of the session of the Danish Parliament (Folketinget), 20201, M104 (2021-04-27), preliminary version	2021-04-27	Unicameralism	Regeringen Mette Frederiksen	20201	M104	-	-	COVID	English	Regular	MP	notMinister	S	Socialdemokratiet	Coalition	Centre-left	BruusJeppe	Bruus, Jeppe	M	1978	
ParlaMint-DK-en_2021-04-27-20201-M104	ParlaMint-DK_20210427181113	Hansard of the session of the Danish Parliament (Folketinget), 20201, M104 (2021-04-27), preliminary version	2021-04-27	Unicameralism	Regeringen Mette Frederiksen	20201	M104	-	-	COVID	English	Chairperson	MP	notMinister	SF	Socialistisk Folkeparti	-	Centre-left to left	TorpTrine	Torp, Trine	F	1970	
ParlaMint-DK-en_2021-04-27-20201-M104	ParlaMint-DK_20210427181114	Hansard of the session of the Danish Parliament (Folketinget), 20201, M104 (2021-04-27), preliminary version	2021-04-27	Unicameralism	Regeringen Mette Frederiksen	20201	M104	-	-	COVID	English	Regular	MP	notMinister	NB	Nye Borgerlige	Opposition	Right to far-right	VermundPernille	Vermund, Pernille	F	1975	
ParlaMint-DK-en_2021-04-27-20201-M104	ParlaMint-DK_20210427181151	Hansard of the session of the Danish Parliament (Folketinget), 20201, M104 (2021-04-27), preliminary version	2021-04-27	Unicameralism	Regeringen Mette Frederiksen	20201	M104	-	-	COVID	English	Chairperson	MP	notMinister	SF	Socialistisk Folkeparti	-	Centre-left to left	TorpTrine	Torp, Trine	F	1970	
ParlaMint-DK-en_2021-04-27-20201-M104	ParlaMint-DK_20210427181152	Hansard of the session of the Danish Parliament (Folketinget), 20201, M104 (2021-04-27), preliminary version	2021-04-27	Unicameralism	Regeringen Mette Frederiksen	20201	M104	-	-	COVID	English	Regular	MP	notMinister	S	Socialdemokratiet	Coalition	Centre-left	BruusJeppe	Bruus, Jeppe	M	1978	
ParlaMint-DK-en_2021-04-27-20201-M104	ParlaMint-DK_20210427181212	Hansard of the session of the Danish Parliament (Folketinget), 20201, M104 (2021-04-27), preliminary version	2021-04-27	Unicameralism	Regeringen Mette Frederiksen	20201	M104	-	-	COVID	English	Chairperson	MP	notMinister	SF	Socialistisk Folkeparti	-	Centre-left to left	TorpTrine	Torp, Trine	F	1970	
ParlaMint-DK-en_2021-04-27-20201-M104	ParlaMint-DK_20210427181235	Hansard of the session of the Danish Parliament (Folketinget), 20201, M104 (2021-04-27), preliminary version	2021-04-27	Unicameralism	Regeringen Mette Frederiksen	20201	M104	-	-	COVID	English	Regular	MP	notMinister	V	Venstre	Opposition	Centre-right	JørgensenJanE	Jørgensen, Jan E.	M	1965	
ParlaMint-DK-en_2021-04-27-20201-M104	ParlaMint-DK_20210427181637	Hansard of the session of the Danish Parliament (Folketinget), 20201, M104 (2021-04-27), preliminary version	2021-04-27	Unicameralism	Regeringen Mette Frederiksen	20201	M104	-	-	COVID	English	Chairperson	MP	notMinister	SF	Socialistisk Folkeparti	-	Centre-left to left	TorpTrine	Torp, Trine	F	1970	
ParlaMint-DK-en_2021-04-27-20201-M104	ParlaMint-DK_20210427181641	Hansard of the session of the Danish Parliament (Folketinget), 20201, M104 (2021-04-27), preliminary version	2021-04-27	Unicameralism	Regeringen Mette Frederiksen	20201	M104	-	-	COVID	English	Regular	MP	notMinister	DF	Dansk Folkeparti	Opposition	Right	ChristensenRené	Christensen, René	M	1970	
ParlaMint-DK-en_2021-04-27-20201-M104	ParlaMint-DK_20210427181726	Hansard of the session of the Danish Parliament (Folketinget), 20201, M104 (2021-04-27), preliminary version	2021-04-27	Unicameralism	Regeringen Mette Frederiksen	20201	M104	-	-	COVID	English	Chairperson	MP	notMinister	SF	Socialistisk Folkeparti	-	Centre-left to left	TorpTrine	Torp, Trine	F	1970	
ParlaMint-DK-en_2021-04-27-20201-M104	ParlaMint-DK_20210427181727	Hansard of the session of the Danish Parliament (Folketinget), 20201, M104 (2021-04-27), preliminary version	2021-04-27	Unicameralism	Regeringen Mette Frederiksen	20201	M104	-	-	COVID	English	Regular	MP	notMinister	V	Venstre	Opposition	Centre-right	JørgensenJanE	Jørgensen, Jan E.	M	1965	
ParlaMint-DK-en_2021-04-27-20201-M104	ParlaMint-DK_20210427181824	Hansard of the session of the Danish Parliament (Folketinget), 20201, M104 (2021-04-27), preliminary version	2021-04-27	Unicameralism	Regeringen Mette Frederiksen	20201	M104	-	-	COVID	English	Chairperson	MP	notMinister	SF	Socialistisk Folkeparti	-	Centre-left to left	TorpTrine	Torp, Trine	F	1970	
ParlaMint-DK-en_2021-04-27-20201-M104	ParlaMint-DK_20210427181825	Hansard of the session of the Danish Parliament (Folketinget), 20201, M104 (2021-04-27), preliminary version	2021-04-27	Unicameralism	Regeringen Mette Frederiksen	20201	M104	-	-	COVID	English	Regular	MP	notMinister	DF	Dansk Folkeparti	Opposition	Right	ChristensenRené	Christensen, René	M	1970	
ParlaMint-DK-en_2021-04-27-20201-M104	ParlaMint-DK_20210427181915	Hansard of the session of the Danish Parliament (Folketinget), 20201, M104 (2021-04-27), preliminary version	2021-04-27	Unicameralism	Regeringen Mette Frederiksen	20201	M104	-	-	COVID	English	Chairperson	MP	notMinister	SF	Socialistisk Folkeparti	-	Centre-left to left	TorpTrine	Torp, Trine	F	1970	
ParlaMint-DK-en_2021-04-27-20201-M104	ParlaMint-DK_20210427181916	Hansard of the session of the Danish Parliament (Folketinget), 20201, M104 (2021-04-27), preliminary version	2021-04-27	Unicameralism	Regeringen Mette Frederiksen	20201	M104	-	-	COVID	English	Regular	MP	notMinister	V	Venstre	Opposition	Centre-right	JørgensenJanE	Jørgensen, Jan E.	M	1965	
ParlaMint-DK-en_2021-04-27-20201-M104	ParlaMint-DK_20210427182005	Hansard of the session of the Danish Parliament (Folketinget), 20201, M104 (2021-04-27), preliminary version	2021-04-27	Unicameralism	Regeringen Mette Frederiksen	20201	M104	-	-	COVID	English	Chairperson	MP	notMinister	SF	Socialistisk Folkeparti	-	Centre-left to left	TorpTrine	Torp, Trine	F	1970	
ParlaMint-DK-en_2021-04-27-20201-M104	ParlaMint-DK_20210427182008	Hansard of the session of the Danish Parliament (Folketinget), 20201, M104 (2021-04-27), preliminary version	2021-04-27	Unicameralism	Regeringen Mette Frederiksen	20201	M104	-	-	COVID	English	Regular	MP	notMinister	NB	Nye Borgerlige	Opposition	Right to far-right	VermundPernille	Vermund, Pernille	F	1975	
ParlaMint-DK-en_2021-04-27-20201-M104	ParlaMint-DK_20210427182122	Hansard of the session of the Danish Parliament (Folketinget), 20201, M104 (2021-04-27), preliminary version	2021-04-27	Unicameralism	Regeringen Mette Frederiksen	20201	M104	-	-	COVID	English	Chairperson	MP	notMinister	SF	Socialistisk Folkeparti	-	Centre-left to left	TorpTrine	Torp, Trine	F	1970	
ParlaMint-DK-en_2021-04-27-20201-M104	ParlaMint-DK_20210427182123	Hansard of the session of the Danish Parliament (Folketinget), 20201, M104 (2021-04-27), preliminary version	2021-04-27	Unicameralism	Regeringen Mette Frederiksen	20201	M104	-	-	COVID	English	Regular	MP	notMinister	V	Venstre	Opposition	Centre-right	JørgensenJanE	Jørgensen, Jan E.	M	1965	
ParlaMint-DK-en_2021-04-27-20201-M104	ParlaMint-DK_20210427182235	Hansard of the session of the Danish Parliament (Folketinget), 20201, M104 (2021-04-27), preliminary version	2021-04-27	Unicameralism	Regeringen Mette Frederiksen	20201	M104	-	-	COVID	English	Chairperson	MP	notMinister	SF	Socialistisk Folkeparti	-	Centre-left to left	TorpTrine	Torp, Trine	F	1970	
ParlaMint-DK-en_2021-04-27-20201-M104	ParlaMint-DK_20210427182236	Hansard of the session of the Danish Parliament (Folketinget), 20201, M104 (2021-04-27), preliminary version	2021-04-27	Unicameralism	Regeringen Mette Frederiksen	20201	M104	-	-	COVID	English	Regular	MP	notMinister	NB	Nye Borgerlige	Opposition	Right to far-right	VermundPernille	Vermund, Pernille	F	1975	
ParlaMint-DK-en_2021-04-27-20201-M104	ParlaMint-DK_20210427182319	Hansard of the session of the Danish Parliament (Folketinget), 20201, M104 (2021-04-27), preliminary version	2021-04-27	Unicameralism	Regeringen Mette Frederiksen	20201	M104	-	-	COVID	English	Chairperson	MP	notMinister	SF	Socialistisk Folkeparti	-	Centre-left to left	TorpTrine	Torp, Trine	F	1970	
ParlaMint-DK-en_2021-04-27-20201-M104	ParlaMint-DK_20210427182320	Hansard of the session of the Danish Parliament (Folketinget), 20201, M104 (2021-04-27), preliminary version	2021-04-27	Unicameralism	Regeringen Mette Frederiksen	20201	M104	-	-	COVID	English	Regular	MP	notMinister	V	Venstre	Opposition	Centre-right	JørgensenJanE	Jørgensen, Jan E.	M	1965	
ParlaMint-DK-en_2021-04-27-20201-M104	ParlaMint-DK_20210427182341	Hansard of the session of the Danish Parliament (Folketinget), 20201, M104 (2021-04-27), preliminary version	2021-04-27	Unicameralism	Regeringen Mette Frederiksen	20201	M104	-	-	COVID	English	Chairperson	MP	notMinister	SF	Socialistisk Folkeparti	-	Centre-left to left	TorpTrine	Torp, Trine	F	1970	
ParlaMint-DK-en_2021-04-27-20201-M104	ParlaMint-DK_20210427182408	Hansard of the session of the Danish Parliament (Folketinget), 20201, M104 (2021-04-27), preliminary version	2021-04-27	Unicameralism	Regeringen Mette Frederiksen	20201	M104	-	-	COVID	English	Regular	notMP	notMinister	SF	Socialistisk Folkeparti	-	Centre-left to left	DehnhardtKarinaLorentzen	Dehnhardt, Karina Lorentzen	F	1973	
ParlaMint-DK-en_2021-04-27-20201-M104	ParlaMint-DK_20210427182745	Hansard of the session of the Danish Parliament (Folketinget), 20201, M104 (2021-04-27), preliminary version	2021-04-27	Unicameralism	Regeringen Mette Frederiksen	20201	M104	-	-	COVID	English	Chairperson	MP	notMinister	SF	Socialistisk Folkeparti	-	Centre-left to left	TorpTrine	Torp, Trine	F	1970	
ParlaMint-DK-en_2021-04-27-20201-M104	ParlaMint-DK_20210427182811	Hansard of the session of the Danish Parliament (Folketinget), 20201, M104 (2021-04-27), preliminary version	2021-04-27	Unicameralism	Regeringen Mette Frederiksen	20201	M104	-	-	COVID	English	Regular	MP	notMinister	RV	Radikale Venstre	-	Centre to centre-left	HegaardKristian	Hegaard, Kristian	M	1991	
ParlaMint-DK-en_2021-04-27-20201-M104	ParlaMint-DK_20210427183019	Hansard of the session of the Danish Parliament (Folketinget), 20201, M104 (2021-04-27), preliminary version	2021-04-27	Unicameralism	Regeringen Mette Frederiksen	20201	M104	-	-	COVID	English	Chairperson	MP	notMinister	SF	Socialistisk Folkeparti	-	Centre-left to left	TorpTrine	Torp, Trine	F	1970	
ParlaMint-DK-en_2021-04-27-20201-M104	ParlaMint-DK_20210427183020	Hansard of the session of the Danish Parliament (Folketinget), 20201, M104 (2021-04-27), preliminary version	2021-04-27	Unicameralism	Regeringen Mette Frederiksen	20201	M104	-	-	COVID	English	Regular	MP	notMinister	DF	Dansk Folkeparti	Opposition	Right	ChristensenRené	Christensen, René	M	1970	
ParlaMint-DK-en_2021-04-27-20201-M104	ParlaMint-DK_20210427183131	Hansard of the session of the Danish Parliament (Folketinget), 20201, M104 (2021-04-27), preliminary version	2021-04-27	Unicameralism	Regeringen Mette Frederiksen	20201	M104	-	-	COVID	English	Chairperson	MP	notMinister	SF	Socialistisk Folkeparti	-	Centre-left to left	TorpTrine	Torp, Trine	F	1970	
ParlaMint-DK-en_2021-04-27-20201-M104	ParlaMint-DK_20210427183132	Hansard of the session of the Danish Parliament (Folketinget), 20201, M104 (2021-04-27), preliminary version	2021-04-27	Unicameralism	Regeringen Mette Frederiksen	20201	M104	-	-	COVID	English	Regular	MP	notMinister	RV	Radikale Venstre	-	Centre to centre-left	HegaardKristian	Hegaard, Kristian	M	1991	
ParlaMint-DK-en_2021-04-27-20201-M104	ParlaMint-DK_20210427183209	Hansard of the session of the Danish Parliament (Folketinget), 20201, M104 (2021-04-27), preliminary version	2021-04-27	Unicameralism	Regeringen Mette Frederiksen	20201	M104	-	-	COVID	English	Chairperson	MP	notMinister	SF	Socialistisk Folkeparti	-	Centre-left to left	TorpTrine	Torp, Trine	F	1970	
ParlaMint-DK-en_2021-04-27-20201-M104	ParlaMint-DK_20210427183211	Hansard of the session of the Danish Parliament (Folketinget), 20201, M104 (2021-04-27), preliminary version	2021-04-27	Unicameralism	Regeringen Mette Frederiksen	20201	M104	-	-	COVID	English	Regular	MP	notMinister	DF	Dansk Folkeparti	Opposition	Right	ChristensenRené	Christensen, René	M	1970	
ParlaMint-DK-en_2021-04-27-20201-M104	ParlaMint-DK_20210427183237	Hansard of the session of the Danish Parliament (Folketinget), 20201, M104 (2021-04-27), preliminary version	2021-04-27	Unicameralism	Regeringen Mette Frederiksen	20201	M104	-	-	COVID	English	Chairperson	MP	notMinister	SF	Socialistisk Folkeparti	-	Centre-left to left	TorpTrine	Torp, Trine	F	1970	
ParlaMint-DK-en_2021-04-27-20201-M104	ParlaMint-DK_20210427183238	Hansard of the session of the Danish Parliament (Folketinget), 20201, M104 (2021-04-27), preliminary version	2021-04-27	Unicameralism	Regeringen Mette Frederiksen	20201	M104	-	-	COVID	English	Regular	MP	notMinister	RV	Radikale Venstre	-	Centre to centre-left	HegaardKristian	Hegaard, Kristian	M	1991	
ParlaMint-DK-en_2021-04-27-20201-M104	ParlaMint-DK_20210427183258	Hansard of the session of the Danish Parliament (Folketinget), 20201, M104 (2021-04-27), preliminary version	2021-04-27	Unicameralism	Regeringen Mette Frederiksen	20201	M104	-	-	COVID	English	Chairperson	MP	notMinister	SF	Socialistisk Folkeparti	-	Centre-left to left	TorpTrine	Torp, Trine	F	1970	
ParlaMint-DK-en_2021-04-27-20201-M104	ParlaMint-DK_20210427183317	Hansard of the session of the Danish Parliament (Folketinget), 20201, M104 (2021-04-27), preliminary version	2021-04-27	Unicameralism	Regeringen Mette Frederiksen	20201	M104	-	-	COVID	English	Regular	MP	notMinister	EL	Enhedslisten	-	Left to far-left	LundRosa	Lund, Rosa	F	1986	
ParlaMint-DK-en_2021-04-27-20201-M104	ParlaMint-DK_20210427183621	Hansard of the session of the Danish Parliament (Folketinget), 20201, M104 (2021-04-27), preliminary version	2021-04-27	Unicameralism	Regeringen Mette Frederiksen	20201	M104	-	-	COVID	English	Chairperson	MP	notMinister	SF	Socialistisk Folkeparti	-	Centre-left to left	TorpTrine	Torp, Trine	F	1970	
ParlaMint-DK-en_2021-04-27-20201-M104	ParlaMint-DK_20210427183624	Hansard of the session of the Danish Parliament (Folketinget), 20201, M104 (2021-04-27), preliminary version	2021-04-27	Unicameralism	Regeringen Mette Frederiksen	20201	M104	-	-	COVID	English	Regular	MP	notMinister	DF	Dansk Folkeparti	Opposition	Right	ChristensenRené	Christensen, René	M	1970	
ParlaMint-DK-en_2021-04-27-20201-M104	ParlaMint-DK_20210427183710	Hansard of the session of the Danish Parliament (Folketinget), 20201, M104 (2021-04-27), preliminary version	2021-04-27	Unicameralism	Regeringen Mette Frederiksen	20201	M104	-	-	COVID	English	Chairperson	MP	notMinister	SF	Socialistisk Folkeparti	-	Centre-left to left	TorpTrine	Torp, Trine	F	1970	
ParlaMint-DK-en_2021-04-27-20201-M104	ParlaMint-DK_20210427183712	Hansard of the session of the Danish Parliament (Folketinget), 20201, M104 (2021-04-27), preliminary version	2021-04-27	Unicameralism	Regeringen Mette Frederiksen	20201	M104	-	-	COVID	English	Regular	MP	notMinister	EL	Enhedslisten	-	Left to far-left	LundRosa	Lund, Rosa	F	1986	
ParlaMint-DK-en_2021-04-27-20201-M104	ParlaMint-DK_20210427183749	Hansard of the session of the Danish Parliament (Folketinget), 20201, M104 (2021-04-27), preliminary version	2021-04-27	Unicameralism	Regeringen Mette Frederiksen	20201	M104	-	-	COVID	English	Chairperson	MP	notMinister	SF	Socialistisk Folkeparti	-	Centre-left to left	TorpTrine	Torp, Trine	F	1970	
ParlaMint-DK-en_2021-04-27-20201-M104	ParlaMint-DK_20210427183812	Hansard of the session of the Danish Parliament (Folketinget), 20201, M104 (2021-04-27), preliminary version	2021-04-27	Unicameralism	Regeringen Mette Frederiksen	20201	M104	-	-	COVID	English	Regular	MP	notMinister	KF	Det Konservative Folkeparti	Opposition	Centre-right	AndersenMads	Andersen, Mads	M	1989	
ParlaMint-DK-en_2021-04-27-20201-M104	ParlaMint-DK_20210427184020	Hansard of the session of the Danish Parliament (Folketinget), 20201, M104 (2021-04-27), preliminary version	2021-04-27	Unicameralism	Regeringen Mette Frederiksen	20201	M104	-	-	COVID	English	Chairperson	MP	notMinister	SF	Socialistisk Folkeparti	-	Centre-left to left	TorpTrine	Torp, Trine	F	1970	
ParlaMint-DK-en_2021-04-27-20201-M104	ParlaMint-DK_20210427184032	Hansard of the session of the Danish Parliament (Folketinget), 20201, M104 (2021-04-27), preliminary version	2021-04-27	Unicameralism	Regeringen Mette Frederiksen	20201	M104	-	-	COVID	English	Regular	MP	notMinister	V	Venstre	Opposition	Centre-right	JørgensenJanE	Jørgensen, Jan E.	M	1965	
ParlaMint-DK-en_2021-04-27-20201-M104	ParlaMint-DK_20210427184045	Hansard of the session of the Danish Parliament (Folketinget), 20201, M104 (2021-04-27), preliminary version	2021-04-27	Unicameralism	Regeringen Mette Frederiksen	20201	M104	-	-	COVID	English	Chairperson	MP	notMinister	SF	Socialistisk Folkeparti	-	Centre-left to left	TorpTrine	Torp, Trine	F	1970	
ParlaMint-DK-en_2021-04-27-20201-M104	ParlaMint-DK_20210427184046	Hansard of the session of the Danish Parliament (Folketinget), 20201, M104 (2021-04-27), preliminary version	2021-04-27	Unicameralism	Regeringen Mette Frederiksen	20201	M104	-	-	COVID	English	Regular	MP	notMinister	KF	Det Konservative Folkeparti	Opposition	Centre-right	AndersenMads	Andersen, Mads	M	1989	
ParlaMint-DK-en_2021-04-27-20201-M104	ParlaMint-DK_20210427184114	Hansard of the session of the Danish Parliament (Folketinget), 20201, M104 (2021-04-27), preliminary version	2021-04-27	Unicameralism	Regeringen Mette Frederiksen	20201	M104	-	-	COVID	English	Chairperson	MP	notMinister	SF	Socialistisk Folkeparti	-	Centre-left to left	TorpTrine	Torp, Trine	F	1970	
ParlaMint-DK-en_2021-04-27-20201-M104	ParlaMint-DK_20210427184117	Hansard of the session of the Danish Parliament (Folketinget), 20201, M104 (2021-04-27), preliminary version	2021-04-27	Unicameralism	Regeringen Mette Frederiksen	20201	M104	-	-	COVID	English	Regular	MP	notMinister	V	Venstre	Opposition	Centre-right	JørgensenJanE	Jørgensen, Jan E.	M	1965	
ParlaMint-DK-en_2021-04-27-20201-M104	ParlaMint-DK_20210427184148	Hansard of the session of the Danish Parliament (Folketinget), 20201, M104 (2021-04-27), preliminary version	2021-04-27	Unicameralism	Regeringen Mette Frederiksen	20201	M104	-	-	COVID	English	Chairperson	MP	notMinister	SF	Socialistisk Folkeparti	-	Centre-left to left	TorpTrine	Torp, Trine	F	1970	
ParlaMint-DK-en_2021-04-27-20201-M104	ParlaMint-DK_20210427184149	Hansard of the session of the Danish Parliament (Folketinget), 20201, M104 (2021-04-27), preliminary version	2021-04-27	Unicameralism	Regeringen Mette Frederiksen	20201	M104	-	-	COVID	English	Regular	MP	notMinister	KF	Det Konservative Folkeparti	Opposition	Centre-right	AndersenMads	Andersen, Mads	M	1989	
ParlaMint-DK-en_2021-04-27-20201-M104	ParlaMint-DK_20210427184213	Hansard of the session of the Danish Parliament (Folketinget), 20201, M104 (2021-04-27), preliminary version	2021-04-27	Unicameralism	Regeringen Mette Frederiksen	20201	M104	-	-	COVID	English	Chairperson	MP	notMinister	SF	Socialistisk Folkeparti	-	Centre-left to left	TorpTrine	Torp, Trine	F	1970	
ParlaMint-DK-en_2021-04-27-20201-M104	ParlaMint-DK_20210427184217	Hansard of the session of the Danish Parliament (Folketinget), 20201, M104 (2021-04-27), preliminary version	2021-04-27	Unicameralism	Regeringen Mette Frederiksen	20201	M104	-	-	COVID	English	Regular	MP	notMinister	S	Socialdemokratiet	Coalition	Centre-left	BruusJeppe	Bruus, Jeppe	M	1978	
ParlaMint-DK-en_2021-04-27-20201-M104	ParlaMint-DK_20210427184244	Hansard of the session of the Danish Parliament (Folketinget), 20201, M104 (2021-04-27), preliminary version	2021-04-27	Unicameralism	Regeringen Mette Frederiksen	20201	M104	-	-	COVID	English	Chairperson	MP	notMinister	SF	Socialistisk Folkeparti	-	Centre-left to left	TorpTrine	Torp, Trine	F	1970	
ParlaMint-DK-en_2021-04-27-20201-M104	ParlaMint-DK_20210427184245	Hansard of the session of the Danish Parliament (Folketinget), 20201, M104 (2021-04-27), preliminary version	2021-04-27	Unicameralism	Regeringen Mette Frederiksen	20201	M104	-	-	COVID	English	Regular	MP	notMinister	KF	Det Konservative Folkeparti	Opposition	Centre-right	AndersenMads	Andersen, Mads	M	1989	
ParlaMint-DK-en_2021-04-27-20201-M104	ParlaMint-DK_20210427184310	Hansard of the session of the Danish Parliament (Folketinget), 20201, M104 (2021-04-27), preliminary version	2021-04-27	Unicameralism	Regeringen Mette Frederiksen	20201	M104	-	-	COVID	English	Chairperson	MP	notMinister	SF	Socialistisk Folkeparti	-	Centre-left to left	TorpTrine	Torp, Trine	F	1970	
ParlaMint-DK-en_2021-04-27-20201-M104	ParlaMint-DK_20210427184311	Hansard of the session of the Danish Parliament (Folketinget), 20201, M104 (2021-04-27), preliminary version	2021-04-27	Unicameralism	Regeringen Mette Frederiksen	20201	M104	-	-	COVID	English	Regular	MP	notMinister	S	Socialdemokratiet	Coalition	Centre-left	BruusJeppe	Bruus, Jeppe	M	1978	
ParlaMint-DK-en_2021-04-27-20201-M104	ParlaMint-DK_20210427184340	Hansard of the session of the Danish Parliament (Folketinget), 20201, M104 (2021-04-27), preliminary version	2021-04-27	Unicameralism	Regeringen Mette Frederiksen	20201	M104	-	-	COVID	English	Chairperson	MP	notMinister	SF	Socialistisk Folkeparti	-	Centre-left to left	TorpTrine	Torp, Trine	F	1970	
ParlaMint-DK-en_2021-04-27-20201-M104	ParlaMint-DK_20210427184341	Hansard of the session of the Danish Parliament (Folketinget), 20201, M104 (2021-04-27), preliminary version	2021-04-27	Unicameralism	Regeringen Mette Frederiksen	20201	M104	-	-	COVID	English	Regular	MP	notMinister	KF	Det Konservative Folkeparti	Opposition	Centre-right	AndersenMads	Andersen, Mads	M	1989	
ParlaMint-DK-en_2021-04-27-20201-M104	ParlaMint-DK_20210427184351	Hansard of the session of the Danish Parliament (Folketinget), 20201, M104 (2021-04-27), preliminary version	2021-04-27	Unicameralism	Regeringen Mette Frederiksen	20201	M104	-	-	COVID	English	Chairperson	MP	notMinister	SF	Socialistisk Folkeparti	-	Centre-left to left	TorpTrine	Torp, Trine	F	1970	
ParlaMint-DK-en_2021-04-27-20201-M104	ParlaMint-DK_20210427184355	Hansard of the session of the Danish Parliament (Folketinget), 20201, M104 (2021-04-27), preliminary version	2021-04-27	Unicameralism	Regeringen Mette Frederiksen	20201	M104	-	-	COVID	English	Regular	MP	notMinister	DF	Dansk Folkeparti	Opposition	Right	ChristensenRené	Christensen, René	M	1970	
ParlaMint-DK-en_2021-04-27-20201-M104	ParlaMint-DK_20210427184446	Hansard of the session of the Danish Parliament (Folketinget), 20201, M104 (2021-04-27), preliminary version	2021-04-27	Unicameralism	Regeringen Mette Frederiksen	20201	M104	-	-	COVID	English	Chairperson	MP	notMinister	SF	Socialistisk Folkeparti	-	Centre-left to left	TorpTrine	Torp, Trine	F	1970	
ParlaMint-DK-en_2021-04-27-20201-M104	ParlaMint-DK_20210427184447	Hansard of the session of the Danish Parliament (Folketinget), 20201, M104 (2021-04-27), preliminary version	2021-04-27	Unicameralism	Regeringen Mette Frederiksen	20201	M104	-	-	COVID	English	Regular	MP	notMinister	KF	Det Konservative Folkeparti	Opposition	Centre-right	AndersenMads	Andersen, Mads	M	1989	
ParlaMint-DK-en_2021-04-27-20201-M104	ParlaMint-DK_20210427184450	Hansard of the session of the Danish Parliament (Folketinget), 20201, M104 (2021-04-27), preliminary version	2021-04-27	Unicameralism	Regeringen Mette Frederiksen	20201	M104	-	-	COVID	English	Chairperson	MP	notMinister	SF	Socialistisk Folkeparti	-	Centre-left to left	TorpTrine	Torp, Trine	F	1970	
ParlaMint-DK-en_2021-04-27-20201-M104	ParlaMint-DK_20210427184507	Hansard of the session of the Danish Parliament (Folketinget), 20201, M104 (2021-04-27), preliminary version	2021-04-27	Unicameralism	Regeringen Mette Frederiksen	20201	M104	-	-	COVID	English	Regular	MP	notMinister	NB	Nye Borgerlige	Opposition	Right to far-right	VermundPernille	Vermund, Pernille	F	1975	
ParlaMint-DK-en_2021-04-27-20201-M104	ParlaMint-DK_20210427184959	Hansard of the session of the Danish Parliament (Folketinget), 20201, M104 (2021-04-27), preliminary version	2021-04-27	Unicameralism	Regeringen Mette Frederiksen	20201	M104	-	-	COVID	English	Chairperson	MP	notMinister	SF	Socialistisk Folkeparti	-	Centre-left to left	TorpTrine	Torp, Trine	F	1970	
ParlaMint-DK-en_2021-04-27-20201-M104	ParlaMint-DK_20210427185003	Hansard of the session of the Danish Parliament (Folketinget), 20201, M104 (2021-04-27), preliminary version	2021-04-27	Unicameralism	Regeringen Mette Frederiksen	20201	M104	-	-	COVID	English	Regular	MP	notMinister	S	Socialdemokratiet	Coalition	Centre-left	BruusJeppe	Bruus, Jeppe	M	1978	
ParlaMint-DK-en_2021-04-27-20201-M104	ParlaMint-DK_20210427185058	Hansard of the session of the Danish Parliament (Folketinget), 20201, M104 (2021-04-27), preliminary version	2021-04-27	Unicameralism	Regeringen Mette Frederiksen	20201	M104	-	-	COVID	English	Chairperson	MP	notMinister	SF	Socialistisk Folkeparti	-	Centre-left to left	TorpTrine	Torp, Trine	F	1970	
ParlaMint-DK-en_2021-04-27-20201-M104	ParlaMint-DK_20210427185101	Hansard of the session of the Danish Parliament (Folketinget), 20201, M104 (2021-04-27), preliminary version	2021-04-27	Unicameralism	Regeringen Mette Frederiksen	20201	M104	-	-	COVID	English	Regular	MP	notMinister	NB	Nye Borgerlige	Opposition	Right to far-right	VermundPernille	Vermund, Pernille	F	1975	
ParlaMint-DK-en_2021-04-27-20201-M104	ParlaMint-DK_20210427185210	Hansard of the session of the Danish Parliament (Folketinget), 20201, M104 (2021-04-27), preliminary version	2021-04-27	Unicameralism	Regeringen Mette Frederiksen	20201	M104	-	-	COVID	English	Chairperson	MP	notMinister	SF	Socialistisk Folkeparti	-	Centre-left to left	TorpTrine	Torp, Trine	F	1970	
ParlaMint-DK-en_2021-04-27-20201-M104	ParlaMint-DK_20210427185211	Hansard of the session of the Danish Parliament (Folketinget), 20201, M104 (2021-04-27), preliminary version	2021-04-27	Unicameralism	Regeringen Mette Frederiksen	20201	M104	-	-	COVID	English	Regular	MP	notMinister	S	Socialdemokratiet	Coalition	Centre-left	BruusJeppe	Bruus, Jeppe	M	1978	
ParlaMint-DK-en_2021-04-27-20201-M104	ParlaMint-DK_20210427185234	Hansard of the session of the Danish Parliament (Folketinget), 20201, M104 (2021-04-27), preliminary version	2021-04-27	Unicameralism	Regeringen Mette Frederiksen	20201	M104	-	-	COVID	English	Chairperson	MP	notMinister	SF	Socialistisk Folkeparti	-	Centre-left to left	TorpTrine	Torp, Trine	F	1970	
ParlaMint-DK-en_2021-04-27-20201-M104	ParlaMint-DK_20210427185235	Hansard of the session of the Danish Parliament (Folketinget), 20201, M104 (2021-04-27), preliminary version	2021-04-27	Unicameralism	Regeringen Mette Frederiksen	20201	M104	-	-	COVID	English	Regular	MP	notMinister	NB	Nye Borgerlige	Opposition	Right to far-right	VermundPernille	Vermund, Pernille	F	1975	
ParlaMint-DK-en_2021-04-27-20201-M104	ParlaMint-DK_20210427185318	Hansard of the session of the Danish Parliament (Folketinget), 20201, M104 (2021-04-27), preliminary version	2021-04-27	Unicameralism	Regeringen Mette Frederiksen	20201	M104	-	-	COVID	English	Chairperson	MP	notMinister	SF	Socialistisk Folkeparti	-	Centre-left to left	TorpTrine	Torp, Trine	F	1970	
ParlaMint-DK-en_2021-04-27-20201-M104	ParlaMint-DK_20210427185345	Hansard of the session of the Danish Parliament (Folketinget), 20201, M104 (2021-04-27), preliminary version	2021-04-27	Unicameralism	Regeringen Mette Frederiksen	20201	M104	-	-	COVID	English	Regular	MP	notMinister	LA	Liberal Alliance	Opposition	Centre-right to right	OlesenOleBirk	Olesen, Ole Birk	M	1972	
ParlaMint-DK-en_2021-04-27-20201-M104	ParlaMint-DK_20210427185815	Hansard of the session of the Danish Parliament (Folketinget), 20201, M104 (2021-04-27), preliminary version	2021-04-27	Unicameralism	Regeringen Mette Frederiksen	20201	M104	-	-	COVID	English	Chairperson	MP	notMinister	SF	Socialistisk Folkeparti	-	Centre-left to left	TorpTrine	Torp, Trine	F	1970	
ParlaMint-DK-en_2021-04-27-20201-M104	ParlaMint-DK_20210427185818	Hansard of the session of the Danish Parliament (Folketinget), 20201, M104 (2021-04-27), preliminary version	2021-04-27	Unicameralism	Regeringen Mette Frederiksen	20201	M104	-	-	COVID	English	Regular	MP	notMinister	NB	Nye Borgerlige	Opposition	Right to far-right	VermundPernille	Vermund, Pernille	F	1975	
ParlaMint-DK-en_2021-04-27-20201-M104	ParlaMint-DK_20210427185921	Hansard of the session of the Danish Parliament (Folketinget), 20201, M104 (2021-04-27), preliminary version	2021-04-27	Unicameralism	Regeringen Mette Frederiksen	20201	M104	-	-	COVID	English	Chairperson	MP	notMinister	SF	Socialistisk Folkeparti	-	Centre-left to left	TorpTrine	Torp, Trine	F	1970	
ParlaMint-DK-en_2021-04-27-20201-M104	ParlaMint-DK_20210427185922	Hansard of the session of the Danish Parliament (Folketinget), 20201, M104 (2021-04-27), preliminary version	2021-04-27	Unicameralism	Regeringen Mette Frederiksen	20201	M104	-	-	COVID	English	Regular	MP	notMinister	LA	Liberal Alliance	Opposition	Centre-right to right	OlesenOleBirk	Olesen, Ole Birk	M	1972	
ParlaMint-DK-en_2021-04-27-20201-M104	ParlaMint-DK_20210427190027	Hansard of the session of the Danish Parliament (Folketinget), 20201, M104 (2021-04-27), preliminary version	2021-04-27	Unicameralism	Regeringen Mette Frederiksen	20201	M104	-	-	COVID	English	Chairperson	MP	notMinister	SF	Socialistisk Folkeparti	-	Centre-left to left	TorpTrine	Torp, Trine	F	1970	
ParlaMint-DK-en_2021-04-27-20201-M104	ParlaMint-DK_20210427190049	Hansard of the session of the Danish Parliament (Folketinget), 20201, M104 (2021-04-27), preliminary version	2021-04-27	Unicameralism	Regeringen Mette Frederiksen	20201	M104	-	-	COVID	English	Regular	MP	notMinister	DF	Dansk Folkeparti	Opposition	Right	ChristensenRené	Christensen, René	M	1970	
ParlaMint-DK-en_2021-04-27-20201-M104	ParlaMint-DK_20210427190555	Hansard of the session of the Danish Parliament (Folketinget), 20201, M104 (2021-04-27), preliminary version	2021-04-27	Unicameralism	Regeringen Mette Frederiksen	20201	M104	-	-	COVID	English	Chairperson	MP	notMinister	EL	Enhedslisten	-	Left to far-left	JuhlChristian	Juhl, Christian	M	1953	
ParlaMint-DK-en_2021-04-27-20201-M104	ParlaMint-DK_20210427190601	Hansard of the session of the Danish Parliament (Folketinget), 20201, M104 (2021-04-27), preliminary version	2021-04-27	Unicameralism	Regeringen Mette Frederiksen	20201	M104	-	-	COVID	English	Regular	MP	notMinister	S	Socialdemokratiet	Coalition	Centre-left	BruusJeppe	Bruus, Jeppe	M	1978	
ParlaMint-DK-en_2021-04-27-20201-M104	ParlaMint-DK_20210427190649	Hansard of the session of the Danish Parliament (Folketinget), 20201, M104 (2021-04-27), preliminary version	2021-04-27	Unicameralism	Regeringen Mette Frederiksen	20201	M104	-	-	COVID	English	Chairperson	MP	notMinister	EL	Enhedslisten	-	Left to far-left	JuhlChristian	Juhl, Christian	M	1953	
ParlaMint-DK-en_2021-04-27-20201-M104	ParlaMint-DK_20210427190651	Hansard of the session of the Danish Parliament (Folketinget), 20201, M104 (2021-04-27), preliminary version	2021-04-27	Unicameralism	Regeringen Mette Frederiksen	20201	M104	-	-	COVID	English	Regular	MP	notMinister	DF	Dansk Folkeparti	Opposition	Right	ChristensenRené	Christensen, René	M	1970	
ParlaMint-DK-en_2021-04-27-20201-M104	ParlaMint-DK_20210427190656	Hansard of the session of the Danish Parliament (Folketinget), 20201, M104 (2021-04-27), preliminary version	2021-04-27	Unicameralism	Regeringen Mette Frederiksen	20201	M104	-	-	COVID	English	Chairperson	MP	notMinister	EL	Enhedslisten	-	Left to far-left	JuhlChristian	Juhl, Christian	M	1953	
ParlaMint-DK-en_2021-04-27-20201-M104	ParlaMint-DK_20210427190659	Hansard of the session of the Danish Parliament (Folketinget), 20201, M104 (2021-04-27), preliminary version	2021-04-27	Unicameralism	Regeringen Mette Frederiksen	20201	M104	-	-	COVID	English	Regular	MP	notMinister	S	Socialdemokratiet	Coalition	Centre-left	BruusJeppe	Bruus, Jeppe	M	1978	
ParlaMint-DK-en_2021-04-27-20201-M104	ParlaMint-DK_20210427190755	Hansard of the session of the Danish Parliament (Folketinget), 20201, M104 (2021-04-27), preliminary version	2021-04-27	Unicameralism	Regeringen Mette Frederiksen	20201	M104	-	-	COVID	English	Chairperson	MP	notMinister	EL	Enhedslisten	-	Left to far-left	JuhlChristian	Juhl, Christian	M	1953	
ParlaMint-DK-en_2021-04-27-20201-M104	ParlaMint-DK_20210427190757	Hansard of the session of the Danish Parliament (Folketinget), 20201, M104 (2021-04-27), preliminary version	2021-04-27	Unicameralism	Regeringen Mette Frederiksen	20201	M104	-	-	COVID	English	Regular	MP	notMinister	DF	Dansk Folkeparti	Opposition	Right	ChristensenRené	Christensen, René	M	1970	
ParlaMint-DK-en_2021-04-27-20201-M104	ParlaMint-DK_20210427190838	Hansard of the session of the Danish Parliament (Folketinget), 20201, M104 (2021-04-27), preliminary version	2021-04-27	Unicameralism	Regeringen Mette Frederiksen	20201	M104	-	-	COVID	English	Chairperson	MP	notMinister	EL	Enhedslisten	-	Left to far-left	JuhlChristian	Juhl, Christian	M	1953	
ParlaMint-DK-en_2021-04-27-20201-M104	ParlaMint-DK_20210427190842	Hansard of the session of the Danish Parliament (Folketinget), 20201, M104 (2021-04-27), preliminary version	2021-04-27	Unicameralism	Regeringen Mette Frederiksen	20201	M104	-	-	COVID	English	Regular	MP	notMinister	RV	Radikale Venstre	-	Centre to centre-left	HegaardKristian	Hegaard, Kristian	M	1991	
ParlaMint-DK-en_2021-04-27-20201-M104	ParlaMint-DK_20210427190900	Hansard of the session of the Danish Parliament (Folketinget), 20201, M104 (2021-04-27), preliminary version	2021-04-27	Unicameralism	Regeringen Mette Frederiksen	20201	M104	-	-	COVID	English	Chairperson	MP	notMinister	EL	Enhedslisten	-	Left to far-left	JuhlChristian	Juhl, Christian	M	1953	
ParlaMint-DK-en_2021-04-27-20201-M104	ParlaMint-DK_20210427190902	Hansard of the session of the Danish Parliament (Folketinget), 20201, M104 (2021-04-27), preliminary version	2021-04-27	Unicameralism	Regeringen Mette Frederiksen	20201	M104	-	-	COVID	English	Regular	MP	notMinister	DF	Dansk Folkeparti	Opposition	Right	ChristensenRené	Christensen, René	M	1970	
ParlaMint-DK-en_2021-04-27-20201-M104	ParlaMint-DK_20210427190912	Hansard of the session of the Danish Parliament (Folketinget), 20201, M104 (2021-04-27), preliminary version	2021-04-27	Unicameralism	Regeringen Mette Frederiksen	20201	M104	-	-	COVID	English	Chairperson	MP	notMinister	EL	Enhedslisten	-	Left to far-left	JuhlChristian	Juhl, Christian	M	1953	
ParlaMint-DK-en_2021-04-27-20201-M104	ParlaMint-DK_20210427190915	Hansard of the session of the Danish Parliament (Folketinget), 20201, M104 (2021-04-27), preliminary version	2021-04-27	Unicameralism	Regeringen Mette Frederiksen	20201	M104	-	-	COVID	English	Regular	MP	notMinister	RV	Radikale Venstre	-	Centre to centre-left	HegaardKristian	Hegaard, Kristian	M	1991	
ParlaMint-DK-en_2021-04-27-20201-M104	ParlaMint-DK_20210427190929	Hansard of the session of the Danish Parliament (Folketinget), 20201, M104 (2021-04-27), preliminary version	2021-04-27	Unicameralism	Regeringen Mette Frederiksen	20201	M104	-	-	COVID	English	Chairperson	MP	notMinister	EL	Enhedslisten	-	Left to far-left	JuhlChristian	Juhl, Christian	M	1953	
ParlaMint-DK-en_2021-04-27-20201-M104	ParlaMint-DK_20210427190930	Hansard of the session of the Danish Parliament (Folketinget), 20201, M104 (2021-04-27), preliminary version	2021-04-27	Unicameralism	Regeringen Mette Frederiksen	20201	M104	-	-	COVID	English	Regular	MP	notMinister	DF	Dansk Folkeparti	Opposition	Right	ChristensenRené	Christensen, René	M	1970	
ParlaMint-DK-en_2021-04-27-20201-M104	ParlaMint-DK_20210427190955	Hansard of the session of the Danish Parliament (Folketinget), 20201, M104 (2021-04-27), preliminary version	2021-04-27	Unicameralism	Regeringen Mette Frederiksen	20201	M104	-	-	COVID	English	Chairperson	MP	notMinister	EL	Enhedslisten	-	Left to far-left	JuhlChristian	Juhl, Christian	M	1953	
ParlaMint-DK-en_2021-04-27-20201-M104	ParlaMint-DK_20210427190957	Hansard of the session of the Danish Parliament (Folketinget), 20201, M104 (2021-04-27), preliminary version	2021-04-27	Unicameralism	Regeringen Mette Frederiksen	20201	M104	-	-	COVID	English	Regular	MP	notMinister	NB	Nye Borgerlige	Opposition	Right to far-right	VermundPernille	Vermund, Pernille	F	1975	
ParlaMint-DK-en_2021-04-27-20201-M104	ParlaMint-DK_20210427191130	Hansard of the session of the Danish Parliament (Folketinget), 20201, M104 (2021-04-27), preliminary version	2021-04-27	Unicameralism	Regeringen Mette Frederiksen	20201	M104	-	-	COVID	English	Chairperson	MP	notMinister	EL	Enhedslisten	-	Left to far-left	JuhlChristian	Juhl, Christian	M	1953	
ParlaMint-DK-en_2021-04-27-20201-M104	ParlaMint-DK_20210427191131	Hansard of the session of the Danish Parliament (Folketinget), 20201, M104 (2021-04-27), preliminary version	2021-04-27	Unicameralism	Regeringen Mette Frederiksen	20201	M104	-	-	COVID	English	Regular	MP	notMinister	DF	Dansk Folkeparti	Opposition	Right	ChristensenRené	Christensen, René	M	1970	
ParlaMint-DK-en_2021-04-27-20201-M104	ParlaMint-DK_20210427191214	Hansard of the session of the Danish Parliament (Folketinget), 20201, M104 (2021-04-27), preliminary version	2021-04-27	Unicameralism	Regeringen Mette Frederiksen	20201	M104	-	-	COVID	English	Chairperson	MP	notMinister	EL	Enhedslisten	-	Left to far-left	JuhlChristian	Juhl, Christian	M	1953	
ParlaMint-DK-en_2021-04-27-20201-M104	ParlaMint-DK_20210427191235	Hansard of the session of the Danish Parliament (Folketinget), 20201, M104 (2021-04-27), preliminary version	2021-04-27	Unicameralism	Regeringen Mette Frederiksen	20201	M104	-	-	COVID	English	Chairperson	MP	notMinister	EL	Enhedslisten	-	Left to far-left	JuhlChristian	Juhl, Christian	M	1953	
ParlaMint-DK-en_2021-04-27-20201-M104	ParlaMint-DK_20210427191256	Hansard of the session of the Danish Parliament (Folketinget), 20201, M104 (2021-04-27), preliminary version	2021-04-27	Unicameralism	Regeringen Mette Frederiksen	20201	M104	-	-	COVID	English	Regular	MP	Minister	S	Socialdemokratiet	Coalition	Centre-left	WermelinLea	Wermelin, Lea	F	1985	
ParlaMint-DK-en_2021-04-27-20201-M104	ParlaMint-DK_20210427191634	Hansard of the session of the Danish Parliament (Folketinget), 20201, M104 (2021-04-27), preliminary version	2021-04-27	Unicameralism	Regeringen Mette Frederiksen	20201	M104	-	-	COVID	English	Chairperson	MP	notMinister	EL	Enhedslisten	-	Left to far-left	JuhlChristian	Juhl, Christian	M	1953	
ParlaMint-DK-en_2021-04-27-20201-M104	ParlaMint-DK_20210427191641	Hansard of the session of the Danish Parliament (Folketinget), 20201, M104 (2021-04-27), preliminary version	2021-04-27	Unicameralism	Regeringen Mette Frederiksen	20201	M104	-	-	COVID	English	Regular	MP	notMinister	V	Venstre	Opposition	Centre-right	LorentzenKristianPihl	Lorentzen, Kristian Pihl	M	1961	
ParlaMint-DK-en_2021-04-27-20201-M104	ParlaMint-DK_20210427191753	Hansard of the session of the Danish Parliament (Folketinget), 20201, M104 (2021-04-27), preliminary version	2021-04-27	Unicameralism	Regeringen Mette Frederiksen	20201	M104	-	-	COVID	English	Chairperson	MP	notMinister	EL	Enhedslisten	-	Left to far-left	JuhlChristian	Juhl, Christian	M	1953	
ParlaMint-DK-en_2021-04-27-20201-M104	ParlaMint-DK_20210427191756	Hansard of the session of the Danish Parliament (Folketinget), 20201, M104 (2021-04-27), preliminary version	2021-04-27	Unicameralism	Regeringen Mette Frederiksen	20201	M104	-	-	COVID	English	Regular	MP	Minister	S	Socialdemokratiet	Coalition	Centre-left	WermelinLea	Wermelin, Lea	F	1985	
ParlaMint-DK-en_2021-04-27-20201-M104	ParlaMint-DK_20210427191900	Hansard of the session of the Danish Parliament (Folketinget), 20201, M104 (2021-04-27), preliminary version	2021-04-27	Unicameralism	Regeringen Mette Frederiksen	20201	M104	-	-	COVID	English	Chairperson	MP	notMinister	EL	Enhedslisten	-	Left to far-left	JuhlChristian	Juhl, Christian	M	1953	
ParlaMint-DK-en_2021-04-27-20201-M104	ParlaMint-DK_20210427191903	Hansard of the session of the Danish Parliament (Folketinget), 20201, M104 (2021-04-27), preliminary version	2021-04-27	Unicameralism	Regeringen Mette Frederiksen	20201	M104	-	-	COVID	English	Regular	MP	notMinister	V	Venstre	Opposition	Centre-right	LorentzenKristianPihl	Lorentzen, Kristian Pihl	M	1961	
ParlaMint-DK-en_2021-04-27-20201-M104	ParlaMint-DK_20210427191943	Hansard of the session of the Danish Parliament (Folketinget), 20201, M104 (2021-04-27), preliminary version	2021-04-27	Unicameralism	Regeringen Mette Frederiksen	20201	M104	-	-	COVID	English	Chairperson	MP	notMinister	EL	Enhedslisten	-	Left to far-left	JuhlChristian	Juhl, Christian	M	1953	
ParlaMint-DK-en_2021-04-27-20201-M104	ParlaMint-DK_20210427191945	Hansard of the session of the Danish Parliament (Folketinget), 20201, M104 (2021-04-27), preliminary version	2021-04-27	Unicameralism	Regeringen Mette Frederiksen	20201	M104	-	-	COVID	English	Regular	MP	Minister	S	Socialdemokratiet	Coalition	Centre-left	WermelinLea	Wermelin, Lea	F	1985	
ParlaMint-DK-en_2021-04-27-20201-M104	ParlaMint-DK_20210427192022	Hansard of the session of the Danish Parliament (Folketinget), 20201, M104 (2021-04-27), preliminary version	2021-04-27	Unicameralism	Regeringen Mette Frederiksen	20201	M104	-	-	COVID	English	Chairperson	MP	notMinister	EL	Enhedslisten	-	Left to far-left	JuhlChristian	Juhl, Christian	M	1953	
ParlaMint-DK-en_2021-04-27-20201-M104	ParlaMint-DK_20210427192024	Hansard of the session of the Danish Parliament (Folketinget), 20201, M104 (2021-04-27), preliminary version	2021-04-27	Unicameralism	Regeringen Mette Frederiksen	20201	M104	-	-	COVID	English	Regular	MP	notMinister	DF	Dansk Folkeparti	Opposition	Right	ChristensenRené	Christensen, René	M	1970	
ParlaMint-DK-en_2021-04-27-20201-M104	ParlaMint-DK_20210427192114	Hansard of the session of the Danish Parliament (Folketinget), 20201, M104 (2021-04-27), preliminary version	2021-04-27	Unicameralism	Regeringen Mette Frederiksen	20201	M104	-	-	COVID	English	Chairperson	MP	notMinister	EL	Enhedslisten	-	Left to far-left	JuhlChristian	Juhl, Christian	M	1953	
ParlaMint-DK-en_2021-04-27-20201-M104	ParlaMint-DK_20210427192115	Hansard of the session of the Danish Parliament (Folketinget), 20201, M104 (2021-04-27), preliminary version	2021-04-27	Unicameralism	Regeringen Mette Frederiksen	20201	M104	-	-	COVID	English	Regular	MP	Minister	S	Socialdemokratiet	Coalition	Centre-left	WermelinLea	Wermelin, Lea	F	1985	
ParlaMint-DK-en_2021-04-27-20201-M104	ParlaMint-DK_20210427192159	Hansard of the session of the Danish Parliament (Folketinget), 20201, M104 (2021-04-27), preliminary version	2021-04-27	Unicameralism	Regeringen Mette Frederiksen	20201	M104	-	-	COVID	English	Chairperson	MP	notMinister	EL	Enhedslisten	-	Left to far-left	JuhlChristian	Juhl, Christian	M	1953	
ParlaMint-DK-en_2021-04-27-20201-M104	ParlaMint-DK_20210427192201	Hansard of the session of the Danish Parliament (Folketinget), 20201, M104 (2021-04-27), preliminary version	2021-04-27	Unicameralism	Regeringen Mette Frederiksen	20201	M104	-	-	COVID	English	Regular	MP	notMinister	DF	Dansk Folkeparti	Opposition	Right	ChristensenRené	Christensen, René	M	1970	
ParlaMint-DK-en_2021-04-27-20201-M104	ParlaMint-DK_20210427192233	Hansard of the session of the Danish Parliament (Folketinget), 20201, M104 (2021-04-27), preliminary version	2021-04-27	Unicameralism	Regeringen Mette Frederiksen	20201	M104	-	-	COVID	English	Chairperson	MP	notMinister	EL	Enhedslisten	-	Left to far-left	JuhlChristian	Juhl, Christian	M	1953	
ParlaMint-DK-en_2021-04-27-20201-M104	ParlaMint-DK_20210427192235	Hansard of the session of the Danish Parliament (Folketinget), 20201, M104 (2021-04-27), preliminary version	2021-04-27	Unicameralism	Regeringen Mette Frederiksen	20201	M104	-	-	COVID	English	Regular	MP	Minister	S	Socialdemokratiet	Coalition	Centre-left	WermelinLea	Wermelin, Lea	F	1985	
ParlaMint-DK-en_2021-04-27-20201-M104	ParlaMint-DK_20210427192312	Hansard of the session of the Danish Parliament (Folketinget), 20201, M104 (2021-04-27), preliminary version	2021-04-27	Unicameralism	Regeringen Mette Frederiksen	20201	M104	-	-	COVID	English	Chairperson	MP	notMinister	EL	Enhedslisten	-	Left to far-left	JuhlChristian	Juhl, Christian	M	1953	
ParlaMint-DK-en_2021-04-27-20201-M104	ParlaMint-DK_20210427192342	Hansard of the session of the Danish Parliament (Folketinget), 20201, M104 (2021-04-27), preliminary version	2021-04-27	Unicameralism	Regeringen Mette Frederiksen	20201	M104	-	-	COVID	English	Regular	MP	notMinister	S	Socialdemokratiet	Coalition	Centre-left	GjerskovMette	Gjerskov, Mette	F	1966	
ParlaMint-DK-en_2021-04-27-20201-M104	ParlaMint-DK_20210427192848	Hansard of the session of the Danish Parliament (Folketinget), 20201, M104 (2021-04-27), preliminary version	2021-04-27	Unicameralism	Regeringen Mette Frederiksen	20201	M104	-	-	COVID	English	Chairperson	MP	notMinister	EL	Enhedslisten	-	Left to far-left	JuhlChristian	Juhl, Christian	M	1953	
ParlaMint-DK-en_2021-04-27-20201-M104	ParlaMint-DK_20210427192853	Hansard of the session of the Danish Parliament (Folketinget), 20201, M104 (2021-04-27), preliminary version	2021-04-27	Unicameralism	Regeringen Mette Frederiksen	20201	M104	-	-	COVID	English	Regular	MP	notMinister	V	Venstre	Opposition	Centre-right	LorentzenKristianPihl	Lorentzen, Kristian Pihl	M	1961	
ParlaMint-DK-en_2021-04-27-20201-M104	ParlaMint-DK_20210427192955	Hansard of the session of the Danish Parliament (Folketinget), 20201, M104 (2021-04-27), preliminary version	2021-04-27	Unicameralism	Regeringen Mette Frederiksen	20201	M104	-	-	COVID	English	Chairperson	MP	notMinister	EL	Enhedslisten	-	Left to far-left	JuhlChristian	Juhl, Christian	M	1953	
ParlaMint-DK-en_2021-04-27-20201-M104	ParlaMint-DK_20210427192958	Hansard of the session of the Danish Parliament (Folketinget), 20201, M104 (2021-04-27), preliminary version	2021-04-27	Unicameralism	Regeringen Mette Frederiksen	20201	M104	-	-	COVID	English	Regular	MP	notMinister	S	Socialdemokratiet	Coalition	Centre-left	GjerskovMette	Gjerskov, Mette	F	1966	
ParlaMint-DK-en_2021-04-27-20201-M104	ParlaMint-DK_20210427193049	Hansard of the session of the Danish Parliament (Folketinget), 20201, M104 (2021-04-27), preliminary version	2021-04-27	Unicameralism	Regeringen Mette Frederiksen	20201	M104	-	-	COVID	English	Chairperson	MP	notMinister	EL	Enhedslisten	-	Left to far-left	JuhlChristian	Juhl, Christian	M	1953	
ParlaMint-DK-en_2021-04-27-20201-M104	ParlaMint-DK_20210427193051	Hansard of the session of the Danish Parliament (Folketinget), 20201, M104 (2021-04-27), preliminary version	2021-04-27	Unicameralism	Regeringen Mette Frederiksen	20201	M104	-	-	COVID	English	Regular	MP	notMinister	V	Venstre	Opposition	Centre-right	LorentzenKristianPihl	Lorentzen, Kristian Pihl	M	1961	
ParlaMint-DK-en_2021-04-27-20201-M104	ParlaMint-DK_20210427193113	Hansard of the session of the Danish Parliament (Folketinget), 20201, M104 (2021-04-27), preliminary version	2021-04-27	Unicameralism	Regeringen Mette Frederiksen	20201	M104	-	-	COVID	English	Chairperson	MP	notMinister	EL	Enhedslisten	-	Left to far-left	JuhlChristian	Juhl, Christian	M	1953	
ParlaMint-DK-en_2021-04-27-20201-M104	ParlaMint-DK_20210427193116	Hansard of the session of the Danish Parliament (Folketinget), 20201, M104 (2021-04-27), preliminary version	2021-04-27	Unicameralism	Regeringen Mette Frederiksen	20201	M104	-	-	COVID	English	Regular	MP	notMinister	S	Socialdemokratiet	Coalition	Centre-left	GjerskovMette	Gjerskov, Mette	F	1966	
ParlaMint-DK-en_2021-04-27-20201-M104	ParlaMint-DK_20210427193156	Hansard of the session of the Danish Parliament (Folketinget), 20201, M104 (2021-04-27), preliminary version	2021-04-27	Unicameralism	Regeringen Mette Frederiksen	20201	M104	-	-	COVID	English	Chairperson	MP	notMinister	EL	Enhedslisten	-	Left to far-left	JuhlChristian	Juhl, Christian	M	1953	
ParlaMint-DK-en_2021-04-27-20201-M104	ParlaMint-DK_20210427193200	Hansard of the session of the Danish Parliament (Folketinget), 20201, M104 (2021-04-27), preliminary version	2021-04-27	Unicameralism	Regeringen Mette Frederiksen	20201	M104	-	-	COVID	English	Regular	MP	notMinister	UFG	Uden for folketingsgrupperne	-	-	ZimmerSusanne	Zimmer, Susanne	F	1960	
ParlaMint-DK-en_2021-04-27-20201-M104	ParlaMint-DK_20210427193229	Hansard of the session of the Danish Parliament (Folketinget), 20201, M104 (2021-04-27), preliminary version	2021-04-27	Unicameralism	Regeringen Mette Frederiksen	20201	M104	-	-	COVID	English	Chairperson	MP	notMinister	EL	Enhedslisten	-	Left to far-left	JuhlChristian	Juhl, Christian	M	1953	
ParlaMint-DK-en_2021-04-27-20201-M104	ParlaMint-DK_20210427193231	Hansard of the session of the Danish Parliament (Folketinget), 20201, M104 (2021-04-27), preliminary version	2021-04-27	Unicameralism	Regeringen Mette Frederiksen	20201	M104	-	-	COVID	English	Regular	MP	notMinister	S	Socialdemokratiet	Coalition	Centre-left	GjerskovMette	Gjerskov, Mette	F	1966	
ParlaMint-DK-en_2021-04-27-20201-M104	ParlaMint-DK_20210427193305	Hansard of the session of the Danish Parliament (Folketinget), 20201, M104 (2021-04-27), preliminary version	2021-04-27	Unicameralism	Regeringen Mette Frederiksen	20201	M104	-	-	COVID	English	Chairperson	MP	notMinister	EL	Enhedslisten	-	Left to far-left	JuhlChristian	Juhl, Christian	M	1953	
ParlaMint-DK-en_2021-04-27-20201-M104	ParlaMint-DK_20210427193308	Hansard of the session of the Danish Parliament (Folketinget), 20201, M104 (2021-04-27), preliminary version	2021-04-27	Unicameralism	Regeringen Mette Frederiksen	20201	M104	-	-	COVID	English	Regular	MP	notMinister	UFG	Uden for folketingsgrupperne	-	-	ZimmerSusanne	Zimmer, Susanne	F	1960	
ParlaMint-DK-en_2021-04-27-20201-M104	ParlaMint-DK_20210427193317	Hansard of the session of the Danish Parliament (Folketinget), 20201, M104 (2021-04-27), preliminary version	2021-04-27	Unicameralism	Regeringen Mette Frederiksen	20201	M104	-	-	COVID	English	Chairperson	MP	notMinister	EL	Enhedslisten	-	Left to far-left	JuhlChristian	Juhl, Christian	M	1953	
ParlaMint-DK-en_2021-04-27-20201-M104	ParlaMint-DK_20210427193319	Hansard of the session of the Danish Parliament (Folketinget), 20201, M104 (2021-04-27), preliminary version	2021-04-27	Unicameralism	Regeringen Mette Frederiksen	20201	M104	-	-	COVID	English	Regular	MP	notMinister	S	Socialdemokratiet	Coalition	Centre-left	GjerskovMette	Gjerskov, Mette	F	1966	
ParlaMint-DK-en_2021-04-27-20201-M104	ParlaMint-DK_20210427193408	Hansard of the session of the Danish Parliament (Folketinget), 20201, M104 (2021-04-27), preliminary version	2021-04-27	Unicameralism	Regeringen Mette Frederiksen	20201	M104	-	-	COVID	English	Chairperson	MP	notMinister	EL	Enhedslisten	-	Left to far-left	JuhlChristian	Juhl, Christian	M	1953	
ParlaMint-DK-en_2021-04-27-20201-M104	ParlaMint-DK_20210427193451	Hansard of the session of the Danish Parliament (Folketinget), 20201, M104 (2021-04-27), preliminary version	2021-04-27	Unicameralism	Regeringen Mette Frederiksen	20201	M104	-	-	COVID	English	Regular	MP	notMinister	DF	Dansk Folkeparti	Opposition	Right	ChristensenRené	Christensen, René	M	1970	
ParlaMint-DK-en_2021-04-27-20201-M104	ParlaMint-DK_20210427193649	Hansard of the session of the Danish Parliament (Folketinget), 20201, M104 (2021-04-27), preliminary version	2021-04-27	Unicameralism	Regeringen Mette Frederiksen	20201	M104	-	-	COVID	English	Chairperson	MP	notMinister	EL	Enhedslisten	-	Left to far-left	JuhlChristian	Juhl, Christian	M	1953	
ParlaMint-DK-en_2021-04-27-20201-M104	ParlaMint-DK_20210427193715	Hansard of the session of the Danish Parliament (Folketinget), 20201, M104 (2021-04-27), preliminary version	2021-04-27	Unicameralism	Regeringen Mette Frederiksen	20201	M104	-	-	COVID	English	Regular	MP	notMinister	SF	Socialistisk Folkeparti	-	Centre-left to left	MunkSigne	Munk, Signe	F	1990	
ParlaMint-DK-en_2021-04-27-20201-M104	ParlaMint-DK_20210427194011	Hansard of the session of the Danish Parliament (Folketinget), 20201, M104 (2021-04-27), preliminary version	2021-04-27	Unicameralism	Regeringen Mette Frederiksen	20201	M104	-	-	COVID	English	Chairperson	MP	notMinister	EL	Enhedslisten	-	Left to far-left	JuhlChristian	Juhl, Christian	M	1953	
ParlaMint-DK-en_2021-04-27-20201-M104	ParlaMint-DK_20210427194013	Hansard of the session of the Danish Parliament (Folketinget), 20201, M104 (2021-04-27), preliminary version	2021-04-27	Unicameralism	Regeringen Mette Frederiksen	20201	M104	-	-	COVID	English	Regular	MP	notMinister	V	Venstre	Opposition	Centre-right	LorentzenKristianPihl	Lorentzen, Kristian Pihl	M	1961	
ParlaMint-DK-en_2021-04-27-20201-M104	ParlaMint-DK_20210427194114	Hansard of the session of the Danish Parliament (Folketinget), 20201, M104 (2021-04-27), preliminary version	2021-04-27	Unicameralism	Regeringen Mette Frederiksen	20201	M104	-	-	COVID	English	Chairperson	MP	notMinister	EL	Enhedslisten	-	Left to far-left	JuhlChristian	Juhl, Christian	M	1953	
ParlaMint-DK-en_2021-04-27-20201-M104	ParlaMint-DK_20210427194116	Hansard of the session of the Danish Parliament (Folketinget), 20201, M104 (2021-04-27), preliminary version	2021-04-27	Unicameralism	Regeringen Mette Frederiksen	20201	M104	-	-	COVID	English	Regular	MP	notMinister	SF	Socialistisk Folkeparti	-	Centre-left to left	MunkSigne	Munk, Signe	F	1990	
ParlaMint-DK-en_2021-04-27-20201-M104	ParlaMint-DK_20210427194213	Hansard of the session of the Danish Parliament (Folketinget), 20201, M104 (2021-04-27), preliminary version	2021-04-27	Unicameralism	Regeringen Mette Frederiksen	20201	M104	-	-	COVID	English	Chairperson	MP	notMinister	EL	Enhedslisten	-	Left to far-left	JuhlChristian	Juhl, Christian	M	1953	
ParlaMint-DK-en_2021-04-27-20201-M104	ParlaMint-DK_20210427194215	Hansard of the session of the Danish Parliament (Folketinget), 20201, M104 (2021-04-27), preliminary version	2021-04-27	Unicameralism	Regeringen Mette Frederiksen	20201	M104	-	-	COVID	English	Regular	MP	notMinister	V	Venstre	Opposition	Centre-right	LorentzenKristianPihl	Lorentzen, Kristian Pihl	M	1961	
ParlaMint-DK-en_2021-04-27-20201-M104	ParlaMint-DK_20210427194242	Hansard of the session of the Danish Parliament (Folketinget), 20201, M104 (2021-04-27), preliminary version	2021-04-27	Unicameralism	Regeringen Mette Frederiksen	20201	M104	-	-	COVID	English	Chairperson	MP	notMinister	EL	Enhedslisten	-	Left to far-left	JuhlChristian	Juhl, Christian	M	1953	
ParlaMint-DK-en_2021-04-27-20201-M104	ParlaMint-DK_20210427194244	Hansard of the session of the Danish Parliament (Folketinget), 20201, M104 (2021-04-27), preliminary version	2021-04-27	Unicameralism	Regeringen Mette Frederiksen	20201	M104	-	-	COVID	English	Regular	MP	notMinister	SF	Socialistisk Folkeparti	-	Centre-left to left	MunkSigne	Munk, Signe	F	1990	
ParlaMint-DK-en_2021-04-27-20201-M104	ParlaMint-DK_20210427194321	Hansard of the session of the Danish Parliament (Folketinget), 20201, M104 (2021-04-27), preliminary version	2021-04-27	Unicameralism	Regeringen Mette Frederiksen	20201	M104	-	-	COVID	English	Chairperson	MP	notMinister	EL	Enhedslisten	-	Left to far-left	JuhlChristian	Juhl, Christian	M	1953	
ParlaMint-DK-en_2021-04-27-20201-M104	ParlaMint-DK_20210427194354	Hansard of the session of the Danish Parliament (Folketinget), 20201, M104 (2021-04-27), preliminary version	2021-04-27	Unicameralism	Regeringen Mette Frederiksen	20201	M104	-	-	COVID	English	Regular	MP	notMinister	RV	Radikale Venstre	-	Centre to centre-left	StampeZenia	Stampe, Zenia	F	1979	
ParlaMint-DK-en_2021-04-27-20201-M104	ParlaMint-DK_20210427194549	Hansard of the session of the Danish Parliament (Folketinget), 20201, M104 (2021-04-27), preliminary version	2021-04-27	Unicameralism	Regeringen Mette Frederiksen	20201	M104	-	-	COVID	English	Chairperson	MP	notMinister	EL	Enhedslisten	-	Left to far-left	JuhlChristian	Juhl, Christian	M	1953	
ParlaMint-DK-en_2021-04-27-20201-M104	ParlaMint-DK_20210427194552	Hansard of the session of the Danish Parliament (Folketinget), 20201, M104 (2021-04-27), preliminary version	2021-04-27	Unicameralism	Regeringen Mette Frederiksen	20201	M104	-	-	COVID	English	Regular	MP	notMinister	V	Venstre	Opposition	Centre-right	LorentzenKristianPihl	Lorentzen, Kristian Pihl	M	1961	
ParlaMint-DK-en_2021-04-27-20201-M104	ParlaMint-DK_20210427194621	Hansard of the session of the Danish Parliament (Folketinget), 20201, M104 (2021-04-27), preliminary version	2021-04-27	Unicameralism	Regeringen Mette Frederiksen	20201	M104	-	-	COVID	English	Chairperson	MP	notMinister	EL	Enhedslisten	-	Left to far-left	JuhlChristian	Juhl, Christian	M	1953	
ParlaMint-DK-en_2021-04-27-20201-M104	ParlaMint-DK_20210427194623	Hansard of the session of the Danish Parliament (Folketinget), 20201, M104 (2021-04-27), preliminary version	2021-04-27	Unicameralism	Regeringen Mette Frederiksen	20201	M104	-	-	COVID	English	Regular	MP	notMinister	RV	Radikale Venstre	-	Centre to centre-left	StampeZenia	Stampe, Zenia	F	1979	
ParlaMint-DK-en_2021-04-27-20201-M104	ParlaMint-DK_20210427194625	Hansard of the session of the Danish Parliament (Folketinget), 20201, M104 (2021-04-27), preliminary version	2021-04-27	Unicameralism	Regeringen Mette Frederiksen	20201	M104	-	-	COVID	English	Chairperson	MP	notMinister	EL	Enhedslisten	-	Left to far-left	JuhlChristian	Juhl, Christian	M	1953	
ParlaMint-DK-en_2021-04-27-20201-M104	ParlaMint-DK_20210427194652	Hansard of the session of the Danish Parliament (Folketinget), 20201, M104 (2021-04-27), preliminary version	2021-04-27	Unicameralism	Regeringen Mette Frederiksen	20201	M104	-	-	COVID	English	Regular	notMP	notMinister	EL	Enhedslisten	-	Left to far-left	MadsenRasmusVestergaard	Madsen, Rasmus Vestergaard	M	1991	
ParlaMint-DK-en_2021-04-27-20201-M104	ParlaMint-DK_20210427194934	Hansard of the session of the Danish Parliament (Folketinget), 20201, M104 (2021-04-27), preliminary version	2021-04-27	Unicameralism	Regeringen Mette Frederiksen	20201	M104	-	-	COVID	English	Chairperson	MP	notMinister	EL	Enhedslisten	-	Left to far-left	JuhlChristian	Juhl, Christian	M	1953	
ParlaMint-DK-en_2021-04-27-20201-M104	ParlaMint-DK_20210427194945	Hansard of the session of the Danish Parliament (Folketinget), 20201, M104 (2021-04-27), preliminary version	2021-04-27	Unicameralism	Regeringen Mette Frederiksen	20201	M104	-	-	COVID	English	Regular	MP	notMinister	V	Venstre	Opposition	Centre-right	LorentzenKristianPihl	Lorentzen, Kristian Pihl	M	1961	
ParlaMint-DK-en_2021-04-27-20201-M104	ParlaMint-DK_20210427195031	Hansard of the session of the Danish Parliament (Folketinget), 20201, M104 (2021-04-27), preliminary version	2021-04-27	Unicameralism	Regeringen Mette Frederiksen	20201	M104	-	-	COVID	English	Chairperson	MP	notMinister	EL	Enhedslisten	-	Left to far-left	JuhlChristian	Juhl, Christian	M	1953	
ParlaMint-DK-en_2021-04-27-20201-M104	ParlaMint-DK_20210427195034	Hansard of the session of the Danish Parliament (Folketinget), 20201, M104 (2021-04-27), preliminary version	2021-04-27	Unicameralism	Regeringen Mette Frederiksen	20201	M104	-	-	COVID	English	Regular	notMP	notMinister	EL	Enhedslisten	-	Left to far-left	MadsenRasmusVestergaard	Madsen, Rasmus Vestergaard	M	1991	
ParlaMint-DK-en_2021-04-27-20201-M104	ParlaMint-DK_20210427195044	Hansard of the session of the Danish Parliament (Folketinget), 20201, M104 (2021-04-27), preliminary version	2021-04-27	Unicameralism	Regeringen Mette Frederiksen	20201	M104	-	-	COVID	English	Chairperson	MP	notMinister	EL	Enhedslisten	-	Left to far-left	JuhlChristian	Juhl, Christian	M	1953	
ParlaMint-DK-en_2021-04-27-20201-M104	ParlaMint-DK_20210427195107	Hansard of the session of the Danish Parliament (Folketinget), 20201, M104 (2021-04-27), preliminary version	2021-04-27	Unicameralism	Regeringen Mette Frederiksen	20201	M104	-	-	COVID	English	Regular	MP	notMinister	KF	Det Konservative Folkeparti	Opposition	Centre-right	JuulMona	Juul, Mona	F	1967	
ParlaMint-DK-en_2021-04-27-20201-M104	ParlaMint-DK_20210427195543	Hansard of the session of the Danish Parliament (Folketinget), 20201, M104 (2021-04-27), preliminary version	2021-04-27	Unicameralism	Regeringen Mette Frederiksen	20201	M104	-	-	COVID	English	Chairperson	MP	notMinister	EL	Enhedslisten	-	Left to far-left	JuhlChristian	Juhl, Christian	M	1953	
ParlaMint-DK-en_2021-04-27-20201-M104	ParlaMint-DK_20210427195559	Hansard of the session of the Danish Parliament (Folketinget), 20201, M104 (2021-04-27), preliminary version	2021-04-27	Unicameralism	Regeringen Mette Frederiksen	20201	M104	-	-	COVID	English	Regular	MP	notMinister	NB	Nye Borgerlige	Opposition	Right to far-right	ChristensenPeterSeier	Christensen, Peter Seier	M	1967	
ParlaMint-DK-en_2021-04-27-20201-M104	ParlaMint-DK_20210427195653	Hansard of the session of the Danish Parliament (Folketinget), 20201, M104 (2021-04-27), preliminary version	2021-04-27	Unicameralism	Regeringen Mette Frederiksen	20201	M104	-	-	COVID	English	Chairperson	MP	notMinister	EL	Enhedslisten	-	Left to far-left	JuhlChristian	Juhl, Christian	M	1953	
ParlaMint-DK-en_2021-04-27-20201-M104	ParlaMint-DK_20210427195715	Hansard of the session of the Danish Parliament (Folketinget), 20201, M104 (2021-04-27), preliminary version	2021-04-27	Unicameralism	Regeringen Mette Frederiksen	20201	M104	-	-	COVID	English	Regular	MP	notMinister	UFG	Uden for folketingsgrupperne	-	-	ZimmerSusanne	Zimmer, Susanne	F	1960	
ParlaMint-DK-en_2021-04-27-20201-M104	ParlaMint-DK_20210427195927	Hansard of the session of the Danish Parliament (Folketinget), 20201, M104 (2021-04-27), preliminary version	2021-04-27	Unicameralism	Regeringen Mette Frederiksen	20201	M104	-	-	COVID	English	Chairperson	MP	notMinister	EL	Enhedslisten	-	Left to far-left	JuhlChristian	Juhl, Christian	M	1953	
ParlaMint-DK-en_2021-04-27-20201-M104	ParlaMint-DK_20210427195930	Hansard of the session of the Danish Parliament (Folketinget), 20201, M104 (2021-04-27), preliminary version	2021-04-27	Unicameralism	Regeringen Mette Frederiksen	20201	M104	-	-	COVID	English	Regular	MP	notMinister	V	Venstre	Opposition	Centre-right	LorentzenKristianPihl	Lorentzen, Kristian Pihl	M	1961	
ParlaMint-DK-en_2021-04-27-20201-M104	ParlaMint-DK_20210427200021	Hansard of the session of the Danish Parliament (Folketinget), 20201, M104 (2021-04-27), preliminary version	2021-04-27	Unicameralism	Regeringen Mette Frederiksen	20201	M104	-	-	COVID	English	Chairperson	MP	notMinister	EL	Enhedslisten	-	Left to far-left	JuhlChristian	Juhl, Christian	M	1953	
ParlaMint-DK-en_2021-04-27-20201-M104	ParlaMint-DK_20210427200022	Hansard of the session of the Danish Parliament (Folketinget), 20201, M104 (2021-04-27), preliminary version	2021-04-27	Unicameralism	Regeringen Mette Frederiksen	20201	M104	-	-	COVID	English	Regular	MP	notMinister	UFG	Uden for folketingsgrupperne	-	-	ZimmerSusanne	Zimmer, Susanne	F	1960	
ParlaMint-DK-en_2021-04-27-20201-M104	ParlaMint-DK_20210427200045	Hansard of the session of the Danish Parliament (Folketinget), 20201, M104 (2021-04-27), preliminary version	2021-04-27	Unicameralism	Regeringen Mette Frederiksen	20201	M104	-	-	COVID	English	Chairperson	MP	notMinister	EL	Enhedslisten	-	Left to far-left	JuhlChristian	Juhl, Christian	M	1953	
ParlaMint-DK-en_2021-04-27-20201-M104	ParlaMint-DK_20210427200109	Hansard of the session of the Danish Parliament (Folketinget), 20201, M104 (2021-04-27), preliminary version	2021-04-27	Unicameralism	Regeringen Mette Frederiksen	20201	M104	-	-	COVID	English	Regular	MP	notMinister	V	Venstre	Opposition	Centre-right	LorentzenKristianPihl	Lorentzen, Kristian Pihl	M	1961	
ParlaMint-DK-en_2021-04-27-20201-M104	ParlaMint-DK_20210427200837	Hansard of the session of the Danish Parliament (Folketinget), 20201, M104 (2021-04-27), preliminary version	2021-04-27	Unicameralism	Regeringen Mette Frederiksen	20201	M104	-	-	COVID	English	Chairperson	MP	notMinister	EL	Enhedslisten	-	Left to far-left	JuhlChristian	Juhl, Christian	M	1953	
ParlaMint-DK-en_2021-04-27-20201-M104	ParlaMint-DK_20210427200844	Hansard of the session of the Danish Parliament (Folketinget), 20201, M104 (2021-04-27), preliminary version	2021-04-27	Unicameralism	Regeringen Mette Frederiksen	20201	M104	-	-	COVID	English	Regular	MP	notMinister	UFG	Uden for folketingsgrupperne	-	-	ZimmerSusanne	Zimmer, Susanne	F	1960	
ParlaMint-DK-en_2021-04-27-20201-M104	ParlaMint-DK_20210427200903	Hansard of the session of the Danish Parliament (Folketinget), 20201, M104 (2021-04-27), preliminary version	2021-04-27	Unicameralism	Regeringen Mette Frederiksen	20201	M104	-	-	COVID	English	Regular	MP	notMinister	V	Venstre	Opposition	Centre-right	LorentzenKristianPihl	Lorentzen, Kristian Pihl	M	1961	
ParlaMint-DK-en_2021-04-27-20201-M104	ParlaMint-DK_20210427201018	Hansard of the session of the Danish Parliament (Folketinget), 20201, M104 (2021-04-27), preliminary version	2021-04-27	Unicameralism	Regeringen Mette Frederiksen	20201	M104	-	-	COVID	English	Chairperson	MP	notMinister	EL	Enhedslisten	-	Left to far-left	JuhlChristian	Juhl, Christian	M	1953	
ParlaMint-DK-en_2021-04-27-20201-M104	ParlaMint-DK_20210427201020	Hansard of the session of the Danish Parliament (Folketinget), 20201, M104 (2021-04-27), preliminary version	2021-04-27	Unicameralism	Regeringen Mette Frederiksen	20201	M104	-	-	COVID	English	Regular	MP	notMinister	UFG	Uden for folketingsgrupperne	-	-	ZimmerSusanne	Zimmer, Susanne	F	1960	
ParlaMint-DK-en_2021-04-27-20201-M104	ParlaMint-DK_20210427201031	Hansard of the session of the Danish Parliament (Folketinget), 20201, M104 (2021-04-27), preliminary version	2021-04-27	Unicameralism	Regeringen Mette Frederiksen	20201	M104	-	-	COVID	English	Chairperson	MP	notMinister	EL	Enhedslisten	-	Left to far-left	JuhlChristian	Juhl, Christian	M	1953	
ParlaMint-DK-en_2021-04-27-20201-M104	ParlaMint-DK_20210427201032	Hansard of the session of the Danish Parliament (Folketinget), 20201, M104 (2021-04-27), preliminary version	2021-04-27	Unicameralism	Regeringen Mette Frederiksen	20201	M104	-	-	COVID	English	Regular	MP	notMinister	V	Venstre	Opposition	Centre-right	LorentzenKristianPihl	Lorentzen, Kristian Pihl	M	1961	
ParlaMint-DK-en_2021-04-27-20201-M104	ParlaMint-DK_20210427201106	Hansard of the session of the Danish Parliament (Folketinget), 20201, M104 (2021-04-27), preliminary version	2021-04-27	Unicameralism	Regeringen Mette Frederiksen	20201	M104	-	-	COVID	English	Chairperson	MP	notMinister	EL	Enhedslisten	-	Left to far-left	JuhlChristian	Juhl, Christian	M	1953	
ParlaMint-DK-en_2021-04-27-20201-M104	ParlaMint-DK_20210427201156	Hansard of the session of the Danish Parliament (Folketinget), 20201, M104 (2021-04-27), preliminary version	2021-04-27	Unicameralism	Regeringen Mette Frederiksen	20201	M104	-	-	COVID	English	Chairperson	MP	notMinister	EL	Enhedslisten	-	Left to far-left	JuhlChristian	Juhl, Christian	M	1953	
ParlaMint-DK-en_2021-04-27-20201-M104	ParlaMint-DK_20210427201207	Hansard of the session of the Danish Parliament (Folketinget), 20201, M104 (2021-04-27), preliminary version	2021-04-27	Unicameralism	Regeringen Mette Frederiksen	20201	M104	-	-	COVID	English	Regular	MP	Minister	S	Socialdemokratiet	Coalition	Centre-left	WermelinLea	Wermelin, Lea	F	1985	
ParlaMint-DK-en_2021-04-27-20201-M104	ParlaMint-DK_20210427201817	Hansard of the session of the Danish Parliament (Folketinget), 20201, M104 (2021-04-27), preliminary version	2021-04-27	Unicameralism	Regeringen Mette Frederiksen	20201	M104	-	-	COVID	English	Chairperson	MP	notMinister	EL	Enhedslisten	-	Left to far-left	JuhlChristian	Juhl, Christian	M	1953	
ParlaMint-DK-en_2021-04-27-20201-M104	ParlaMint-DK_20210427201822	Hansard of the session of the Danish Parliament (Folketinget), 20201, M104 (2021-04-27), preliminary version	2021-04-27	Unicameralism	Regeringen Mette Frederiksen	20201	M104	-	-	COVID	English	Regular	notMP	notMinister	EL	Enhedslisten	-	Left to far-left	MadsenRasmusVestergaard	Madsen, Rasmus Vestergaard	M	1991	
ParlaMint-DK-en_2021-04-27-20201-M104	ParlaMint-DK_20210427201856	Hansard of the session of the Danish Parliament (Folketinget), 20201, M104 (2021-04-27), preliminary version	2021-04-27	Unicameralism	Regeringen Mette Frederiksen	20201	M104	-	-	COVID	English	Chairperson	MP	notMinister	EL	Enhedslisten	-	Left to far-left	JuhlChristian	Juhl, Christian	M	1953	
ParlaMint-DK-en_2021-04-27-20201-M104	ParlaMint-DK_20210427201856-2	Hansard of the session of the Danish Parliament (Folketinget), 20201, M104 (2021-04-27), preliminary version	2021-04-27	Unicameralism	Regeringen Mette Frederiksen	20201	M104	-	-	COVID	English	Regular	MP	Minister	S	Socialdemokratiet	Coalition	Centre-left	WermelinLea	Wermelin, Lea	F	1985	
ParlaMint-DK-en_2021-04-27-20201-M104	ParlaMint-DK_20210427201944	Hansard of the session of the Danish Parliament (Folketinget), 20201, M104 (2021-04-27), preliminary version	2021-04-27	Unicameralism	Regeringen Mette Frederiksen	20201	M104	-	-	COVID	English	Chairperson	MP	notMinister	EL	Enhedslisten	-	Left to far-left	JuhlChristian	Juhl, Christian	M	1953	
ParlaMint-DK-en_2021-04-27-20201-M104	ParlaMint-DK_20210427201945	Hansard of the session of the Danish Parliament (Folketinget), 20201, M104 (2021-04-27), preliminary version	2021-04-27	Unicameralism	Regeringen Mette Frederiksen	20201	M104	-	-	COVID	English	Regular	notMP	notMinister	EL	Enhedslisten	-	Left to far-left	MadsenRasmusVestergaard	Madsen, Rasmus Vestergaard	M	1991	
ParlaMint-DK-en_2021-04-27-20201-M104	ParlaMint-DK_20210427202021	Hansard of the session of the Danish Parliament (Folketinget), 20201, M104 (2021-04-27), preliminary version	2021-04-27	Unicameralism	Regeringen Mette Frederiksen	20201	M104	-	-	COVID	English	Chairperson	MP	notMinister	EL	Enhedslisten	-	Left to far-left	JuhlChristian	Juhl, Christian	M	1953	
ParlaMint-DK-en_2021-04-27-20201-M104	ParlaMint-DK_20210427202023	Hansard of the session of the Danish Parliament (Folketinget), 20201, M104 (2021-04-27), preliminary version	2021-04-27	Unicameralism	Regeringen Mette Frederiksen	20201	M104	-	-	COVID	English	Regular	MP	Minister	S	Socialdemokratiet	Coalition	Centre-left	WermelinLea	Wermelin, Lea	F	1985	
ParlaMint-DK-en_2021-04-27-20201-M104	ParlaMint-DK_20210427202109	Hansard of the session of the Danish Parliament (Folketinget), 20201, M104 (2021-04-27), preliminary version	2021-04-27	Unicameralism	Regeringen Mette Frederiksen	20201	M104	-	-	COVID	English	Chairperson	MP	notMinister	EL	Enhedslisten	-	Left to far-left	JuhlChristian	Juhl, Christian	M	1953	
ParlaMint-DK-en_2021-04-27-20201-M104	ParlaMint-DK_20210427202113	Hansard of the session of the Danish Parliament (Folketinget), 20201, M104 (2021-04-27), preliminary version	2021-04-27	Unicameralism	Regeringen Mette Frederiksen	20201	M104	-	-	COVID	English	Regular	notMP	notMinister	ALT	Alternativet	-	Centre to centre-left	GejlTorsten	Gejl, Torsten	M	1964	
ParlaMint-DK-en_2021-04-27-20201-M104	ParlaMint-DK_20210427202137	Hansard of the session of the Danish Parliament (Folketinget), 20201, M104 (2021-04-27), preliminary version	2021-04-27	Unicameralism	Regeringen Mette Frederiksen	20201	M104	-	-	COVID	English	Chairperson	MP	notMinister	EL	Enhedslisten	-	Left to far-left	JuhlChristian	Juhl, Christian	M	1953	
ParlaMint-DK-en_2021-04-27-20201-M104	ParlaMint-DK_20210427202138	Hansard of the session of the Danish Parliament (Folketinget), 20201, M104 (2021-04-27), preliminary version	2021-04-27	Unicameralism	Regeringen Mette Frederiksen	20201	M104	-	-	COVID	English	Regular	MP	Minister	S	Socialdemokratiet	Coalition	Centre-left	WermelinLea	Wermelin, Lea	F	1985	
ParlaMint-DK-en_2021-04-27-20201-M104	ParlaMint-DK_20210427202236	Hansard of the session of the Danish Parliament (Folketinget), 20201, M104 (2021-04-27), preliminary version	2021-04-27	Unicameralism	Regeringen Mette Frederiksen	20201	M104	-	-	COVID	English	Chairperson	MP	notMinister	EL	Enhedslisten	-	Left to far-left	JuhlChristian	Juhl, Christian	M	1953	
ParlaMint-DK-en_2021-04-27-20201-M104	ParlaMint-DK_20210427202237	Hansard of the session of the Danish Parliament (Folketinget), 20201, M104 (2021-04-27), preliminary version	2021-04-27	Unicameralism	Regeringen Mette Frederiksen	20201	M104	-	-	COVID	English	Regular	notMP	notMinister	ALT	Alternativet	-	Centre to centre-left	GejlTorsten	Gejl, Torsten	M	1964	
ParlaMint-DK-en_2021-04-27-20201-M104	ParlaMint-DK_20210427202309	Hansard of the session of the Danish Parliament (Folketinget), 20201, M104 (2021-04-27), preliminary version	2021-04-27	Unicameralism	Regeringen Mette Frederiksen	20201	M104	-	-	COVID	English	Chairperson	MP	notMinister	EL	Enhedslisten	-	Left to far-left	JuhlChristian	Juhl, Christian	M	1953	
ParlaMint-DK-en_2021-04-27-20201-M104	ParlaMint-DK_20210427202310	Hansard of the session of the Danish Parliament (Folketinget), 20201, M104 (2021-04-27), preliminary version	2021-04-27	Unicameralism	Regeringen Mette Frederiksen	20201	M104	-	-	COVID	English	Regular	MP	Minister	S	Socialdemokratiet	Coalition	Centre-left	WermelinLea	Wermelin, Lea	F	1985	
ParlaMint-DK-en_2021-04-27-20201-M104	ParlaMint-DK_20210427202348	Hansard of the session of the Danish Parliament (Folketinget), 20201, M104 (2021-04-27), preliminary version	2021-04-27	Unicameralism	Regeringen Mette Frederiksen	20201	M104	-	-	COVID	English	Chairperson	MP	notMinister	EL	Enhedslisten	-	Left to far-left	JuhlChristian	Juhl, Christian	M	1953	
ParlaMint-DK-en_2021-04-27-20201-M104	ParlaMint-DK_20210427202413	Hansard of the session of the Danish Parliament (Folketinget), 20201, M104 (2021-04-27), preliminary version	2021-04-27	Unicameralism	Regeringen Mette Frederiksen	20201	M104	-	-	COVID	English	Regular	MP	notMinister	S	Socialdemokratiet	Coalition	Centre-left	FabriciusCamilla	Fabricius, Camilla	F	1971	
ParlaMint-DK-en_2021-04-27-20201-M104	ParlaMint-DK_20210427202825	Hansard of the session of the Danish Parliament (Folketinget), 20201, M104 (2021-04-27), preliminary version	2021-04-27	Unicameralism	Regeringen Mette Frederiksen	20201	M104	-	-	COVID	English	Chairperson	MP	notMinister	EL	Enhedslisten	-	Left to far-left	JuhlChristian	Juhl, Christian	M	1953	
ParlaMint-DK-en_2021-04-27-20201-M104	ParlaMint-DK_20210427202830	Hansard of the session of the Danish Parliament (Folketinget), 20201, M104 (2021-04-27), preliminary version	2021-04-27	Unicameralism	Regeringen Mette Frederiksen	20201	M104	-	-	COVID	English	Regular	notMP	notMinister	EL	Enhedslisten	-	Left to far-left	MadsenRasmusVestergaard	Madsen, Rasmus Vestergaard	M	1991	
ParlaMint-DK-en_2021-04-27-20201-M104	ParlaMint-DK_20210427202911	Hansard of the session of the Danish Parliament (Folketinget), 20201, M104 (2021-04-27), preliminary version	2021-04-27	Unicameralism	Regeringen Mette Frederiksen	20201	M104	-	-	COVID	English	Chairperson	MP	notMinister	EL	Enhedslisten	-	Left to far-left	JuhlChristian	Juhl, Christian	M	1953	
ParlaMint-DK-en_2021-04-27-20201-M104	ParlaMint-DK_20210427202912	Hansard of the session of the Danish Parliament (Folketinget), 20201, M104 (2021-04-27), preliminary version	2021-04-27	Unicameralism	Regeringen Mette Frederiksen	20201	M104	-	-	COVID	English	Regular	MP	notMinister	S	Socialdemokratiet	Coalition	Centre-left	FabriciusCamilla	Fabricius, Camilla	F	1971	
ParlaMint-DK-en_2021-04-27-20201-M104	ParlaMint-DK_20210427202950	Hansard of the session of the Danish Parliament (Folketinget), 20201, M104 (2021-04-27), preliminary version	2021-04-27	Unicameralism	Regeringen Mette Frederiksen	20201	M104	-	-	COVID	English	Chairperson	MP	notMinister	EL	Enhedslisten	-	Left to far-left	JuhlChristian	Juhl, Christian	M	1953	
ParlaMint-DK-en_2021-04-27-20201-M104	ParlaMint-DK_20210427202952	Hansard of the session of the Danish Parliament (Folketinget), 20201, M104 (2021-04-27), preliminary version	2021-04-27	Unicameralism	Regeringen Mette Frederiksen	20201	M104	-	-	COVID	English	Regular	notMP	notMinister	EL	Enhedslisten	-	Left to far-left	MadsenRasmusVestergaard	Madsen, Rasmus Vestergaard	M	1991	
ParlaMint-DK-en_2021-04-27-20201-M104	ParlaMint-DK_20210427203030	Hansard of the session of the Danish Parliament (Folketinget), 20201, M104 (2021-04-27), preliminary version	2021-04-27	Unicameralism	Regeringen Mette Frederiksen	20201	M104	-	-	COVID	English	Chairperson	MP	notMinister	S	Socialdemokratiet	Coalition	Centre-left	KristensenHenrikDam	Kristensen, Henrik Dam	M	1957	
ParlaMint-DK-en_2021-04-27-20201-M104	ParlaMint-DK_20210427203030-2	Hansard of the session of the Danish Parliament (Folketinget), 20201, M104 (2021-04-27), preliminary version	2021-04-27	Unicameralism	Regeringen Mette Frederiksen	20201	M104	-	-	COVID	English	Regular	MP	notMinister	S	Socialdemokratiet	Coalition	Centre-left	FabriciusCamilla	Fabricius, Camilla	F	1971	
ParlaMint-DK-en_2021-04-27-20201-M104	ParlaMint-DK_20210427203105	Hansard of the session of the Danish Parliament (Folketinget), 20201, M104 (2021-04-27), preliminary version	2021-04-27	Unicameralism	Regeringen Mette Frederiksen	20201	M104	-	-	COVID	English	Chairperson	MP	notMinister	S	Socialdemokratiet	Coalition	Centre-left	KristensenHenrikDam	Kristensen, Henrik Dam	M	1957	
ParlaMint-DK-en_2021-04-27-20201-M104	ParlaMint-DK_20210427203112	Hansard of the session of the Danish Parliament (Folketinget), 20201, M104 (2021-04-27), preliminary version	2021-04-27	Unicameralism	Regeringen Mette Frederiksen	20201	M104	-	-	COVID	English	Regular	notMP	notMinister	ALT	Alternativet	-	Centre to centre-left	GejlTorsten	Gejl, Torsten	M	1964	
ParlaMint-DK-en_2021-04-27-20201-M104	ParlaMint-DK_20210427203140	Hansard of the session of the Danish Parliament (Folketinget), 20201, M104 (2021-04-27), preliminary version	2021-04-27	Unicameralism	Regeringen Mette Frederiksen	20201	M104	-	-	COVID	English	Chairperson	MP	notMinister	S	Socialdemokratiet	Coalition	Centre-left	KristensenHenrikDam	Kristensen, Henrik Dam	M	1957	
ParlaMint-DK-en_2021-04-27-20201-M104	ParlaMint-DK_20210427203141	Hansard of the session of the Danish Parliament (Folketinget), 20201, M104 (2021-04-27), preliminary version	2021-04-27	Unicameralism	Regeringen Mette Frederiksen	20201	M104	-	-	COVID	English	Regular	MP	notMinister	S	Socialdemokratiet	Coalition	Centre-left	FabriciusCamilla	Fabricius, Camilla	F	1971	
ParlaMint-DK-en_2021-04-27-20201-M104	ParlaMint-DK_20210427203213	Hansard of the session of the Danish Parliament (Folketinget), 20201, M104 (2021-04-27), preliminary version	2021-04-27	Unicameralism	Regeringen Mette Frederiksen	20201	M104	-	-	COVID	English	Chairperson	MP	notMinister	S	Socialdemokratiet	Coalition	Centre-left	KristensenHenrikDam	Kristensen, Henrik Dam	M	1957	
ParlaMint-DK-en_2021-04-27-20201-M104	ParlaMint-DK_20210427203215	Hansard of the session of the Danish Parliament (Folketinget), 20201, M104 (2021-04-27), preliminary version	2021-04-27	Unicameralism	Regeringen Mette Frederiksen	20201	M104	-	-	COVID	English	Regular	notMP	notMinister	ALT	Alternativet	-	Centre to centre-left	GejlTorsten	Gejl, Torsten	M	1964	
ParlaMint-DK-en_2021-04-27-20201-M104	ParlaMint-DK_20210427203253	Hansard of the session of the Danish Parliament (Folketinget), 20201, M104 (2021-04-27), preliminary version	2021-04-27	Unicameralism	Regeringen Mette Frederiksen	20201	M104	-	-	COVID	English	Chairperson	MP	notMinister	S	Socialdemokratiet	Coalition	Centre-left	KristensenHenrikDam	Kristensen, Henrik Dam	M	1957	
ParlaMint-DK-en_2021-04-27-20201-M104	ParlaMint-DK_20210427203253-2	Hansard of the session of the Danish Parliament (Folketinget), 20201, M104 (2021-04-27), preliminary version	2021-04-27	Unicameralism	Regeringen Mette Frederiksen	20201	M104	-	-	COVID	English	Regular	MP	notMinister	S	Socialdemokratiet	Coalition	Centre-left	FabriciusCamilla	Fabricius, Camilla	F	1971	
ParlaMint-DK-en_2021-04-27-20201-M104	ParlaMint-DK_20210427203327	Hansard of the session of the Danish Parliament (Folketinget), 20201, M104 (2021-04-27), preliminary version	2021-04-27	Unicameralism	Regeringen Mette Frederiksen	20201	M104	-	-	COVID	English	Chairperson	MP	notMinister	S	Socialdemokratiet	Coalition	Centre-left	KristensenHenrikDam	Kristensen, Henrik Dam	M	1957	
ParlaMint-DK-en_2021-04-27-20201-M104	ParlaMint-DK_20210427203350	Hansard of the session of the Danish Parliament (Folketinget), 20201, M104 (2021-04-27), preliminary version	2021-04-27	Unicameralism	Regeringen Mette Frederiksen	20201	M104	-	-	COVID	English	Regular	MP	notMinister	V	Venstre	Opposition	Centre-right	JensenJacob	Jensen, Jacob	M	1973	
ParlaMint-DK-en_2021-04-27-20201-M104	ParlaMint-DK_20210427203834	Hansard of the session of the Danish Parliament (Folketinget), 20201, M104 (2021-04-27), preliminary version	2021-04-27	Unicameralism	Regeringen Mette Frederiksen	20201	M104	-	-	COVID	English	Chairperson	MP	notMinister	S	Socialdemokratiet	Coalition	Centre-left	KristensenHenrikDam	Kristensen, Henrik Dam	M	1957	
ParlaMint-DK-en_2021-04-27-20201-M104	ParlaMint-DK_20210427203838	Hansard of the session of the Danish Parliament (Folketinget), 20201, M104 (2021-04-27), preliminary version	2021-04-27	Unicameralism	Regeringen Mette Frederiksen	20201	M104	-	-	COVID	English	Regular	MP	notMinister	UFG	Uden for folketingsgrupperne	-	-	ZimmerSusanne	Zimmer, Susanne	F	1960	
ParlaMint-DK-en_2021-04-27-20201-M104	ParlaMint-DK_20210427203858	Hansard of the session of the Danish Parliament (Folketinget), 20201, M104 (2021-04-27), preliminary version	2021-04-27	Unicameralism	Regeringen Mette Frederiksen	20201	M104	-	-	COVID	English	Chairperson	MP	notMinister	S	Socialdemokratiet	Coalition	Centre-left	KristensenHenrikDam	Kristensen, Henrik Dam	M	1957	
ParlaMint-DK-en_2021-04-27-20201-M104	ParlaMint-DK_20210427203859	Hansard of the session of the Danish Parliament (Folketinget), 20201, M104 (2021-04-27), preliminary version	2021-04-27	Unicameralism	Regeringen Mette Frederiksen	20201	M104	-	-	COVID	English	Regular	MP	notMinister	V	Venstre	Opposition	Centre-right	JensenJacob	Jensen, Jacob	M	1973	
ParlaMint-DK-en_2021-04-27-20201-M104	ParlaMint-DK_20210427203945	Hansard of the session of the Danish Parliament (Folketinget), 20201, M104 (2021-04-27), preliminary version	2021-04-27	Unicameralism	Regeringen Mette Frederiksen	20201	M104	-	-	COVID	English	Chairperson	MP	notMinister	S	Socialdemokratiet	Coalition	Centre-left	KristensenHenrikDam	Kristensen, Henrik Dam	M	1957	
ParlaMint-DK-en_2021-04-27-20201-M104	ParlaMint-DK_20210427203947	Hansard of the session of the Danish Parliament (Folketinget), 20201, M104 (2021-04-27), preliminary version	2021-04-27	Unicameralism	Regeringen Mette Frederiksen	20201	M104	-	-	COVID	English	Regular	MP	notMinister	UFG	Uden for folketingsgrupperne	-	-	ZimmerSusanne	Zimmer, Susanne	F	1960	
ParlaMint-DK-en_2021-04-27-20201-M104	ParlaMint-DK_20210427204010	Hansard of the session of the Danish Parliament (Folketinget), 20201, M104 (2021-04-27), preliminary version	2021-04-27	Unicameralism	Regeringen Mette Frederiksen	20201	M104	-	-	COVID	English	Chairperson	MP	notMinister	S	Socialdemokratiet	Coalition	Centre-left	KristensenHenrikDam	Kristensen, Henrik Dam	M	1957	
ParlaMint-DK-en_2021-04-27-20201-M104	ParlaMint-DK_20210427204013	Hansard of the session of the Danish Parliament (Folketinget), 20201, M104 (2021-04-27), preliminary version	2021-04-27	Unicameralism	Regeringen Mette Frederiksen	20201	M104	-	-	COVID	English	Regular	MP	notMinister	V	Venstre	Opposition	Centre-right	JensenJacob	Jensen, Jacob	M	1973	
ParlaMint-DK-en_2021-04-27-20201-M104	ParlaMint-DK_20210427204046	Hansard of the session of the Danish Parliament (Folketinget), 20201, M104 (2021-04-27), preliminary version	2021-04-27	Unicameralism	Regeringen Mette Frederiksen	20201	M104	-	-	COVID	English	Chairperson	MP	notMinister	S	Socialdemokratiet	Coalition	Centre-left	KristensenHenrikDam	Kristensen, Henrik Dam	M	1957	
ParlaMint-DK-en_2021-04-27-20201-M104	ParlaMint-DK_20210427204050	Hansard of the session of the Danish Parliament (Folketinget), 20201, M104 (2021-04-27), preliminary version	2021-04-27	Unicameralism	Regeringen Mette Frederiksen	20201	M104	-	-	COVID	English	Regular	notMP	notMinister	ALT	Alternativet	-	Centre to centre-left	GejlTorsten	Gejl, Torsten	M	1964	
ParlaMint-DK-en_2021-04-27-20201-M104	ParlaMint-DK_20210427204120	Hansard of the session of the Danish Parliament (Folketinget), 20201, M104 (2021-04-27), preliminary version	2021-04-27	Unicameralism	Regeringen Mette Frederiksen	20201	M104	-	-	COVID	English	Chairperson	MP	notMinister	S	Socialdemokratiet	Coalition	Centre-left	KristensenHenrikDam	Kristensen, Henrik Dam	M	1957	
ParlaMint-DK-en_2021-04-27-20201-M104	ParlaMint-DK_20210427204121	Hansard of the session of the Danish Parliament (Folketinget), 20201, M104 (2021-04-27), preliminary version	2021-04-27	Unicameralism	Regeringen Mette Frederiksen	20201	M104	-	-	COVID	English	Regular	MP	notMinister	V	Venstre	Opposition	Centre-right	JensenJacob	Jensen, Jacob	M	1973	
ParlaMint-DK-en_2021-04-27-20201-M104	ParlaMint-DK_20210427204203	Hansard of the session of the Danish Parliament (Folketinget), 20201, M104 (2021-04-27), preliminary version	2021-04-27	Unicameralism	Regeringen Mette Frederiksen	20201	M104	-	-	COVID	English	Chairperson	MP	notMinister	S	Socialdemokratiet	Coalition	Centre-left	KristensenHenrikDam	Kristensen, Henrik Dam	M	1957	
ParlaMint-DK-en_2021-04-27-20201-M104	ParlaMint-DK_20210427204205	Hansard of the session of the Danish Parliament (Folketinget), 20201, M104 (2021-04-27), preliminary version	2021-04-27	Unicameralism	Regeringen Mette Frederiksen	20201	M104	-	-	COVID	English	Regular	notMP	notMinister	ALT	Alternativet	-	Centre to centre-left	GejlTorsten	Gejl, Torsten	M	1964	
ParlaMint-DK-en_2021-04-27-20201-M104	ParlaMint-DK_20210427204241	Hansard of the session of the Danish Parliament (Folketinget), 20201, M104 (2021-04-27), preliminary version	2021-04-27	Unicameralism	Regeringen Mette Frederiksen	20201	M104	-	-	COVID	English	Chairperson	MP	notMinister	S	Socialdemokratiet	Coalition	Centre-left	KristensenHenrikDam	Kristensen, Henrik Dam	M	1957	
ParlaMint-DK-en_2021-04-27-20201-M104	ParlaMint-DK_20210427204241-2	Hansard of the session of the Danish Parliament (Folketinget), 20201, M104 (2021-04-27), preliminary version	2021-04-27	Unicameralism	Regeringen Mette Frederiksen	20201	M104	-	-	COVID	English	Regular	MP	notMinister	V	Venstre	Opposition	Centre-right	JensenJacob	Jensen, Jacob	M	1973	
ParlaMint-DK-en_2021-04-27-20201-M104	ParlaMint-DK_20210427204310	Hansard of the session of the Danish Parliament (Folketinget), 20201, M104 (2021-04-27), preliminary version	2021-04-27	Unicameralism	Regeringen Mette Frederiksen	20201	M104	-	-	COVID	English	Chairperson	MP	notMinister	S	Socialdemokratiet	Coalition	Centre-left	KristensenHenrikDam	Kristensen, Henrik Dam	M	1957	
ParlaMint-DK-en_2021-04-27-20201-M104	ParlaMint-DK_20210427204312	Hansard of the session of the Danish Parliament (Folketinget), 20201, M104 (2021-04-27), preliminary version	2021-04-27	Unicameralism	Regeringen Mette Frederiksen	20201	M104	-	-	COVID	English	Regular	notMP	notMinister	EL	Enhedslisten	-	Left to far-left	MadsenRasmusVestergaard	Madsen, Rasmus Vestergaard	M	1991	
ParlaMint-DK-en_2021-04-27-20201-M104	ParlaMint-DK_20210427204353	Hansard of the session of the Danish Parliament (Folketinget), 20201, M104 (2021-04-27), preliminary version	2021-04-27	Unicameralism	Regeringen Mette Frederiksen	20201	M104	-	-	COVID	English	Chairperson	MP	notMinister	S	Socialdemokratiet	Coalition	Centre-left	KristensenHenrikDam	Kristensen, Henrik Dam	M	1957	
ParlaMint-DK-en_2021-04-27-20201-M104	ParlaMint-DK_20210427204354	Hansard of the session of the Danish Parliament (Folketinget), 20201, M104 (2021-04-27), preliminary version	2021-04-27	Unicameralism	Regeringen Mette Frederiksen	20201	M104	-	-	COVID	English	Regular	MP	notMinister	V	Venstre	Opposition	Centre-right	JensenJacob	Jensen, Jacob	M	1973	
ParlaMint-DK-en_2021-04-27-20201-M104	ParlaMint-DK_20210427204430	Hansard of the session of the Danish Parliament (Folketinget), 20201, M104 (2021-04-27), preliminary version	2021-04-27	Unicameralism	Regeringen Mette Frederiksen	20201	M104	-	-	COVID	English	Chairperson	MP	notMinister	S	Socialdemokratiet	Coalition	Centre-left	KristensenHenrikDam	Kristensen, Henrik Dam	M	1957	
ParlaMint-DK-en_2021-04-27-20201-M104	ParlaMint-DK_20210427204432	Hansard of the session of the Danish Parliament (Folketinget), 20201, M104 (2021-04-27), preliminary version	2021-04-27	Unicameralism	Regeringen Mette Frederiksen	20201	M104	-	-	COVID	English	Regular	notMP	notMinister	EL	Enhedslisten	-	Left to far-left	MadsenRasmusVestergaard	Madsen, Rasmus Vestergaard	M	1991	
ParlaMint-DK-en_2021-04-27-20201-M104	ParlaMint-DK_20210427204501	Hansard of the session of the Danish Parliament (Folketinget), 20201, M104 (2021-04-27), preliminary version	2021-04-27	Unicameralism	Regeringen Mette Frederiksen	20201	M104	-	-	COVID	English	Chairperson	MP	notMinister	S	Socialdemokratiet	Coalition	Centre-left	KristensenHenrikDam	Kristensen, Henrik Dam	M	1957	
ParlaMint-DK-en_2021-04-27-20201-M104	ParlaMint-DK_20210427204502	Hansard of the session of the Danish Parliament (Folketinget), 20201, M104 (2021-04-27), preliminary version	2021-04-27	Unicameralism	Regeringen Mette Frederiksen	20201	M104	-	-	COVID	English	Regular	MP	notMinister	V	Venstre	Opposition	Centre-right	JensenJacob	Jensen, Jacob	M	1973	
ParlaMint-DK-en_2021-04-27-20201-M104	ParlaMint-DK_20210427204535	Hansard of the session of the Danish Parliament (Folketinget), 20201, M104 (2021-04-27), preliminary version	2021-04-27	Unicameralism	Regeringen Mette Frederiksen	20201	M104	-	-	COVID	English	Chairperson	MP	notMinister	S	Socialdemokratiet	Coalition	Centre-left	KristensenHenrikDam	Kristensen, Henrik Dam	M	1957	
ParlaMint-DK-en_2021-04-27-20201-M104	ParlaMint-DK_20210427204540	Hansard of the session of the Danish Parliament (Folketinget), 20201, M104 (2021-04-27), preliminary version	2021-04-27	Unicameralism	Regeringen Mette Frederiksen	20201	M104	-	-	COVID	English	Regular	MP	notMinister	RV	Radikale Venstre	-	Centre to centre-left	StampeZenia	Stampe, Zenia	F	1979	
ParlaMint-DK-en_2021-04-27-20201-M104	ParlaMint-DK_20210427204629	Hansard of the session of the Danish Parliament (Folketinget), 20201, M104 (2021-04-27), preliminary version	2021-04-27	Unicameralism	Regeringen Mette Frederiksen	20201	M104	-	-	COVID	English	Chairperson	MP	notMinister	S	Socialdemokratiet	Coalition	Centre-left	KristensenHenrikDam	Kristensen, Henrik Dam	M	1957	
ParlaMint-DK-en_2021-04-27-20201-M104	ParlaMint-DK_20210427204630	Hansard of the session of the Danish Parliament (Folketinget), 20201, M104 (2021-04-27), preliminary version	2021-04-27	Unicameralism	Regeringen Mette Frederiksen	20201	M104	-	-	COVID	English	Regular	MP	notMinister	V	Venstre	Opposition	Centre-right	JensenJacob	Jensen, Jacob	M	1973	
ParlaMint-DK-en_2021-04-27-20201-M104	ParlaMint-DK_20210427204726	Hansard of the session of the Danish Parliament (Folketinget), 20201, M104 (2021-04-27), preliminary version	2021-04-27	Unicameralism	Regeringen Mette Frederiksen	20201	M104	-	-	COVID	English	Chairperson	MP	notMinister	S	Socialdemokratiet	Coalition	Centre-left	KristensenHenrikDam	Kristensen, Henrik Dam	M	1957	
ParlaMint-DK-en_2021-04-27-20201-M104	ParlaMint-DK_20210427204727	Hansard of the session of the Danish Parliament (Folketinget), 20201, M104 (2021-04-27), preliminary version	2021-04-27	Unicameralism	Regeringen Mette Frederiksen	20201	M104	-	-	COVID	English	Regular	MP	notMinister	RV	Radikale Venstre	-	Centre to centre-left	StampeZenia	Stampe, Zenia	F	1979	
ParlaMint-DK-en_2021-04-27-20201-M104	ParlaMint-DK_20210427204809	Hansard of the session of the Danish Parliament (Folketinget), 20201, M104 (2021-04-27), preliminary version	2021-04-27	Unicameralism	Regeringen Mette Frederiksen	20201	M104	-	-	COVID	English	Chairperson	MP	notMinister	S	Socialdemokratiet	Coalition	Centre-left	KristensenHenrikDam	Kristensen, Henrik Dam	M	1957	
ParlaMint-DK-en_2021-04-27-20201-M104	ParlaMint-DK_20210427204811	Hansard of the session of the Danish Parliament (Folketinget), 20201, M104 (2021-04-27), preliminary version	2021-04-27	Unicameralism	Regeringen Mette Frederiksen	20201	M104	-	-	COVID	English	Regular	MP	notMinister	V	Venstre	Opposition	Centre-right	JensenJacob	Jensen, Jacob	M	1973	
ParlaMint-DK-en_2021-04-27-20201-M104	ParlaMint-DK_20210427204848	Hansard of the session of the Danish Parliament (Folketinget), 20201, M104 (2021-04-27), preliminary version	2021-04-27	Unicameralism	Regeringen Mette Frederiksen	20201	M104	-	-	COVID	English	Chairperson	MP	notMinister	S	Socialdemokratiet	Coalition	Centre-left	KristensenHenrikDam	Kristensen, Henrik Dam	M	1957	
ParlaMint-DK-en_2021-04-27-20201-M104	ParlaMint-DK_20210427204916	Hansard of the session of the Danish Parliament (Folketinget), 20201, M104 (2021-04-27), preliminary version	2021-04-27	Unicameralism	Regeringen Mette Frederiksen	20201	M104	-	-	COVID	English	Regular	MP	notMinister	DF	Dansk Folkeparti	Opposition	Right	ChristensenRené	Christensen, René	M	1970	
ParlaMint-DK-en_2021-04-27-20201-M104	ParlaMint-DK_20210427205335	Hansard of the session of the Danish Parliament (Folketinget), 20201, M104 (2021-04-27), preliminary version	2021-04-27	Unicameralism	Regeringen Mette Frederiksen	20201	M104	-	-	COVID	English	Chairperson	MP	notMinister	S	Socialdemokratiet	Coalition	Centre-left	KristensenHenrikDam	Kristensen, Henrik Dam	M	1957	
ParlaMint-DK-en_2021-04-27-20201-M104	ParlaMint-DK_20210427205354	Hansard of the session of the Danish Parliament (Folketinget), 20201, M104 (2021-04-27), preliminary version	2021-04-27	Unicameralism	Regeringen Mette Frederiksen	20201	M104	-	-	COVID	English	Regular	MP	notMinister	SF	Socialistisk Folkeparti	-	Centre-left to left	ValentinCarl	Valentin, Carl	M	1992	
ParlaMint-DK-en_2021-04-27-20201-M104	ParlaMint-DK_20210427205606	Hansard of the session of the Danish Parliament (Folketinget), 20201, M104 (2021-04-27), preliminary version	2021-04-27	Unicameralism	Regeringen Mette Frederiksen	20201	M104	-	-	COVID	English	Chairperson	MP	notMinister	S	Socialdemokratiet	Coalition	Centre-left	KristensenHenrikDam	Kristensen, Henrik Dam	M	1957	
ParlaMint-DK-en_2021-04-27-20201-M104	ParlaMint-DK_20210427205608	Hansard of the session of the Danish Parliament (Folketinget), 20201, M104 (2021-04-27), preliminary version	2021-04-27	Unicameralism	Regeringen Mette Frederiksen	20201	M104	-	-	COVID	English	Regular	MP	notMinister	V	Venstre	Opposition	Centre-right	JensenJacob	Jensen, Jacob	M	1973	
ParlaMint-DK-en_2021-04-27-20201-M104	ParlaMint-DK_20210427205629	Hansard of the session of the Danish Parliament (Folketinget), 20201, M104 (2021-04-27), preliminary version	2021-04-27	Unicameralism	Regeringen Mette Frederiksen	20201	M104	-	-	COVID	English	Chairperson	MP	notMinister	S	Socialdemokratiet	Coalition	Centre-left	KristensenHenrikDam	Kristensen, Henrik Dam	M	1957	
ParlaMint-DK-en_2021-04-27-20201-M104	ParlaMint-DK_20210427205630	Hansard of the session of the Danish Parliament (Folketinget), 20201, M104 (2021-04-27), preliminary version	2021-04-27	Unicameralism	Regeringen Mette Frederiksen	20201	M104	-	-	COVID	English	Regular	MP	notMinister	SF	Socialistisk Folkeparti	-	Centre-left to left	ValentinCarl	Valentin, Carl	M	1992	
ParlaMint-DK-en_2021-04-27-20201-M104	ParlaMint-DK_20210427205719	Hansard of the session of the Danish Parliament (Folketinget), 20201, M104 (2021-04-27), preliminary version	2021-04-27	Unicameralism	Regeringen Mette Frederiksen	20201	M104	-	-	COVID	English	Chairperson	MP	notMinister	S	Socialdemokratiet	Coalition	Centre-left	KristensenHenrikDam	Kristensen, Henrik Dam	M	1957	
ParlaMint-DK-en_2021-04-27-20201-M104	ParlaMint-DK_20210427205719-2	Hansard of the session of the Danish Parliament (Folketinget), 20201, M104 (2021-04-27), preliminary version	2021-04-27	Unicameralism	Regeringen Mette Frederiksen	20201	M104	-	-	COVID	English	Regular	MP	notMinister	V	Venstre	Opposition	Centre-right	JensenJacob	Jensen, Jacob	M	1973	
ParlaMint-DK-en_2021-04-27-20201-M104	ParlaMint-DK_20210427205751	Hansard of the session of the Danish Parliament (Folketinget), 20201, M104 (2021-04-27), preliminary version	2021-04-27	Unicameralism	Regeringen Mette Frederiksen	20201	M104	-	-	COVID	English	Chairperson	MP	notMinister	S	Socialdemokratiet	Coalition	Centre-left	KristensenHenrikDam	Kristensen, Henrik Dam	M	1957	
ParlaMint-DK-en_2021-04-27-20201-M104	ParlaMint-DK_20210427205752	Hansard of the session of the Danish Parliament (Folketinget), 20201, M104 (2021-04-27), preliminary version	2021-04-27	Unicameralism	Regeringen Mette Frederiksen	20201	M104	-	-	COVID	English	Regular	MP	notMinister	SF	Socialistisk Folkeparti	-	Centre-left to left	ValentinCarl	Valentin, Carl	M	1992	
ParlaMint-DK-en_2021-04-27-20201-M104	ParlaMint-DK_20210427205809	Hansard of the session of the Danish Parliament (Folketinget), 20201, M104 (2021-04-27), preliminary version	2021-04-27	Unicameralism	Regeringen Mette Frederiksen	20201	M104	-	-	COVID	English	Chairperson	MP	notMinister	S	Socialdemokratiet	Coalition	Centre-left	KristensenHenrikDam	Kristensen, Henrik Dam	M	1957	
ParlaMint-DK-en_2021-04-27-20201-M104	ParlaMint-DK_20210427205831	Hansard of the session of the Danish Parliament (Folketinget), 20201, M104 (2021-04-27), preliminary version	2021-04-27	Unicameralism	Regeringen Mette Frederiksen	20201	M104	-	-	COVID	English	Regular	MP	notMinister	RV	Radikale Venstre	-	Centre to centre-left	StampeZenia	Stampe, Zenia	F	1979	
ParlaMint-DK-en_2021-04-27-20201-M104	ParlaMint-DK_20210427210050	Hansard of the session of the Danish Parliament (Folketinget), 20201, M104 (2021-04-27), preliminary version	2021-04-27	Unicameralism	Regeringen Mette Frederiksen	20201	M104	-	-	COVID	English	Chairperson	MP	notMinister	S	Socialdemokratiet	Coalition	Centre-left	KristensenHenrikDam	Kristensen, Henrik Dam	M	1957	
ParlaMint-DK-en_2021-04-27-20201-M104	ParlaMint-DK_20210427210113	Hansard of the session of the Danish Parliament (Folketinget), 20201, M104 (2021-04-27), preliminary version	2021-04-27	Unicameralism	Regeringen Mette Frederiksen	20201	M104	-	-	COVID	English	Regular	MP	notMinister	KF	Det Konservative Folkeparti	Opposition	Centre-right	JuulMona	Juul, Mona	F	1967	
ParlaMint-DK-en_2021-04-27-20201-M104	ParlaMint-DK_20210427210244	Hansard of the session of the Danish Parliament (Folketinget), 20201, M104 (2021-04-27), preliminary version	2021-04-27	Unicameralism	Regeringen Mette Frederiksen	20201	M104	-	-	COVID	English	Chairperson	MP	notMinister	S	Socialdemokratiet	Coalition	Centre-left	KristensenHenrikDam	Kristensen, Henrik Dam	M	1957	
ParlaMint-DK-en_2021-04-27-20201-M104	ParlaMint-DK_20210427210300	Hansard of the session of the Danish Parliament (Folketinget), 20201, M104 (2021-04-27), preliminary version	2021-04-27	Unicameralism	Regeringen Mette Frederiksen	20201	M104	-	-	COVID	English	Regular	MP	notMinister	NB	Nye Borgerlige	Opposition	Right to far-right	ChristensenPeterSeier	Christensen, Peter Seier	M	1967	
ParlaMint-DK-en_2021-04-27-20201-M104	ParlaMint-DK_20210427210436	Hansard of the session of the Danish Parliament (Folketinget), 20201, M104 (2021-04-27), preliminary version	2021-04-27	Unicameralism	Regeringen Mette Frederiksen	20201	M104	-	-	COVID	English	Chairperson	MP	notMinister	S	Socialdemokratiet	Coalition	Centre-left	KristensenHenrikDam	Kristensen, Henrik Dam	M	1957	
ParlaMint-DK-en_2021-04-27-20201-M104	ParlaMint-DK_20210427210507	Hansard of the session of the Danish Parliament (Folketinget), 20201, M104 (2021-04-27), preliminary version	2021-04-27	Unicameralism	Regeringen Mette Frederiksen	20201	M104	-	-	COVID	English	Regular	MP	notMinister	UFG	Uden for folketingsgrupperne	-	-	ZimmerSusanne	Zimmer, Susanne	F	1960	
ParlaMint-DK-en_2021-04-27-20201-M104	ParlaMint-DK_20210427210730	Hansard of the session of the Danish Parliament (Folketinget), 20201, M104 (2021-04-27), preliminary version	2021-04-27	Unicameralism	Regeringen Mette Frederiksen	20201	M104	-	-	COVID	English	Chairperson	MP	notMinister	S	Socialdemokratiet	Coalition	Centre-left	KristensenHenrikDam	Kristensen, Henrik Dam	M	1957	
ParlaMint-DK-en_2021-04-27-20201-M104	ParlaMint-DK_20210427210751	Hansard of the session of the Danish Parliament (Folketinget), 20201, M104 (2021-04-27), preliminary version	2021-04-27	Unicameralism	Regeringen Mette Frederiksen	20201	M104	-	-	COVID	English	Regular	notMP	notMinister	ALT	Alternativet	-	Centre to centre-left	GejlTorsten	Gejl, Torsten	M	1964	
ParlaMint-DK-en_2021-04-27-20201-M104	ParlaMint-DK_20210427211037	Hansard of the session of the Danish Parliament (Folketinget), 20201, M104 (2021-04-27), preliminary version	2021-04-27	Unicameralism	Regeringen Mette Frederiksen	20201	M104	-	-	COVID	English	Chairperson	MP	notMinister	S	Socialdemokratiet	Coalition	Centre-left	KristensenHenrikDam	Kristensen, Henrik Dam	M	1957	
ParlaMint-DK-en_2021-04-27-20201-M104	ParlaMint-DK_20210427211042	Hansard of the session of the Danish Parliament (Folketinget), 20201, M104 (2021-04-27), preliminary version	2021-04-27	Unicameralism	Regeringen Mette Frederiksen	20201	M104	-	-	COVID	English	Regular	MP	notMinister	NB	Nye Borgerlige	Opposition	Right to far-right	ChristensenPeterSeier	Christensen, Peter Seier	M	1967	
ParlaMint-DK-en_2021-04-27-20201-M104	ParlaMint-DK_20210427211058	Hansard of the session of the Danish Parliament (Folketinget), 20201, M104 (2021-04-27), preliminary version	2021-04-27	Unicameralism	Regeringen Mette Frederiksen	20201	M104	-	-	COVID	English	Chairperson	MP	notMinister	S	Socialdemokratiet	Coalition	Centre-left	KristensenHenrikDam	Kristensen, Henrik Dam	M	1957	
ParlaMint-DK-en_2021-04-27-20201-M104	ParlaMint-DK_20210427211100	Hansard of the session of the Danish Parliament (Folketinget), 20201, M104 (2021-04-27), preliminary version	2021-04-27	Unicameralism	Regeringen Mette Frederiksen	20201	M104	-	-	COVID	English	Regular	notMP	notMinister	ALT	Alternativet	-	Centre to centre-left	GejlTorsten	Gejl, Torsten	M	1964	
ParlaMint-DK-en_2021-04-27-20201-M104	ParlaMint-DK_20210427211112	Hansard of the session of the Danish Parliament (Folketinget), 20201, M104 (2021-04-27), preliminary version	2021-04-27	Unicameralism	Regeringen Mette Frederiksen	20201	M104	-	-	COVID	English	Chairperson	MP	notMinister	S	Socialdemokratiet	Coalition	Centre-left	KristensenHenrikDam	Kristensen, Henrik Dam	M	1957	
ParlaMint-DK-en_2021-04-27-20201-M104	ParlaMint-DK_20210427211119	Hansard of the session of the Danish Parliament (Folketinget), 20201, M104 (2021-04-27), preliminary version	2021-04-27	Unicameralism	Regeringen Mette Frederiksen	20201	M104	-	-	COVID	English	Regular	MP	notMinister	NB	Nye Borgerlige	Opposition	Right to far-right	ChristensenPeterSeier	Christensen, Peter Seier	M	1967	
ParlaMint-DK-en_2021-04-27-20201-M104	ParlaMint-DK_20210427211127	Hansard of the session of the Danish Parliament (Folketinget), 20201, M104 (2021-04-27), preliminary version	2021-04-27	Unicameralism	Regeringen Mette Frederiksen	20201	M104	-	-	COVID	English	Chairperson	MP	notMinister	S	Socialdemokratiet	Coalition	Centre-left	KristensenHenrikDam	Kristensen, Henrik Dam	M	1957	
ParlaMint-DK-en_2021-04-27-20201-M104	ParlaMint-DK_20210427211129	Hansard of the session of the Danish Parliament (Folketinget), 20201, M104 (2021-04-27), preliminary version	2021-04-27	Unicameralism	Regeringen Mette Frederiksen	20201	M104	-	-	COVID	English	Regular	notMP	notMinister	ALT	Alternativet	-	Centre to centre-left	GejlTorsten	Gejl, Torsten	M	1964	
ParlaMint-DK-en_2021-04-27-20201-M104	ParlaMint-DK_20210427211131	Hansard of the session of the Danish Parliament (Folketinget), 20201, M104 (2021-04-27), preliminary version	2021-04-27	Unicameralism	Regeringen Mette Frederiksen	20201	M104	-	-	COVID	English	Chairperson	MP	notMinister	S	Socialdemokratiet	Coalition	Centre-left	KristensenHenrikDam	Kristensen, Henrik Dam	M	1957	
ParlaMint-DK-en_2021-04-27-20201-M104	ParlaMint-DK_20210427211145	Hansard of the session of the Danish Parliament (Folketinget), 20201, M104 (2021-04-27), preliminary version	2021-04-27	Unicameralism	Regeringen Mette Frederiksen	20201	M104	-	-	COVID	English	Regular	notMP	notMinister	EL	Enhedslisten	-	Left to far-left	MadsenRasmusVestergaard	Madsen, Rasmus Vestergaard	M	1991	
ParlaMint-DK-en_2021-04-27-20201-M104	ParlaMint-DK_20210427211700	Hansard of the session of the Danish Parliament (Folketinget), 20201, M104 (2021-04-27), preliminary version	2021-04-27	Unicameralism	Regeringen Mette Frederiksen	20201	M104	-	-	COVID	English	Chairperson	MP	notMinister	S	Socialdemokratiet	Coalition	Centre-left	KristensenHenrikDam	Kristensen, Henrik Dam	M	1957	
ParlaMint-DK-en_2021-04-27-20201-M104	ParlaMint-DK_20210427211714	Hansard of the session of the Danish Parliament (Folketinget), 20201, M104 (2021-04-27), preliminary version	2021-04-27	Unicameralism	Regeringen Mette Frederiksen	20201	M104	-	-	COVID	English	Chairperson	MP	notMinister	S	Socialdemokratiet	Coalition	Centre-left	KristensenHenrikDam	Kristensen, Henrik Dam	M	1957	
ParlaMint-DK-en_2021-04-27-20201-M104	ParlaMint-DK_20210427211732	Hansard of the session of the Danish Parliament (Folketinget), 20201, M104 (2021-04-27), preliminary version	2021-04-27	Unicameralism	Regeringen Mette Frederiksen	20201	M104	-	-	COVID	English	Regular	MP	Minister	S	Socialdemokratiet	Coalition	Centre-left	WermelinLea	Wermelin, Lea	F	1985	
ParlaMint-DK-en_2021-04-27-20201-M104	ParlaMint-DK_20210427212044	Hansard of the session of the Danish Parliament (Folketinget), 20201, M104 (2021-04-27), preliminary version	2021-04-27	Unicameralism	Regeringen Mette Frederiksen	20201	M104	-	-	COVID	English	Chairperson	MP	notMinister	S	Socialdemokratiet	Coalition	Centre-left	KristensenHenrikDam	Kristensen, Henrik Dam	M	1957	
ParlaMint-DK-en_2021-04-27-20201-M104	ParlaMint-DK_20210427212052	Hansard of the session of the Danish Parliament (Folketinget), 20201, M104 (2021-04-27), preliminary version	2021-04-27	Unicameralism	Regeringen Mette Frederiksen	20201	M104	-	-	COVID	English	Regular	MP	notMinister	SF	Socialistisk Folkeparti	-	Centre-left to left	NordqvistRasmus	Nordqvist, Rasmus	M	1975	
ParlaMint-DK-en_2021-04-27-20201-M104	ParlaMint-DK_20210427212134	Hansard of the session of the Danish Parliament (Folketinget), 20201, M104 (2021-04-27), preliminary version	2021-04-27	Unicameralism	Regeringen Mette Frederiksen	20201	M104	-	-	COVID	English	Chairperson	MP	notMinister	S	Socialdemokratiet	Coalition	Centre-left	KristensenHenrikDam	Kristensen, Henrik Dam	M	1957	
ParlaMint-DK-en_2021-04-27-20201-M104	ParlaMint-DK_20210427212136	Hansard of the session of the Danish Parliament (Folketinget), 20201, M104 (2021-04-27), preliminary version	2021-04-27	Unicameralism	Regeringen Mette Frederiksen	20201	M104	-	-	COVID	English	Regular	MP	Minister	S	Socialdemokratiet	Coalition	Centre-left	WermelinLea	Wermelin, Lea	F	1985	
ParlaMint-DK-en_2021-04-27-20201-M104	ParlaMint-DK_20210427212237	Hansard of the session of the Danish Parliament (Folketinget), 20201, M104 (2021-04-27), preliminary version	2021-04-27	Unicameralism	Regeringen Mette Frederiksen	20201	M104	-	-	COVID	English	Chairperson	MP	notMinister	S	Socialdemokratiet	Coalition	Centre-left	KristensenHenrikDam	Kristensen, Henrik Dam	M	1957	
ParlaMint-DK-en_2021-04-27-20201-M104	ParlaMint-DK_20210427212239	Hansard of the session of the Danish Parliament (Folketinget), 20201, M104 (2021-04-27), preliminary version	2021-04-27	Unicameralism	Regeringen Mette Frederiksen	20201	M104	-	-	COVID	English	Regular	MP	notMinister	SF	Socialistisk Folkeparti	-	Centre-left to left	NordqvistRasmus	Nordqvist, Rasmus	M	1975	
ParlaMint-DK-en_2021-04-27-20201-M104	ParlaMint-DK_20210427212311	Hansard of the session of the Danish Parliament (Folketinget), 20201, M104 (2021-04-27), preliminary version	2021-04-27	Unicameralism	Regeringen Mette Frederiksen	20201	M104	-	-	COVID	English	Chairperson	MP	notMinister	S	Socialdemokratiet	Coalition	Centre-left	KristensenHenrikDam	Kristensen, Henrik Dam	M	1957	
ParlaMint-DK-en_2021-04-27-20201-M104	ParlaMint-DK_20210427212313	Hansard of the session of the Danish Parliament (Folketinget), 20201, M104 (2021-04-27), preliminary version	2021-04-27	Unicameralism	Regeringen Mette Frederiksen	20201	M104	-	-	COVID	English	Regular	MP	Minister	S	Socialdemokratiet	Coalition	Centre-left	WermelinLea	Wermelin, Lea	F	1985	
ParlaMint-DK-en_2021-04-27-20201-M104	ParlaMint-DK_20210427212350	Hansard of the session of the Danish Parliament (Folketinget), 20201, M104 (2021-04-27), preliminary version	2021-04-27	Unicameralism	Regeringen Mette Frederiksen	20201	M104	-	-	COVID	English	Chairperson	MP	notMinister	S	Socialdemokratiet	Coalition	Centre-left	KristensenHenrikDam	Kristensen, Henrik Dam	M	1957	
ParlaMint-DK-en_2021-04-27-20201-M104	ParlaMint-DK_20210427212410	Hansard of the session of the Danish Parliament (Folketinget), 20201, M104 (2021-04-27), preliminary version	2021-04-27	Unicameralism	Regeringen Mette Frederiksen	20201	M104	-	-	COVID	English	Regular	notMP	notMinister	S	Socialdemokratiet	Coalition	Centre-left	GaardstedKarin	Gaardsted, Karin	F	1955	
ParlaMint-DK-en_2021-04-27-20201-M104	ParlaMint-DK_20210427212845	Hansard of the session of the Danish Parliament (Folketinget), 20201, M104 (2021-04-27), preliminary version	2021-04-27	Unicameralism	Regeringen Mette Frederiksen	20201	M104	-	-	COVID	English	Chairperson	MP	notMinister	S	Socialdemokratiet	Coalition	Centre-left	KristensenHenrikDam	Kristensen, Henrik Dam	M	1957	
ParlaMint-DK-en_2021-04-27-20201-M104	ParlaMint-DK_20210427212847	Hansard of the session of the Danish Parliament (Folketinget), 20201, M104 (2021-04-27), preliminary version	2021-04-27	Unicameralism	Regeringen Mette Frederiksen	20201	M104	-	-	COVID	English	Regular	MP	notMinister	SF	Socialistisk Folkeparti	-	Centre-left to left	NordqvistRasmus	Nordqvist, Rasmus	M	1975	
ParlaMint-DK-en_2021-04-27-20201-M104	ParlaMint-DK_20210427212949	Hansard of the session of the Danish Parliament (Folketinget), 20201, M104 (2021-04-27), preliminary version	2021-04-27	Unicameralism	Regeringen Mette Frederiksen	20201	M104	-	-	COVID	English	Chairperson	MP	notMinister	S	Socialdemokratiet	Coalition	Centre-left	KristensenHenrikDam	Kristensen, Henrik Dam	M	1957	
ParlaMint-DK-en_2021-04-27-20201-M104	ParlaMint-DK_20210427212950	Hansard of the session of the Danish Parliament (Folketinget), 20201, M104 (2021-04-27), preliminary version	2021-04-27	Unicameralism	Regeringen Mette Frederiksen	20201	M104	-	-	COVID	English	Regular	notMP	notMinister	S	Socialdemokratiet	Coalition	Centre-left	GaardstedKarin	Gaardsted, Karin	F	1955	
ParlaMint-DK-en_2021-04-27-20201-M104	ParlaMint-DK_20210427213055	Hansard of the session of the Danish Parliament (Folketinget), 20201, M104 (2021-04-27), preliminary version	2021-04-27	Unicameralism	Regeringen Mette Frederiksen	20201	M104	-	-	COVID	English	Chairperson	MP	notMinister	S	Socialdemokratiet	Coalition	Centre-left	KristensenHenrikDam	Kristensen, Henrik Dam	M	1957	
ParlaMint-DK-en_2021-04-27-20201-M104	ParlaMint-DK_20210427213057	Hansard of the session of the Danish Parliament (Folketinget), 20201, M104 (2021-04-27), preliminary version	2021-04-27	Unicameralism	Regeringen Mette Frederiksen	20201	M104	-	-	COVID	English	Regular	MP	notMinister	SF	Socialistisk Folkeparti	-	Centre-left to left	NordqvistRasmus	Nordqvist, Rasmus	M	1975	
ParlaMint-DK-en_2021-04-27-20201-M104	ParlaMint-DK_20210427213128	Hansard of the session of the Danish Parliament (Folketinget), 20201, M104 (2021-04-27), preliminary version	2021-04-27	Unicameralism	Regeringen Mette Frederiksen	20201	M104	-	-	COVID	English	Chairperson	MP	notMinister	S	Socialdemokratiet	Coalition	Centre-left	KristensenHenrikDam	Kristensen, Henrik Dam	M	1957	
ParlaMint-DK-en_2021-04-27-20201-M104	ParlaMint-DK_20210427213129	Hansard of the session of the Danish Parliament (Folketinget), 20201, M104 (2021-04-27), preliminary version	2021-04-27	Unicameralism	Regeringen Mette Frederiksen	20201	M104	-	-	COVID	English	Regular	notMP	notMinister	S	Socialdemokratiet	Coalition	Centre-left	GaardstedKarin	Gaardsted, Karin	F	1955	
ParlaMint-DK-en_2021-04-27-20201-M104	ParlaMint-DK_20210427213159	Hansard of the session of the Danish Parliament (Folketinget), 20201, M104 (2021-04-27), preliminary version	2021-04-27	Unicameralism	Regeringen Mette Frederiksen	20201	M104	-	-	COVID	English	Chairperson	MP	notMinister	S	Socialdemokratiet	Coalition	Centre-left	KristensenHenrikDam	Kristensen, Henrik Dam	M	1957	
ParlaMint-DK-en_2021-04-27-20201-M104	ParlaMint-DK_20210427213221	Hansard of the session of the Danish Parliament (Folketinget), 20201, M104 (2021-04-27), preliminary version	2021-04-27	Unicameralism	Regeringen Mette Frederiksen	20201	M104	-	-	COVID	English	Regular	MP	notMinister	V	Venstre	Opposition	Centre-right	JensenJacob	Jensen, Jacob	M	1973	
ParlaMint-DK-en_2021-04-27-20201-M104	ParlaMint-DK_20210427213623	Hansard of the session of the Danish Parliament (Folketinget), 20201, M104 (2021-04-27), preliminary version	2021-04-27	Unicameralism	Regeringen Mette Frederiksen	20201	M104	-	-	COVID	English	Chairperson	MP	notMinister	S	Socialdemokratiet	Coalition	Centre-left	KristensenHenrikDam	Kristensen, Henrik Dam	M	1957	
ParlaMint-DK-en_2021-04-27-20201-M104	ParlaMint-DK_20210427213626	Hansard of the session of the Danish Parliament (Folketinget), 20201, M104 (2021-04-27), preliminary version	2021-04-27	Unicameralism	Regeringen Mette Frederiksen	20201	M104	-	-	COVID	English	Regular	MP	notMinister	SF	Socialistisk Folkeparti	-	Centre-left to left	NordqvistRasmus	Nordqvist, Rasmus	M	1975	
ParlaMint-DK-en_2021-04-27-20201-M104	ParlaMint-DK_20210427213724	Hansard of the session of the Danish Parliament (Folketinget), 20201, M104 (2021-04-27), preliminary version	2021-04-27	Unicameralism	Regeringen Mette Frederiksen	20201	M104	-	-	COVID	English	Chairperson	MP	notMinister	S	Socialdemokratiet	Coalition	Centre-left	KristensenHenrikDam	Kristensen, Henrik Dam	M	1957	
ParlaMint-DK-en_2021-04-27-20201-M104	ParlaMint-DK_20210427213727	Hansard of the session of the Danish Parliament (Folketinget), 20201, M104 (2021-04-27), preliminary version	2021-04-27	Unicameralism	Regeringen Mette Frederiksen	20201	M104	-	-	COVID	English	Regular	MP	notMinister	V	Venstre	Opposition	Centre-right	JensenJacob	Jensen, Jacob	M	1973	
ParlaMint-DK-en_2021-04-27-20201-M104	ParlaMint-DK_20210427213827	Hansard of the session of the Danish Parliament (Folketinget), 20201, M104 (2021-04-27), preliminary version	2021-04-27	Unicameralism	Regeringen Mette Frederiksen	20201	M104	-	-	COVID	English	Chairperson	MP	notMinister	S	Socialdemokratiet	Coalition	Centre-left	KristensenHenrikDam	Kristensen, Henrik Dam	M	1957	
ParlaMint-DK-en_2021-04-27-20201-M104	ParlaMint-DK_20210427213904	Hansard of the session of the Danish Parliament (Folketinget), 20201, M104 (2021-04-27), preliminary version	2021-04-27	Unicameralism	Regeringen Mette Frederiksen	20201	M104	-	-	COVID	English	Regular	MP	notMinister	DF	Dansk Folkeparti	Opposition	Right	ChristensenRené	Christensen, René	M	1970	
ParlaMint-DK-en_2021-04-27-20201-M104	ParlaMint-DK_20210427214117	Hansard of the session of the Danish Parliament (Folketinget), 20201, M104 (2021-04-27), preliminary version	2021-04-27	Unicameralism	Regeringen Mette Frederiksen	20201	M104	-	-	COVID	English	Chairperson	MP	notMinister	S	Socialdemokratiet	Coalition	Centre-left	KristensenHenrikDam	Kristensen, Henrik Dam	M	1957	
ParlaMint-DK-en_2021-04-27-20201-M104	ParlaMint-DK_20210427214132	Hansard of the session of the Danish Parliament (Folketinget), 20201, M104 (2021-04-27), preliminary version	2021-04-27	Unicameralism	Regeringen Mette Frederiksen	20201	M104	-	-	COVID	English	Regular	MP	notMinister	RV	Radikale Venstre	-	Centre to centre-left	StampeZenia	Stampe, Zenia	F	1979	
ParlaMint-DK-en_2021-04-27-20201-M104	ParlaMint-DK_20210427214405	Hansard of the session of the Danish Parliament (Folketinget), 20201, M104 (2021-04-27), preliminary version	2021-04-27	Unicameralism	Regeringen Mette Frederiksen	20201	M104	-	-	COVID	English	Chairperson	MP	notMinister	S	Socialdemokratiet	Coalition	Centre-left	KristensenHenrikDam	Kristensen, Henrik Dam	M	1957	
ParlaMint-DK-en_2021-04-27-20201-M104	ParlaMint-DK_20210427214408	Hansard of the session of the Danish Parliament (Folketinget), 20201, M104 (2021-04-27), preliminary version	2021-04-27	Unicameralism	Regeringen Mette Frederiksen	20201	M104	-	-	COVID	English	Regular	MP	notMinister	SF	Socialistisk Folkeparti	-	Centre-left to left	NordqvistRasmus	Nordqvist, Rasmus	M	1975	
ParlaMint-DK-en_2021-04-27-20201-M104	ParlaMint-DK_20210427214452	Hansard of the session of the Danish Parliament (Folketinget), 20201, M104 (2021-04-27), preliminary version	2021-04-27	Unicameralism	Regeringen Mette Frederiksen	20201	M104	-	-	COVID	English	Chairperson	MP	notMinister	S	Socialdemokratiet	Coalition	Centre-left	KristensenHenrikDam	Kristensen, Henrik Dam	M	1957	
ParlaMint-DK-en_2021-04-27-20201-M104	ParlaMint-DK_20210427214454	Hansard of the session of the Danish Parliament (Folketinget), 20201, M104 (2021-04-27), preliminary version	2021-04-27	Unicameralism	Regeringen Mette Frederiksen	20201	M104	-	-	COVID	English	Regular	MP	notMinister	RV	Radikale Venstre	-	Centre to centre-left	StampeZenia	Stampe, Zenia	F	1979	
ParlaMint-DK-en_2021-04-27-20201-M104	ParlaMint-DK_20210427214557	Hansard of the session of the Danish Parliament (Folketinget), 20201, M104 (2021-04-27), preliminary version	2021-04-27	Unicameralism	Regeringen Mette Frederiksen	20201	M104	-	-	COVID	English	Chairperson	MP	notMinister	S	Socialdemokratiet	Coalition	Centre-left	KristensenHenrikDam	Kristensen, Henrik Dam	M	1957	
ParlaMint-DK-en_2021-04-27-20201-M104	ParlaMint-DK_20210427214603	Hansard of the session of the Danish Parliament (Folketinget), 20201, M104 (2021-04-27), preliminary version	2021-04-27	Unicameralism	Regeringen Mette Frederiksen	20201	M104	-	-	COVID	English	Regular	MP	notMinister	SF	Socialistisk Folkeparti	-	Centre-left to left	NordqvistRasmus	Nordqvist, Rasmus	M	1975	
ParlaMint-DK-en_2021-04-27-20201-M104	ParlaMint-DK_20210427214644	Hansard of the session of the Danish Parliament (Folketinget), 20201, M104 (2021-04-27), preliminary version	2021-04-27	Unicameralism	Regeringen Mette Frederiksen	20201	M104	-	-	COVID	English	Chairperson	MP	notMinister	S	Socialdemokratiet	Coalition	Centre-left	KristensenHenrikDam	Kristensen, Henrik Dam	M	1957	
ParlaMint-DK-en_2021-04-27-20201-M104	ParlaMint-DK_20210427214645	Hansard of the session of the Danish Parliament (Folketinget), 20201, M104 (2021-04-27), preliminary version	2021-04-27	Unicameralism	Regeringen Mette Frederiksen	20201	M104	-	-	COVID	English	Regular	MP	notMinister	RV	Radikale Venstre	-	Centre to centre-left	StampeZenia	Stampe, Zenia	F	1979	
ParlaMint-DK-en_2021-04-27-20201-M104	ParlaMint-DK_20210427214727	Hansard of the session of the Danish Parliament (Folketinget), 20201, M104 (2021-04-27), preliminary version	2021-04-27	Unicameralism	Regeringen Mette Frederiksen	20201	M104	-	-	COVID	English	Chairperson	MP	notMinister	S	Socialdemokratiet	Coalition	Centre-left	KristensenHenrikDam	Kristensen, Henrik Dam	M	1957	
ParlaMint-DK-en_2021-04-27-20201-M104	ParlaMint-DK_20210427214748	Hansard of the session of the Danish Parliament (Folketinget), 20201, M104 (2021-04-27), preliminary version	2021-04-27	Unicameralism	Regeringen Mette Frederiksen	20201	M104	-	-	COVID	English	Regular	notMP	notMinister	EL	Enhedslisten	-	Left to far-left	MadsenRasmusVestergaard	Madsen, Rasmus Vestergaard	M	1991	
ParlaMint-DK-en_2021-04-27-20201-M104	ParlaMint-DK_20210427214955	Hansard of the session of the Danish Parliament (Folketinget), 20201, M104 (2021-04-27), preliminary version	2021-04-27	Unicameralism	Regeringen Mette Frederiksen	20201	M104	-	-	COVID	English	Chairperson	MP	notMinister	S	Socialdemokratiet	Coalition	Centre-left	KristensenHenrikDam	Kristensen, Henrik Dam	M	1957	
ParlaMint-DK-en_2021-04-27-20201-M104	ParlaMint-DK_20210427215022	Hansard of the session of the Danish Parliament (Folketinget), 20201, M104 (2021-04-27), preliminary version	2021-04-27	Unicameralism	Regeringen Mette Frederiksen	20201	M104	-	-	COVID	English	Regular	MP	notMinister	KF	Det Konservative Folkeparti	Opposition	Centre-right	JuulMona	Juul, Mona	F	1967	
ParlaMint-DK-en_2021-04-27-20201-M104	ParlaMint-DK_20210427215250	Hansard of the session of the Danish Parliament (Folketinget), 20201, M104 (2021-04-27), preliminary version	2021-04-27	Unicameralism	Regeringen Mette Frederiksen	20201	M104	-	-	COVID	English	Chairperson	MP	notMinister	S	Socialdemokratiet	Coalition	Centre-left	KristensenHenrikDam	Kristensen, Henrik Dam	M	1957	
ParlaMint-DK-en_2021-04-27-20201-M104	ParlaMint-DK_20210427215302	Hansard of the session of the Danish Parliament (Folketinget), 20201, M104 (2021-04-27), preliminary version	2021-04-27	Unicameralism	Regeringen Mette Frederiksen	20201	M104	-	-	COVID	English	Regular	MP	notMinister	NB	Nye Borgerlige	Opposition	Right to far-right	ChristensenPeterSeier	Christensen, Peter Seier	M	1967	
ParlaMint-DK-en_2021-04-27-20201-M104	ParlaMint-DK_20210427215501	Hansard of the session of the Danish Parliament (Folketinget), 20201, M104 (2021-04-27), preliminary version	2021-04-27	Unicameralism	Regeringen Mette Frederiksen	20201	M104	-	-	COVID	English	Chairperson	MP	notMinister	S	Socialdemokratiet	Coalition	Centre-left	KristensenHenrikDam	Kristensen, Henrik Dam	M	1957	
ParlaMint-DK-en_2021-04-27-20201-M104	ParlaMint-DK_20210427215507	Hansard of the session of the Danish Parliament (Folketinget), 20201, M104 (2021-04-27), preliminary version	2021-04-27	Unicameralism	Regeringen Mette Frederiksen	20201	M104	-	-	COVID	English	Regular	MP	notMinister	SF	Socialistisk Folkeparti	-	Centre-left to left	NordqvistRasmus	Nordqvist, Rasmus	M	1975	
ParlaMint-DK-en_2021-04-27-20201-M104	ParlaMint-DK_20210427215547	Hansard of the session of the Danish Parliament (Folketinget), 20201, M104 (2021-04-27), preliminary version	2021-04-27	Unicameralism	Regeringen Mette Frederiksen	20201	M104	-	-	COVID	English	Chairperson	MP	notMinister	S	Socialdemokratiet	Coalition	Centre-left	KristensenHenrikDam	Kristensen, Henrik Dam	M	1957	
ParlaMint-DK-en_2021-04-27-20201-M104	ParlaMint-DK_20210427215550	Hansard of the session of the Danish Parliament (Folketinget), 20201, M104 (2021-04-27), preliminary version	2021-04-27	Unicameralism	Regeringen Mette Frederiksen	20201	M104	-	-	COVID	English	Regular	MP	notMinister	NB	Nye Borgerlige	Opposition	Right to far-right	ChristensenPeterSeier	Christensen, Peter Seier	M	1967	
ParlaMint-DK-en_2021-04-27-20201-M104	ParlaMint-DK_20210427215615	Hansard of the session of the Danish Parliament (Folketinget), 20201, M104 (2021-04-27), preliminary version	2021-04-27	Unicameralism	Regeringen Mette Frederiksen	20201	M104	-	-	COVID	English	Chairperson	MP	notMinister	S	Socialdemokratiet	Coalition	Centre-left	KristensenHenrikDam	Kristensen, Henrik Dam	M	1957	
ParlaMint-DK-en_2021-04-27-20201-M104	ParlaMint-DK_20210427215647	Hansard of the session of the Danish Parliament (Folketinget), 20201, M104 (2021-04-27), preliminary version	2021-04-27	Unicameralism	Regeringen Mette Frederiksen	20201	M104	-	-	COVID	English	Regular	MP	notMinister	UFG	Uden for folketingsgrupperne	-	-	ZimmerSusanne	Zimmer, Susanne	F	1960	
ParlaMint-DK-en_2021-04-27-20201-M104	ParlaMint-DK_20210427215852	Hansard of the session of the Danish Parliament (Folketinget), 20201, M104 (2021-04-27), preliminary version	2021-04-27	Unicameralism	Regeringen Mette Frederiksen	20201	M104	-	-	COVID	English	Chairperson	MP	notMinister	S	Socialdemokratiet	Coalition	Centre-left	KristensenHenrikDam	Kristensen, Henrik Dam	M	1957	
ParlaMint-DK-en_2021-04-27-20201-M104	ParlaMint-DK_20210427215914	Hansard of the session of the Danish Parliament (Folketinget), 20201, M104 (2021-04-27), preliminary version	2021-04-27	Unicameralism	Regeringen Mette Frederiksen	20201	M104	-	-	COVID	English	Regular	MP	notMinister	SF	Socialistisk Folkeparti	-	Centre-left to left	NordqvistRasmus	Nordqvist, Rasmus	M	1975	
ParlaMint-DK-en_2021-04-27-20201-M104	ParlaMint-DK_20210427220340	Hansard of the session of the Danish Parliament (Folketinget), 20201, M104 (2021-04-27), preliminary version	2021-04-27	Unicameralism	Regeringen Mette Frederiksen	20201	M104	-	-	COVID	English	Chairperson	MP	notMinister	S	Socialdemokratiet	Coalition	Centre-left	KristensenHenrikDam	Kristensen, Henrik Dam	M	1957	
ParlaMint-DK-en_2021-04-27-20201-M104	ParlaMint-DK_20210427220345	Hansard of the session of the Danish Parliament (Folketinget), 20201, M104 (2021-04-27), preliminary version	2021-04-27	Unicameralism	Regeringen Mette Frederiksen	20201	M104	-	-	COVID	English	Regular	notMP	notMinister	S	Socialdemokratiet	Coalition	Centre-left	GaardstedKarin	Gaardsted, Karin	F	1955	
ParlaMint-DK-en_2021-04-27-20201-M104	ParlaMint-DK_20210427220429	Hansard of the session of the Danish Parliament (Folketinget), 20201, M104 (2021-04-27), preliminary version	2021-04-27	Unicameralism	Regeringen Mette Frederiksen	20201	M104	-	-	COVID	English	Chairperson	MP	notMinister	S	Socialdemokratiet	Coalition	Centre-left	KristensenHenrikDam	Kristensen, Henrik Dam	M	1957	
ParlaMint-DK-en_2021-04-27-20201-M104	ParlaMint-DK_20210427220431	Hansard of the session of the Danish Parliament (Folketinget), 20201, M104 (2021-04-27), preliminary version	2021-04-27	Unicameralism	Regeringen Mette Frederiksen	20201	M104	-	-	COVID	English	Regular	MP	notMinister	SF	Socialistisk Folkeparti	-	Centre-left to left	NordqvistRasmus	Nordqvist, Rasmus	M	1975	
ParlaMint-DK-en_2021-04-27-20201-M104	ParlaMint-DK_20210427220536	Hansard of the session of the Danish Parliament (Folketinget), 20201, M104 (2021-04-27), preliminary version	2021-04-27	Unicameralism	Regeringen Mette Frederiksen	20201	M104	-	-	COVID	English	Chairperson	MP	notMinister	S	Socialdemokratiet	Coalition	Centre-left	KristensenHenrikDam	Kristensen, Henrik Dam	M	1957	
ParlaMint-DK-en_2021-04-27-20201-M104	ParlaMint-DK_20210427220538	Hansard of the session of the Danish Parliament (Folketinget), 20201, M104 (2021-04-27), preliminary version	2021-04-27	Unicameralism	Regeringen Mette Frederiksen	20201	M104	-	-	COVID	English	Regular	notMP	notMinister	S	Socialdemokratiet	Coalition	Centre-left	GaardstedKarin	Gaardsted, Karin	F	1955	
ParlaMint-DK-en_2021-04-27-20201-M104	ParlaMint-DK_20210427220610	Hansard of the session of the Danish Parliament (Folketinget), 20201, M104 (2021-04-27), preliminary version	2021-04-27	Unicameralism	Regeringen Mette Frederiksen	20201	M104	-	-	COVID	English	Chairperson	MP	notMinister	S	Socialdemokratiet	Coalition	Centre-left	KristensenHenrikDam	Kristensen, Henrik Dam	M	1957	
ParlaMint-DK-en_2021-04-27-20201-M104	ParlaMint-DK_20210427220612	Hansard of the session of the Danish Parliament (Folketinget), 20201, M104 (2021-04-27), preliminary version	2021-04-27	Unicameralism	Regeringen Mette Frederiksen	20201	M104	-	-	COVID	English	Regular	MP	notMinister	SF	Socialistisk Folkeparti	-	Centre-left to left	NordqvistRasmus	Nordqvist, Rasmus	M	1975	
ParlaMint-DK-en_2021-04-27-20201-M104	ParlaMint-DK_20210427220640	Hansard of the session of the Danish Parliament (Folketinget), 20201, M104 (2021-04-27), preliminary version	2021-04-27	Unicameralism	Regeringen Mette Frederiksen	20201	M104	-	-	COVID	English	Chairperson	MP	notMinister	S	Socialdemokratiet	Coalition	Centre-left	KristensenHenrikDam	Kristensen, Henrik Dam	M	1957	
ParlaMint-DK-en_2021-04-27-20201-M104	ParlaMint-DK_20210427220643	Hansard of the session of the Danish Parliament (Folketinget), 20201, M104 (2021-04-27), preliminary version	2021-04-27	Unicameralism	Regeringen Mette Frederiksen	20201	M104	-	-	COVID	English	Regular	notMP	notMinister	EL	Enhedslisten	-	Left to far-left	MadsenRasmusVestergaard	Madsen, Rasmus Vestergaard	M	1991	
ParlaMint-DK-en_2021-04-27-20201-M104	ParlaMint-DK_20210427220702	Hansard of the session of the Danish Parliament (Folketinget), 20201, M104 (2021-04-27), preliminary version	2021-04-27	Unicameralism	Regeringen Mette Frederiksen	20201	M104	-	-	COVID	English	Chairperson	MP	notMinister	S	Socialdemokratiet	Coalition	Centre-left	KristensenHenrikDam	Kristensen, Henrik Dam	M	1957	
ParlaMint-DK-en_2021-04-27-20201-M104	ParlaMint-DK_20210427220704	Hansard of the session of the Danish Parliament (Folketinget), 20201, M104 (2021-04-27), preliminary version	2021-04-27	Unicameralism	Regeringen Mette Frederiksen	20201	M104	-	-	COVID	English	Regular	MP	notMinister	SF	Socialistisk Folkeparti	-	Centre-left to left	NordqvistRasmus	Nordqvist, Rasmus	M	1975	
ParlaMint-DK-en_2021-04-27-20201-M104	ParlaMint-DK_20210427220730	Hansard of the session of the Danish Parliament (Folketinget), 20201, M104 (2021-04-27), preliminary version	2021-04-27	Unicameralism	Regeringen Mette Frederiksen	20201	M104	-	-	COVID	English	Chairperson	MP	notMinister	S	Socialdemokratiet	Coalition	Centre-left	KristensenHenrikDam	Kristensen, Henrik Dam	M	1957	
ParlaMint-DK-en_2021-04-27-20201-M104	ParlaMint-DK_20210427220743	Hansard of the session of the Danish Parliament (Folketinget), 20201, M104 (2021-04-27), preliminary version	2021-04-27	Unicameralism	Regeringen Mette Frederiksen	20201	M104	-	-	COVID	English	Chairperson	MP	notMinister	S	Socialdemokratiet	Coalition	Centre-left	KristensenHenrikDam	Kristensen, Henrik Dam	M	1957	
