Text_ID	ID	Title	Date	Body	Term	Session	Meeting	Sitting	Agenda	Subcorpus	Lang	Speaker_role	Speaker_MP	Speaker_minister	Speaker_party	Speaker_party_name	Party_status	Party_orientation	Speaker_ID	Speaker_name	Speaker_gender	Speaker_birth
ParlaMint-HR-en_2021-07-14-0	ParlaMint-HR_2021-07-14-0.u43212	Minutes of the National Assembly of the Republic of Croatia, Term 10, Session 7	2021-07-14	Unicameralism	10. mandat	-	Zasedanje 7	2021-07-15	-	COVID	English	Regular	MP	notMinister	nezavisni	nezavisni	-	-	PosavecKrivecIvana	Posavec Krivec, Ivana	F	1975	
ParlaMint-HR-en_2021-07-14-0	ParlaMint-HR_2021-07-14-0.u43314	Minutes of the National Assembly of the Republic of Croatia, Term 10, Session 7	2021-07-14	Unicameralism	10. mandat	-	Zasedanje 7	2021-07-15	-	COVID	English	Chairperson	MP	notMinister	HDZ	Hrvatska demokratska zajednica	Coalition	Centre-right	ReinerŽeljko	Reiner, Željko	M	1953	
ParlaMint-HR-en_2021-07-14-0	ParlaMint-HR_2021-07-14-0.u43315	Minutes of the National Assembly of the Republic of Croatia, Term 10, Session 7	2021-07-14	Unicameralism	10. mandat	-	Zasedanje 7	2021-07-15	-	COVID	English	Regular	MP	notMinister	HDZ	Hrvatska demokratska zajednica	Coalition	Centre-right	BrkanJure	Brkan, Jure	M	1979	
ParlaMint-HR-en_2021-07-14-0	ParlaMint-HR_2021-07-14-0.u43413	Minutes of the National Assembly of the Republic of Croatia, Term 10, Session 7	2021-07-14	Unicameralism	10. mandat	-	Zasedanje 7	2021-07-15	-	COVID	English	Chairperson	MP	notMinister	HDZ	Hrvatska demokratska zajednica	Coalition	Centre-right	ReinerŽeljko	Reiner, Željko	M	1953	
ParlaMint-HR-en_2021-07-14-0	ParlaMint-HR_2021-07-14-0.u43414	Minutes of the National Assembly of the Republic of Croatia, Term 10, Session 7	2021-07-14	Unicameralism	10. mandat	-	Zasedanje 7	2021-07-15	-	COVID	English	Regular	MP	notMinister	MOST	Most nezavisnih lista	Opposition	Centre-right to right	TroskotZvonimir	Troskot, Zvonimir	M	1984	
ParlaMint-HR-en_2021-07-14-0	ParlaMint-HR_2021-07-14-0.u43415	Minutes of the National Assembly of the Republic of Croatia, Term 10, Session 7	2021-07-14	Unicameralism	10. mandat	-	Zasedanje 7	2021-07-15	-	COVID	English	Chairperson	MP	notMinister	HDZ	Hrvatska demokratska zajednica	Coalition	Centre-right	ReinerŽeljko	Reiner, Željko	M	1953	
ParlaMint-HR-en_2021-07-14-0	ParlaMint-HR_2021-07-14-0.u43504	Minutes of the National Assembly of the Republic of Croatia, Term 10, Session 7	2021-07-14	Unicameralism	10. mandat	-	Zasedanje 7	2021-07-15	-	COVID	English	Regular	MP	notMinister	HSS	Hrvatska seljačka stranka	Coalition	Centre to centre-right	LenartŽeljko	Lenart, Željko	M	1968	
ParlaMint-HR-en_2021-07-14-0	ParlaMint-HR_2021-07-14-0.u43505	Minutes of the National Assembly of the Republic of Croatia, Term 10, Session 7	2021-07-14	Unicameralism	10. mandat	-	Zasedanje 7	2021-07-15	-	COVID	English	Chairperson	MP	notMinister	HDZ	Hrvatska demokratska zajednica	Coalition	Centre-right	ReinerŽeljko	Reiner, Željko	M	1953	
ParlaMint-HR-en_2021-07-14-0	ParlaMint-HR_2021-07-14-0.u46630	Minutes of the National Assembly of the Republic of Croatia, Term 10, Session 7	2021-07-14	Unicameralism	10. mandat	-	Zasedanje 7	2021-07-15	-	COVID	English	Regular	MP	notMinister	HDZ	Hrvatska demokratska zajednica	Coalition	Centre-right	TotgergeliMiro	Totgergeli, Miro	M	1971	
ParlaMint-HR-en_2021-07-14-0	ParlaMint-HR_2021-07-14-0.u46631	Minutes of the National Assembly of the Republic of Croatia, Term 10, Session 7	2021-07-14	Unicameralism	10. mandat	-	Zasedanje 7	2021-07-15	-	COVID	English	Chairperson	MP	notMinister	HDZ	Hrvatska demokratska zajednica	Coalition	Centre-right	ReinerŽeljko	Reiner, Željko	M	1953	
ParlaMint-HR-en_2021-07-14-0	ParlaMint-HR_2021-07-14-0.u54075	Minutes of the National Assembly of the Republic of Croatia, Term 10, Session 7	2021-07-14	Unicameralism	10. mandat	-	Zasedanje 7	2021-07-15	-	COVID	English	Regular	notMP	notMinister	-	-	-	-	NekićDarko	Nekić, Darko	U	-	
ParlaMint-HR-en_2021-07-14-0	ParlaMint-HR_2021-07-14-0.u54076	Minutes of the National Assembly of the Republic of Croatia, Term 10, Session 7	2021-07-14	Unicameralism	10. mandat	-	Zasedanje 7	2021-07-15	-	COVID	English	Chairperson	MP	notMinister	HDZ	Hrvatska demokratska zajednica	Coalition	Centre-right	ReinerŽeljko	Reiner, Željko	M	1953	
ParlaMint-HR-en_2021-07-14-0	ParlaMint-HR_2021-07-14-0.u54077	Minutes of the National Assembly of the Republic of Croatia, Term 10, Session 7	2021-07-14	Unicameralism	10. mandat	-	Zasedanje 7	2021-07-15	-	COVID	English	Regular	MP	notMinister	DP	Domovinski pokret	Coalition	Right to far-right	SačićŽeljko	Sačić, Željko	M	1963	
ParlaMint-HR-en_2021-07-14-0	ParlaMint-HR_2021-07-14-0.u54078	Minutes of the National Assembly of the Republic of Croatia, Term 10, Session 7	2021-07-14	Unicameralism	10. mandat	-	Zasedanje 7	2021-07-15	-	COVID	English	Chairperson	MP	notMinister	HDZ	Hrvatska demokratska zajednica	Coalition	Centre-right	ReinerŽeljko	Reiner, Željko	M	1953	
ParlaMint-HR-en_2021-07-14-0	ParlaMint-HR_2021-07-14-0.u54079	Minutes of the National Assembly of the Republic of Croatia, Term 10, Session 7	2021-07-14	Unicameralism	10. mandat	-	Zasedanje 7	2021-07-15	-	COVID	English	Regular	notMP	notMinister	-	-	-	-	NekićDarko	Nekić, Darko	U	-	
ParlaMint-HR-en_2021-07-14-0	ParlaMint-HR_2021-07-14-0.u54080	Minutes of the National Assembly of the Republic of Croatia, Term 10, Session 7	2021-07-14	Unicameralism	10. mandat	-	Zasedanje 7	2021-07-15	-	COVID	English	Chairperson	MP	notMinister	HDZ	Hrvatska demokratska zajednica	Coalition	Centre-right	ReinerŽeljko	Reiner, Željko	M	1953	
ParlaMint-HR-en_2021-07-14-0	ParlaMint-HR_2021-07-14-0.u54081	Minutes of the National Assembly of the Republic of Croatia, Term 10, Session 7	2021-07-14	Unicameralism	10. mandat	-	Zasedanje 7	2021-07-15	-	COVID	English	Regular	MP	notMinister	DP	Domovinski pokret	Coalition	Right to far-right	SačićŽeljko	Sačić, Željko	M	1963	
ParlaMint-HR-en_2021-07-14-0	ParlaMint-HR_2021-07-14-0.u54082	Minutes of the National Assembly of the Republic of Croatia, Term 10, Session 7	2021-07-14	Unicameralism	10. mandat	-	Zasedanje 7	2021-07-15	-	COVID	English	Chairperson	MP	notMinister	HDZ	Hrvatska demokratska zajednica	Coalition	Centre-right	ReinerŽeljko	Reiner, Željko	M	1953	
ParlaMint-HR-en_2021-07-14-0	ParlaMint-HR_2021-07-14-0.u54083	Minutes of the National Assembly of the Republic of Croatia, Term 10, Session 7	2021-07-14	Unicameralism	10. mandat	-	Zasedanje 7	2021-07-15	-	COVID	English	Regular	notMP	notMinister	-	-	-	-	NekićDarko	Nekić, Darko	U	-	
ParlaMint-HR-en_2021-07-14-0	ParlaMint-HR_2021-07-14-0.u54084	Minutes of the National Assembly of the Republic of Croatia, Term 10, Session 7	2021-07-14	Unicameralism	10. mandat	-	Zasedanje 7	2021-07-15	-	COVID	English	Chairperson	MP	notMinister	HDZ	Hrvatska demokratska zajednica	Coalition	Centre-right	ReinerŽeljko	Reiner, Željko	M	1953	
ParlaMint-HR-en_2021-07-14-0	ParlaMint-HR_2021-07-14-0.u54085	Minutes of the National Assembly of the Republic of Croatia, Term 10, Session 7	2021-07-14	Unicameralism	10. mandat	-	Zasedanje 7	2021-07-15	-	COVID	English	Regular	MP	notMinister	ZK	Zeleno–lijeva koalicija	Coalition	Left	RaukarGamulinUrša	Raukar-Gamulin, Urša	F	1960	
ParlaMint-HR-en_2021-07-14-0	ParlaMint-HR_2021-07-14-0.u54086	Minutes of the National Assembly of the Republic of Croatia, Term 10, Session 7	2021-07-14	Unicameralism	10. mandat	-	Zasedanje 7	2021-07-15	-	COVID	English	Chairperson	MP	notMinister	HDZ	Hrvatska demokratska zajednica	Coalition	Centre-right	ReinerŽeljko	Reiner, Željko	M	1953	
ParlaMint-HR-en_2021-07-14-0	ParlaMint-HR_2021-07-14-0.u54087	Minutes of the National Assembly of the Republic of Croatia, Term 10, Session 7	2021-07-14	Unicameralism	10. mandat	-	Zasedanje 7	2021-07-15	-	COVID	English	Regular	notMP	notMinister	-	-	-	-	NekićDarko	Nekić, Darko	U	-	
ParlaMint-HR-en_2021-07-14-0	ParlaMint-HR_2021-07-14-0.u54088	Minutes of the National Assembly of the Republic of Croatia, Term 10, Session 7	2021-07-14	Unicameralism	10. mandat	-	Zasedanje 7	2021-07-15	-	COVID	English	Chairperson	MP	notMinister	HDZ	Hrvatska demokratska zajednica	Coalition	Centre-right	ReinerŽeljko	Reiner, Željko	M	1953	
ParlaMint-HR-en_2021-07-14-0	ParlaMint-HR_2021-07-14-0.u54089	Minutes of the National Assembly of the Republic of Croatia, Term 10, Session 7	2021-07-14	Unicameralism	10. mandat	-	Zasedanje 7	2021-07-15	-	COVID	English	Regular	MP	notMinister	ZK	Zeleno–lijeva koalicija	Coalition	Left	RaukarGamulinUrša	Raukar-Gamulin, Urša	F	1960	
ParlaMint-HR-en_2021-07-14-0	ParlaMint-HR_2021-07-14-0.u54090	Minutes of the National Assembly of the Republic of Croatia, Term 10, Session 7	2021-07-14	Unicameralism	10. mandat	-	Zasedanje 7	2021-07-15	-	COVID	English	Chairperson	MP	notMinister	HDZ	Hrvatska demokratska zajednica	Coalition	Centre-right	ReinerŽeljko	Reiner, Željko	M	1953	
ParlaMint-HR-en_2021-07-14-0	ParlaMint-HR_2021-07-14-0.u54091	Minutes of the National Assembly of the Republic of Croatia, Term 10, Session 7	2021-07-14	Unicameralism	10. mandat	-	Zasedanje 7	2021-07-15	-	COVID	English	Regular	notMP	notMinister	-	-	-	-	NekićDarko	Nekić, Darko	U	-	
ParlaMint-HR-en_2021-07-14-0	ParlaMint-HR_2021-07-14-0.u54092	Minutes of the National Assembly of the Republic of Croatia, Term 10, Session 7	2021-07-14	Unicameralism	10. mandat	-	Zasedanje 7	2021-07-15	-	COVID	English	Chairperson	MP	notMinister	HDZ	Hrvatska demokratska zajednica	Coalition	Centre-right	ReinerŽeljko	Reiner, Željko	M	1953	
ParlaMint-HR-en_2021-07-14-0	ParlaMint-HR_2021-07-14-0.u54093	Minutes of the National Assembly of the Republic of Croatia, Term 10, Session 7	2021-07-14	Unicameralism	10. mandat	-	Zasedanje 7	2021-07-15	-	COVID	English	Regular	MP	notMinister	ZK	Zeleno–lijeva koalicija	Coalition	Left	RaukarGamulinUrša	Raukar-Gamulin, Urša	F	1960	
ParlaMint-HR-en_2021-07-14-0	ParlaMint-HR_2021-07-14-0.u54094	Minutes of the National Assembly of the Republic of Croatia, Term 10, Session 7	2021-07-14	Unicameralism	10. mandat	-	Zasedanje 7	2021-07-15	-	COVID	English	Chairperson	MP	notMinister	HDZ	Hrvatska demokratska zajednica	Coalition	Centre-right	ReinerŽeljko	Reiner, Željko	M	1953	
ParlaMint-HR-en_2021-07-14-0	ParlaMint-HR_2021-07-14-0.u54095	Minutes of the National Assembly of the Republic of Croatia, Term 10, Session 7	2021-07-14	Unicameralism	10. mandat	-	Zasedanje 7	2021-07-15	-	COVID	English	Regular	notMP	notMinister	-	-	-	-	NekićDarko	Nekić, Darko	U	-	
ParlaMint-HR-en_2021-07-14-0	ParlaMint-HR_2021-07-14-0.u54096	Minutes of the National Assembly of the Republic of Croatia, Term 10, Session 7	2021-07-14	Unicameralism	10. mandat	-	Zasedanje 7	2021-07-15	-	COVID	English	Chairperson	MP	notMinister	HDZ	Hrvatska demokratska zajednica	Coalition	Centre-right	ReinerŽeljko	Reiner, Željko	M	1953	
ParlaMint-HR-en_2021-07-14-0	ParlaMint-HR_2021-07-14-0.u54097	Minutes of the National Assembly of the Republic of Croatia, Term 10, Session 7	2021-07-14	Unicameralism	10. mandat	-	Zasedanje 7	2021-07-15	-	COVID	English	Regular	MP	notMinister	ZK	Zeleno–lijeva koalicija	Coalition	Left	RaukarGamulinUrša	Raukar-Gamulin, Urša	F	1960	
ParlaMint-HR-en_2021-07-14-0	ParlaMint-HR_2021-07-14-0.u54098	Minutes of the National Assembly of the Republic of Croatia, Term 10, Session 7	2021-07-14	Unicameralism	10. mandat	-	Zasedanje 7	2021-07-15	-	COVID	English	Chairperson	MP	notMinister	HDZ	Hrvatska demokratska zajednica	Coalition	Centre-right	ReinerŽeljko	Reiner, Željko	M	1953	
ParlaMint-HR-en_2021-07-14-0	ParlaMint-HR_2021-07-14-0.u54099	Minutes of the National Assembly of the Republic of Croatia, Term 10, Session 7	2021-07-14	Unicameralism	10. mandat	-	Zasedanje 7	2021-07-15	-	COVID	English	Regular	notMP	notMinister	-	-	-	-	NekićDarko	Nekić, Darko	U	-	
ParlaMint-HR-en_2021-07-14-0	ParlaMint-HR_2021-07-14-0.u54100	Minutes of the National Assembly of the Republic of Croatia, Term 10, Session 7	2021-07-14	Unicameralism	10. mandat	-	Zasedanje 7	2021-07-15	-	COVID	English	Chairperson	MP	notMinister	HDZ	Hrvatska demokratska zajednica	Coalition	Centre-right	ReinerŽeljko	Reiner, Željko	M	1953	
ParlaMint-HR-en_2021-07-14-0	ParlaMint-HR_2021-07-14-0.u54101	Minutes of the National Assembly of the Republic of Croatia, Term 10, Session 7	2021-07-14	Unicameralism	10. mandat	-	Zasedanje 7	2021-07-15	-	COVID	English	Regular	MP	notMinister	ZK	Zeleno–lijeva koalicija	Coalition	Left	RaukarGamulinUrša	Raukar-Gamulin, Urša	F	1960	
ParlaMint-HR-en_2021-07-14-0	ParlaMint-HR_2021-07-14-0.u54102	Minutes of the National Assembly of the Republic of Croatia, Term 10, Session 7	2021-07-14	Unicameralism	10. mandat	-	Zasedanje 7	2021-07-15	-	COVID	English	Chairperson	MP	notMinister	HDZ	Hrvatska demokratska zajednica	Coalition	Centre-right	ReinerŽeljko	Reiner, Željko	M	1953	
ParlaMint-HR-en_2021-07-14-0	ParlaMint-HR_2021-07-14-0.u54103	Minutes of the National Assembly of the Republic of Croatia, Term 10, Session 7	2021-07-14	Unicameralism	10. mandat	-	Zasedanje 7	2021-07-15	-	COVID	English	Regular	notMP	notMinister	-	-	-	-	NekićDarko	Nekić, Darko	U	-	
ParlaMint-HR-en_2021-07-14-0	ParlaMint-HR_2021-07-14-0.u54104	Minutes of the National Assembly of the Republic of Croatia, Term 10, Session 7	2021-07-14	Unicameralism	10. mandat	-	Zasedanje 7	2021-07-15	-	COVID	English	Chairperson	MP	notMinister	HDZ	Hrvatska demokratska zajednica	Coalition	Centre-right	ReinerŽeljko	Reiner, Željko	M	1953	
ParlaMint-HR-en_2021-07-14-0	ParlaMint-HR_2021-07-14-0.u54105	Minutes of the National Assembly of the Republic of Croatia, Term 10, Session 7	2021-07-14	Unicameralism	10. mandat	-	Zasedanje 7	2021-07-15	-	COVID	English	Regular	MP	notMinister	ZK	Zeleno–lijeva koalicija	Coalition	Left	RaukarGamulinUrša	Raukar-Gamulin, Urša	F	1960	
ParlaMint-HR-en_2021-07-14-0	ParlaMint-HR_2021-07-14-0.u54106	Minutes of the National Assembly of the Republic of Croatia, Term 10, Session 7	2021-07-14	Unicameralism	10. mandat	-	Zasedanje 7	2021-07-15	-	COVID	English	Chairperson	MP	notMinister	HDZ	Hrvatska demokratska zajednica	Coalition	Centre-right	ReinerŽeljko	Reiner, Željko	M	1953	
ParlaMint-HR-en_2021-07-14-0	ParlaMint-HR_2021-07-14-0.u54107	Minutes of the National Assembly of the Republic of Croatia, Term 10, Session 7	2021-07-14	Unicameralism	10. mandat	-	Zasedanje 7	2021-07-15	-	COVID	English	Regular	notMP	notMinister	-	-	-	-	NekićDarko	Nekić, Darko	U	-	
ParlaMint-HR-en_2021-07-14-0	ParlaMint-HR_2021-07-14-0.u54108	Minutes of the National Assembly of the Republic of Croatia, Term 10, Session 7	2021-07-14	Unicameralism	10. mandat	-	Zasedanje 7	2021-07-15	-	COVID	English	Chairperson	MP	notMinister	HDZ	Hrvatska demokratska zajednica	Coalition	Centre-right	ReinerŽeljko	Reiner, Željko	M	1953	
ParlaMint-HR-en_2021-07-14-0	ParlaMint-HR_2021-07-14-0.u54109	Minutes of the National Assembly of the Republic of Croatia, Term 10, Session 7	2021-07-14	Unicameralism	10. mandat	-	Zasedanje 7	2021-07-15	-	COVID	English	Regular	MP	notMinister	ZK	Zeleno–lijeva koalicija	Coalition	Left	RaukarGamulinUrša	Raukar-Gamulin, Urša	F	1960	
ParlaMint-HR-en_2021-07-14-0	ParlaMint-HR_2021-07-14-0.u54110	Minutes of the National Assembly of the Republic of Croatia, Term 10, Session 7	2021-07-14	Unicameralism	10. mandat	-	Zasedanje 7	2021-07-15	-	COVID	English	Chairperson	MP	notMinister	HDZ	Hrvatska demokratska zajednica	Coalition	Centre-right	ReinerŽeljko	Reiner, Željko	M	1953	
ParlaMint-HR-en_2021-07-14-0	ParlaMint-HR_2021-07-14-0.u54111	Minutes of the National Assembly of the Republic of Croatia, Term 10, Session 7	2021-07-14	Unicameralism	10. mandat	-	Zasedanje 7	2021-07-15	-	COVID	English	Regular	notMP	notMinister	-	-	-	-	NekićDarko	Nekić, Darko	U	-	
ParlaMint-HR-en_2021-07-14-0	ParlaMint-HR_2021-07-14-0.u54112	Minutes of the National Assembly of the Republic of Croatia, Term 10, Session 7	2021-07-14	Unicameralism	10. mandat	-	Zasedanje 7	2021-07-15	-	COVID	English	Chairperson	MP	notMinister	HDZ	Hrvatska demokratska zajednica	Coalition	Centre-right	ReinerŽeljko	Reiner, Željko	M	1953	
ParlaMint-HR-en_2021-07-14-0	ParlaMint-HR_2021-07-14-0.u54113	Minutes of the National Assembly of the Republic of Croatia, Term 10, Session 7	2021-07-14	Unicameralism	10. mandat	-	Zasedanje 7	2021-07-15	-	COVID	English	Regular	MP	notMinister	ZK	Zeleno–lijeva koalicija	Coalition	Left	RaukarGamulinUrša	Raukar-Gamulin, Urša	F	1960	
ParlaMint-HR-en_2021-07-14-0	ParlaMint-HR_2021-07-14-0.u54114	Minutes of the National Assembly of the Republic of Croatia, Term 10, Session 7	2021-07-14	Unicameralism	10. mandat	-	Zasedanje 7	2021-07-15	-	COVID	English	Chairperson	MP	notMinister	HDZ	Hrvatska demokratska zajednica	Coalition	Centre-right	ReinerŽeljko	Reiner, Željko	M	1953	
ParlaMint-HR-en_2021-07-14-0	ParlaMint-HR_2021-07-14-0.u54115	Minutes of the National Assembly of the Republic of Croatia, Term 10, Session 7	2021-07-14	Unicameralism	10. mandat	-	Zasedanje 7	2021-07-15	-	COVID	English	Regular	notMP	notMinister	-	-	-	-	NekićDarko	Nekić, Darko	U	-	
ParlaMint-HR-en_2021-07-14-0	ParlaMint-HR_2021-07-14-0.u54116	Minutes of the National Assembly of the Republic of Croatia, Term 10, Session 7	2021-07-14	Unicameralism	10. mandat	-	Zasedanje 7	2021-07-15	-	COVID	English	Chairperson	MP	notMinister	HDZ	Hrvatska demokratska zajednica	Coalition	Centre-right	ReinerŽeljko	Reiner, Željko	M	1953	
ParlaMint-HR-en_2021-07-14-0	ParlaMint-HR_2021-07-14-0.u54117	Minutes of the National Assembly of the Republic of Croatia, Term 10, Session 7	2021-07-14	Unicameralism	10. mandat	-	Zasedanje 7	2021-07-15	-	COVID	English	Regular	MP	notMinister	ZK	Zeleno–lijeva koalicija	Coalition	Left	RaukarGamulinUrša	Raukar-Gamulin, Urša	F	1960	
ParlaMint-HR-en_2021-07-14-0	ParlaMint-HR_2021-07-14-0.u54118	Minutes of the National Assembly of the Republic of Croatia, Term 10, Session 7	2021-07-14	Unicameralism	10. mandat	-	Zasedanje 7	2021-07-15	-	COVID	English	Chairperson	MP	notMinister	HDZ	Hrvatska demokratska zajednica	Coalition	Centre-right	ReinerŽeljko	Reiner, Željko	M	1953	
ParlaMint-HR-en_2021-07-14-0	ParlaMint-HR_2021-07-14-0.u54119	Minutes of the National Assembly of the Republic of Croatia, Term 10, Session 7	2021-07-14	Unicameralism	10. mandat	-	Zasedanje 7	2021-07-15	-	COVID	English	Regular	notMP	notMinister	-	-	-	-	NekićDarko	Nekić, Darko	U	-	
ParlaMint-HR-en_2021-07-14-0	ParlaMint-HR_2021-07-14-0.u54120	Minutes of the National Assembly of the Republic of Croatia, Term 10, Session 7	2021-07-14	Unicameralism	10. mandat	-	Zasedanje 7	2021-07-15	-	COVID	English	Chairperson	MP	notMinister	HDZ	Hrvatska demokratska zajednica	Coalition	Centre-right	ReinerŽeljko	Reiner, Željko	M	1953	
ParlaMint-HR-en_2021-07-14-0	ParlaMint-HR_2021-07-14-0.u54121	Minutes of the National Assembly of the Republic of Croatia, Term 10, Session 7	2021-07-14	Unicameralism	10. mandat	-	Zasedanje 7	2021-07-15	-	COVID	English	Regular	MP	notMinister	ZK	Zeleno–lijeva koalicija	Coalition	Left	RaukarGamulinUrša	Raukar-Gamulin, Urša	F	1960	
ParlaMint-HR-en_2021-07-14-0	ParlaMint-HR_2021-07-14-0.u54122	Minutes of the National Assembly of the Republic of Croatia, Term 10, Session 7	2021-07-14	Unicameralism	10. mandat	-	Zasedanje 7	2021-07-15	-	COVID	English	Chairperson	MP	notMinister	HDZ	Hrvatska demokratska zajednica	Coalition	Centre-right	ReinerŽeljko	Reiner, Željko	M	1953	
ParlaMint-HR-en_2021-07-14-0	ParlaMint-HR_2021-07-14-0.u54123	Minutes of the National Assembly of the Republic of Croatia, Term 10, Session 7	2021-07-14	Unicameralism	10. mandat	-	Zasedanje 7	2021-07-15	-	COVID	English	Regular	notMP	notMinister	-	-	-	-	NekićDarko	Nekić, Darko	U	-	
ParlaMint-HR-en_2021-07-14-0	ParlaMint-HR_2021-07-14-0.u54124	Minutes of the National Assembly of the Republic of Croatia, Term 10, Session 7	2021-07-14	Unicameralism	10. mandat	-	Zasedanje 7	2021-07-15	-	COVID	English	Chairperson	MP	notMinister	HDZ	Hrvatska demokratska zajednica	Coalition	Centre-right	ReinerŽeljko	Reiner, Željko	M	1953	
ParlaMint-HR-en_2021-07-14-0	ParlaMint-HR_2021-07-14-0.u54125	Minutes of the National Assembly of the Republic of Croatia, Term 10, Session 7	2021-07-14	Unicameralism	10. mandat	-	Zasedanje 7	2021-07-15	-	COVID	English	Regular	MP	notMinister	ZK	Zeleno–lijeva koalicija	Coalition	Left	RaukarGamulinUrša	Raukar-Gamulin, Urša	F	1960	
ParlaMint-HR-en_2021-07-14-0	ParlaMint-HR_2021-07-14-0.u54126	Minutes of the National Assembly of the Republic of Croatia, Term 10, Session 7	2021-07-14	Unicameralism	10. mandat	-	Zasedanje 7	2021-07-15	-	COVID	English	Chairperson	MP	notMinister	HDZ	Hrvatska demokratska zajednica	Coalition	Centre-right	ReinerŽeljko	Reiner, Željko	M	1953	
ParlaMint-HR-en_2021-07-14-0	ParlaMint-HR_2021-07-14-0.u54127	Minutes of the National Assembly of the Republic of Croatia, Term 10, Session 7	2021-07-14	Unicameralism	10. mandat	-	Zasedanje 7	2021-07-15	-	COVID	English	Regular	notMP	notMinister	-	-	-	-	NekićDarko	Nekić, Darko	U	-	
ParlaMint-HR-en_2021-07-14-0	ParlaMint-HR_2021-07-14-0.u54128	Minutes of the National Assembly of the Republic of Croatia, Term 10, Session 7	2021-07-14	Unicameralism	10. mandat	-	Zasedanje 7	2021-07-15	-	COVID	English	Chairperson	MP	notMinister	HDZ	Hrvatska demokratska zajednica	Coalition	Centre-right	ReinerŽeljko	Reiner, Željko	M	1953	
ParlaMint-HR-en_2021-07-14-0	ParlaMint-HR_2021-07-14-0.u54129	Minutes of the National Assembly of the Republic of Croatia, Term 10, Session 7	2021-07-14	Unicameralism	10. mandat	-	Zasedanje 7	2021-07-15	-	COVID	English	Regular	MP	notMinister	ZK	Zeleno–lijeva koalicija	Coalition	Left	RaukarGamulinUrša	Raukar-Gamulin, Urša	F	1960	
ParlaMint-HR-en_2021-07-14-0	ParlaMint-HR_2021-07-14-0.u54130	Minutes of the National Assembly of the Republic of Croatia, Term 10, Session 7	2021-07-14	Unicameralism	10. mandat	-	Zasedanje 7	2021-07-15	-	COVID	English	Chairperson	MP	notMinister	HDZ	Hrvatska demokratska zajednica	Coalition	Centre-right	ReinerŽeljko	Reiner, Željko	M	1953	
ParlaMint-HR-en_2021-07-14-0	ParlaMint-HR_2021-07-14-0.u54131	Minutes of the National Assembly of the Republic of Croatia, Term 10, Session 7	2021-07-14	Unicameralism	10. mandat	-	Zasedanje 7	2021-07-15	-	COVID	English	Regular	notMP	notMinister	-	-	-	-	NekićDarko	Nekić, Darko	U	-	
ParlaMint-HR-en_2021-07-14-0	ParlaMint-HR_2021-07-14-0.u54132	Minutes of the National Assembly of the Republic of Croatia, Term 10, Session 7	2021-07-14	Unicameralism	10. mandat	-	Zasedanje 7	2021-07-15	-	COVID	English	Chairperson	MP	notMinister	HDZ	Hrvatska demokratska zajednica	Coalition	Centre-right	ReinerŽeljko	Reiner, Željko	M	1953	
ParlaMint-HR-en_2021-07-14-0	ParlaMint-HR_2021-07-14-0.u54133	Minutes of the National Assembly of the Republic of Croatia, Term 10, Session 7	2021-07-14	Unicameralism	10. mandat	-	Zasedanje 7	2021-07-15	-	COVID	English	Regular	MP	notMinister	HSS	Hrvatska seljačka stranka	Coalition	Centre to centre-right	PeovićKatarina	Peović, Katarina	F	1974	
ParlaMint-HR-en_2021-07-14-0	ParlaMint-HR_2021-07-14-0.u54134	Minutes of the National Assembly of the Republic of Croatia, Term 10, Session 7	2021-07-14	Unicameralism	10. mandat	-	Zasedanje 7	2021-07-15	-	COVID	English	Chairperson	MP	notMinister	HDZ	Hrvatska demokratska zajednica	Coalition	Centre-right	ReinerŽeljko	Reiner, Željko	M	1953	
ParlaMint-HR-en_2021-07-14-0	ParlaMint-HR_2021-07-14-0.u54135	Minutes of the National Assembly of the Republic of Croatia, Term 10, Session 7	2021-07-14	Unicameralism	10. mandat	-	Zasedanje 7	2021-07-15	-	COVID	English	Regular	notMP	notMinister	-	-	-	-	NekićDarko	Nekić, Darko	U	-	
ParlaMint-HR-en_2021-07-14-0	ParlaMint-HR_2021-07-14-0.u54136	Minutes of the National Assembly of the Republic of Croatia, Term 10, Session 7	2021-07-14	Unicameralism	10. mandat	-	Zasedanje 7	2021-07-15	-	COVID	English	Chairperson	MP	notMinister	HDZ	Hrvatska demokratska zajednica	Coalition	Centre-right	ReinerŽeljko	Reiner, Željko	M	1953	
ParlaMint-HR-en_2021-07-14-0	ParlaMint-HR_2021-07-14-0.u54137	Minutes of the National Assembly of the Republic of Croatia, Term 10, Session 7	2021-07-14	Unicameralism	10. mandat	-	Zasedanje 7	2021-07-15	-	COVID	English	Regular	MP	notMinister	HSS	Hrvatska seljačka stranka	Coalition	Centre to centre-right	PeovićKatarina	Peović, Katarina	F	1974	
ParlaMint-HR-en_2021-07-14-0	ParlaMint-HR_2021-07-14-0.u54138	Minutes of the National Assembly of the Republic of Croatia, Term 10, Session 7	2021-07-14	Unicameralism	10. mandat	-	Zasedanje 7	2021-07-15	-	COVID	English	Chairperson	MP	notMinister	HDZ	Hrvatska demokratska zajednica	Coalition	Centre-right	ReinerŽeljko	Reiner, Željko	M	1953	
ParlaMint-HR-en_2021-07-14-0	ParlaMint-HR_2021-07-14-0.u54139	Minutes of the National Assembly of the Republic of Croatia, Term 10, Session 7	2021-07-14	Unicameralism	10. mandat	-	Zasedanje 7	2021-07-15	-	COVID	English	Regular	notMP	notMinister	-	-	-	-	NekićDarko	Nekić, Darko	U	-	
ParlaMint-HR-en_2021-07-14-0	ParlaMint-HR_2021-07-14-0.u54140	Minutes of the National Assembly of the Republic of Croatia, Term 10, Session 7	2021-07-14	Unicameralism	10. mandat	-	Zasedanje 7	2021-07-15	-	COVID	English	Chairperson	MP	notMinister	HDZ	Hrvatska demokratska zajednica	Coalition	Centre-right	ReinerŽeljko	Reiner, Željko	M	1953	
ParlaMint-HR-en_2021-07-14-0	ParlaMint-HR_2021-07-14-0.u54141	Minutes of the National Assembly of the Republic of Croatia, Term 10, Session 7	2021-07-14	Unicameralism	10. mandat	-	Zasedanje 7	2021-07-15	-	COVID	English	Regular	MP	notMinister	HSS	Hrvatska seljačka stranka	Coalition	Centre to centre-right	PeovićKatarina	Peović, Katarina	F	1974	
ParlaMint-HR-en_2021-07-14-0	ParlaMint-HR_2021-07-14-0.u54142	Minutes of the National Assembly of the Republic of Croatia, Term 10, Session 7	2021-07-14	Unicameralism	10. mandat	-	Zasedanje 7	2021-07-15	-	COVID	English	Chairperson	MP	notMinister	HDZ	Hrvatska demokratska zajednica	Coalition	Centre-right	ReinerŽeljko	Reiner, Željko	M	1953	
ParlaMint-HR-en_2021-07-14-0	ParlaMint-HR_2021-07-14-0.u54143	Minutes of the National Assembly of the Republic of Croatia, Term 10, Session 7	2021-07-14	Unicameralism	10. mandat	-	Zasedanje 7	2021-07-15	-	COVID	English	Regular	notMP	notMinister	-	-	-	-	NekićDarko	Nekić, Darko	U	-	
ParlaMint-HR-en_2021-07-14-0	ParlaMint-HR_2021-07-14-0.u54144	Minutes of the National Assembly of the Republic of Croatia, Term 10, Session 7	2021-07-14	Unicameralism	10. mandat	-	Zasedanje 7	2021-07-15	-	COVID	English	Chairperson	MP	notMinister	HDZ	Hrvatska demokratska zajednica	Coalition	Centre-right	ReinerŽeljko	Reiner, Željko	M	1953	
ParlaMint-HR-en_2021-07-14-0	ParlaMint-HR_2021-07-14-0.u54145	Minutes of the National Assembly of the Republic of Croatia, Term 10, Session 7	2021-07-14	Unicameralism	10. mandat	-	Zasedanje 7	2021-07-15	-	COVID	English	Regular	MP	notMinister	HSS	Hrvatska seljačka stranka	Coalition	Centre to centre-right	PeovićKatarina	Peović, Katarina	F	1974	
ParlaMint-HR-en_2021-07-14-0	ParlaMint-HR_2021-07-14-0.u54314	Minutes of the National Assembly of the Republic of Croatia, Term 10, Session 7	2021-07-14	Unicameralism	10. mandat	-	Zasedanje 7	2021-07-15	-	COVID	English	Chairperson	MP	notMinister	HDZ	Hrvatska demokratska zajednica	Coalition	Centre-right	ReinerŽeljko	Reiner, Željko	M	1953	
ParlaMint-HR-en_2021-07-14-0	ParlaMint-HR_2021-07-14-0.u54315	Minutes of the National Assembly of the Republic of Croatia, Term 10, Session 7	2021-07-14	Unicameralism	10. mandat	-	Zasedanje 7	2021-07-15	-	COVID	English	Regular	MP	notMinister	DP	Domovinski pokret	Coalition	Right to far-right	MlinarićStipo	Mlinarić, Stipo	M	1969	
ParlaMint-HR-en_2021-07-14-0	ParlaMint-HR_2021-07-14-0.u54316	Minutes of the National Assembly of the Republic of Croatia, Term 10, Session 7	2021-07-14	Unicameralism	10. mandat	-	Zasedanje 7	2021-07-15	-	COVID	English	Chairperson	MP	notMinister	HDZ	Hrvatska demokratska zajednica	Coalition	Centre-right	ReinerŽeljko	Reiner, Željko	M	1953	
ParlaMint-HR-en_2021-07-14-0	ParlaMint-HR_2021-07-14-0.u54317	Minutes of the National Assembly of the Republic of Croatia, Term 10, Session 7	2021-07-14	Unicameralism	10. mandat	-	Zasedanje 7	2021-07-15	-	COVID	English	Regular	MP	notMinister	HDZ	Hrvatska demokratska zajednica	Coalition	Centre-right	ĐakićJosip	Đakić, Josip	M	1960	
ParlaMint-HR-en_2021-07-14-0	ParlaMint-HR_2021-07-14-0.u54318	Minutes of the National Assembly of the Republic of Croatia, Term 10, Session 7	2021-07-14	Unicameralism	10. mandat	-	Zasedanje 7	2021-07-15	-	COVID	English	Chairperson	MP	notMinister	HDZ	Hrvatska demokratska zajednica	Coalition	Centre-right	ReinerŽeljko	Reiner, Željko	M	1953	
ParlaMint-HR-en_2021-07-14-0	ParlaMint-HR_2021-07-14-0.u54319	Minutes of the National Assembly of the Republic of Croatia, Term 10, Session 7	2021-07-14	Unicameralism	10. mandat	-	Zasedanje 7	2021-07-15	-	COVID	English	Regular	MP	notMinister	DP	Domovinski pokret	Coalition	Right to far-right	MlinarićStipo	Mlinarić, Stipo	M	1969	
ParlaMint-HR-en_2021-07-14-0	ParlaMint-HR_2021-07-14-0.u54320	Minutes of the National Assembly of the Republic of Croatia, Term 10, Session 7	2021-07-14	Unicameralism	10. mandat	-	Zasedanje 7	2021-07-15	-	COVID	English	Chairperson	MP	notMinister	HDZ	Hrvatska demokratska zajednica	Coalition	Centre-right	ReinerŽeljko	Reiner, Željko	M	1953	
ParlaMint-HR-en_2021-07-14-0	ParlaMint-HR_2021-07-14-0.u54321	Minutes of the National Assembly of the Republic of Croatia, Term 10, Session 7	2021-07-14	Unicameralism	10. mandat	-	Zasedanje 7	2021-07-15	-	COVID	English	Regular	MP	notMinister	MOST	Most nezavisnih lista	Opposition	Centre-right to right	GrmojaNikola	Grmoja, Nikola	M	1981	
ParlaMint-HR-en_2021-07-14-0	ParlaMint-HR_2021-07-14-0.u54322	Minutes of the National Assembly of the Republic of Croatia, Term 10, Session 7	2021-07-14	Unicameralism	10. mandat	-	Zasedanje 7	2021-07-15	-	COVID	English	Chairperson	MP	notMinister	HDZ	Hrvatska demokratska zajednica	Coalition	Centre-right	ReinerŽeljko	Reiner, Željko	M	1953	
ParlaMint-HR-en_2021-07-14-0	ParlaMint-HR_2021-07-14-0.u54323	Minutes of the National Assembly of the Republic of Croatia, Term 10, Session 7	2021-07-14	Unicameralism	10. mandat	-	Zasedanje 7	2021-07-15	-	COVID	English	Regular	MP	notMinister	DP	Domovinski pokret	Coalition	Right to far-right	SačićŽeljko	Sačić, Željko	M	1963	
ParlaMint-HR-en_2021-07-14-0	ParlaMint-HR_2021-07-14-0.u54324	Minutes of the National Assembly of the Republic of Croatia, Term 10, Session 7	2021-07-14	Unicameralism	10. mandat	-	Zasedanje 7	2021-07-15	-	COVID	English	Chairperson	MP	notMinister	HDZ	Hrvatska demokratska zajednica	Coalition	Centre-right	ReinerŽeljko	Reiner, Željko	M	1953	
ParlaMint-HR-en_2021-07-14-0	ParlaMint-HR_2021-07-14-0.u54325	Minutes of the National Assembly of the Republic of Croatia, Term 10, Session 7	2021-07-14	Unicameralism	10. mandat	-	Zasedanje 7	2021-07-15	-	COVID	English	Regular	notMP	notMinister	-	-	-	-	NekićDarko	Nekić, Darko	U	-	
ParlaMint-HR-en_2021-07-14-0	ParlaMint-HR_2021-07-14-0.u54326	Minutes of the National Assembly of the Republic of Croatia, Term 10, Session 7	2021-07-14	Unicameralism	10. mandat	-	Zasedanje 7	2021-07-15	-	COVID	English	Chairperson	MP	notMinister	HDZ	Hrvatska demokratska zajednica	Coalition	Centre-right	ReinerŽeljko	Reiner, Željko	M	1953	
ParlaMint-HR-en_2021-07-14-0	ParlaMint-HR_2021-07-14-0.u54327	Minutes of the National Assembly of the Republic of Croatia, Term 10, Session 7	2021-07-14	Unicameralism	10. mandat	-	Zasedanje 7	2021-07-15	-	COVID	English	Regular	MP	notMinister	DP	Domovinski pokret	Coalition	Right to far-right	MlinarićStipo	Mlinarić, Stipo	M	1969	
ParlaMint-HR-en_2021-07-14-0	ParlaMint-HR_2021-07-14-0.u54328	Minutes of the National Assembly of the Republic of Croatia, Term 10, Session 7	2021-07-14	Unicameralism	10. mandat	-	Zasedanje 7	2021-07-15	-	COVID	English	Chairperson	MP	notMinister	HDZ	Hrvatska demokratska zajednica	Coalition	Centre-right	ReinerŽeljko	Reiner, Željko	M	1953	
ParlaMint-HR-en_2021-07-14-0	ParlaMint-HR_2021-07-14-0.u54329	Minutes of the National Assembly of the Republic of Croatia, Term 10, Session 7	2021-07-14	Unicameralism	10. mandat	-	Zasedanje 7	2021-07-15	-	COVID	English	Regular	notMP	notMinister	-	-	-	-	NekićDarko	Nekić, Darko	U	-	
ParlaMint-HR-en_2021-07-14-0	ParlaMint-HR_2021-07-14-0.u54330	Minutes of the National Assembly of the Republic of Croatia, Term 10, Session 7	2021-07-14	Unicameralism	10. mandat	-	Zasedanje 7	2021-07-15	-	COVID	English	Chairperson	MP	notMinister	HDZ	Hrvatska demokratska zajednica	Coalition	Centre-right	ReinerŽeljko	Reiner, Željko	M	1953	
ParlaMint-HR-en_2021-07-14-0	ParlaMint-HR_2021-07-14-0.u54331	Minutes of the National Assembly of the Republic of Croatia, Term 10, Session 7	2021-07-14	Unicameralism	10. mandat	-	Zasedanje 7	2021-07-15	-	COVID	English	Regular	notMP	notMinister	-	-	-	-	NekićDarko	Nekić, Darko	U	-	
ParlaMint-HR-en_2021-07-14-0	ParlaMint-HR_2021-07-14-0.u54332	Minutes of the National Assembly of the Republic of Croatia, Term 10, Session 7	2021-07-14	Unicameralism	10. mandat	-	Zasedanje 7	2021-07-15	-	COVID	English	Chairperson	MP	notMinister	HDZ	Hrvatska demokratska zajednica	Coalition	Centre-right	ReinerŽeljko	Reiner, Željko	M	1953	
ParlaMint-HR-en_2021-07-14-0	ParlaMint-HR_2021-07-14-0.u54333	Minutes of the National Assembly of the Republic of Croatia, Term 10, Session 7	2021-07-14	Unicameralism	10. mandat	-	Zasedanje 7	2021-07-15	-	COVID	English	Regular	MP	notMinister	DP	Domovinski pokret	Coalition	Right to far-right	SačićŽeljko	Sačić, Željko	M	1963	
ParlaMint-HR-en_2021-07-14-0	ParlaMint-HR_2021-07-14-0.u54334	Minutes of the National Assembly of the Republic of Croatia, Term 10, Session 7	2021-07-14	Unicameralism	10. mandat	-	Zasedanje 7	2021-07-15	-	COVID	English	Chairperson	MP	notMinister	HDZ	Hrvatska demokratska zajednica	Coalition	Centre-right	ReinerŽeljko	Reiner, Željko	M	1953	
ParlaMint-HR-en_2021-07-14-0	ParlaMint-HR_2021-07-14-0.u54335	Minutes of the National Assembly of the Republic of Croatia, Term 10, Session 7	2021-07-14	Unicameralism	10. mandat	-	Zasedanje 7	2021-07-15	-	COVID	English	Regular	notMP	notMinister	-	-	-	-	NekićDarko	Nekić, Darko	U	-	
ParlaMint-HR-en_2021-07-14-0	ParlaMint-HR_2021-07-14-0.u54336	Minutes of the National Assembly of the Republic of Croatia, Term 10, Session 7	2021-07-14	Unicameralism	10. mandat	-	Zasedanje 7	2021-07-15	-	COVID	English	Chairperson	MP	notMinister	HDZ	Hrvatska demokratska zajednica	Coalition	Centre-right	ReinerŽeljko	Reiner, Željko	M	1953	
ParlaMint-HR-en_2021-07-14-0	ParlaMint-HR_2021-07-14-0.u54337	Minutes of the National Assembly of the Republic of Croatia, Term 10, Session 7	2021-07-14	Unicameralism	10. mandat	-	Zasedanje 7	2021-07-15	-	COVID	English	Regular	MP	notMinister	DP	Domovinski pokret	Coalition	Right to far-right	MlinarićStipo	Mlinarić, Stipo	M	1969	
ParlaMint-HR-en_2021-07-14-0	ParlaMint-HR_2021-07-14-0.u54338	Minutes of the National Assembly of the Republic of Croatia, Term 10, Session 7	2021-07-14	Unicameralism	10. mandat	-	Zasedanje 7	2021-07-15	-	COVID	English	Chairperson	MP	notMinister	HDZ	Hrvatska demokratska zajednica	Coalition	Centre-right	ReinerŽeljko	Reiner, Željko	M	1953	
ParlaMint-HR-en_2021-07-14-0	ParlaMint-HR_2021-07-14-0.u54339	Minutes of the National Assembly of the Republic of Croatia, Term 10, Session 7	2021-07-14	Unicameralism	10. mandat	-	Zasedanje 7	2021-07-15	-	COVID	English	Regular	notMP	notMinister	-	-	-	-	NekićDarko	Nekić, Darko	U	-	
ParlaMint-HR-en_2021-07-14-0	ParlaMint-HR_2021-07-14-0.u54340	Minutes of the National Assembly of the Republic of Croatia, Term 10, Session 7	2021-07-14	Unicameralism	10. mandat	-	Zasedanje 7	2021-07-15	-	COVID	English	Chairperson	MP	notMinister	HDZ	Hrvatska demokratska zajednica	Coalition	Centre-right	ReinerŽeljko	Reiner, Željko	M	1953	
ParlaMint-HR-en_2021-07-14-0	ParlaMint-HR_2021-07-14-0.u54341	Minutes of the National Assembly of the Republic of Croatia, Term 10, Session 7	2021-07-14	Unicameralism	10. mandat	-	Zasedanje 7	2021-07-15	-	COVID	English	Regular	notMP	notMinister	-	-	-	-	NekićDarko	Nekić, Darko	U	-	
ParlaMint-HR-en_2021-07-14-0	ParlaMint-HR_2021-07-14-0.u54342	Minutes of the National Assembly of the Republic of Croatia, Term 10, Session 7	2021-07-14	Unicameralism	10. mandat	-	Zasedanje 7	2021-07-15	-	COVID	English	Chairperson	MP	notMinister	HDZ	Hrvatska demokratska zajednica	Coalition	Centre-right	ReinerŽeljko	Reiner, Željko	M	1953	
ParlaMint-HR-en_2021-07-14-0	ParlaMint-HR_2021-07-14-0.u54343	Minutes of the National Assembly of the Republic of Croatia, Term 10, Session 7	2021-07-14	Unicameralism	10. mandat	-	Zasedanje 7	2021-07-15	-	COVID	English	Regular	MP	notMinister	ZK	Zeleno–lijeva koalicija	Coalition	Left	RaukarGamulinUrša	Raukar-Gamulin, Urša	F	1960	
ParlaMint-HR-en_2021-07-14-0	ParlaMint-HR_2021-07-14-0.u54344	Minutes of the National Assembly of the Republic of Croatia, Term 10, Session 7	2021-07-14	Unicameralism	10. mandat	-	Zasedanje 7	2021-07-15	-	COVID	English	Chairperson	MP	notMinister	HDZ	Hrvatska demokratska zajednica	Coalition	Centre-right	ReinerŽeljko	Reiner, Željko	M	1953	
ParlaMint-HR-en_2021-07-14-0	ParlaMint-HR_2021-07-14-0.u54345	Minutes of the National Assembly of the Republic of Croatia, Term 10, Session 7	2021-07-14	Unicameralism	10. mandat	-	Zasedanje 7	2021-07-15	-	COVID	English	Regular	MP	notMinister	ZK	Zeleno–lijeva koalicija	Coalition	Left	RaukarGamulinUrša	Raukar-Gamulin, Urša	F	1960	
ParlaMint-HR-en_2021-07-14-0	ParlaMint-HR_2021-07-14-0.u54346	Minutes of the National Assembly of the Republic of Croatia, Term 10, Session 7	2021-07-14	Unicameralism	10. mandat	-	Zasedanje 7	2021-07-15	-	COVID	English	Chairperson	MP	notMinister	HDZ	Hrvatska demokratska zajednica	Coalition	Centre-right	ReinerŽeljko	Reiner, Željko	M	1953	
ParlaMint-HR-en_2021-07-14-0	ParlaMint-HR_2021-07-14-0.u54347	Minutes of the National Assembly of the Republic of Croatia, Term 10, Session 7	2021-07-14	Unicameralism	10. mandat	-	Zasedanje 7	2021-07-15	-	COVID	English	Regular	notMP	notMinister	-	-	-	-	NekićDarko	Nekić, Darko	U	-	
ParlaMint-HR-en_2021-07-14-0	ParlaMint-HR_2021-07-14-0.u54348	Minutes of the National Assembly of the Republic of Croatia, Term 10, Session 7	2021-07-14	Unicameralism	10. mandat	-	Zasedanje 7	2021-07-15	-	COVID	English	Chairperson	MP	notMinister	HDZ	Hrvatska demokratska zajednica	Coalition	Centre-right	ReinerŽeljko	Reiner, Željko	M	1953	
ParlaMint-HR-en_2021-07-14-0	ParlaMint-HR_2021-07-14-0.u54349	Minutes of the National Assembly of the Republic of Croatia, Term 10, Session 7	2021-07-14	Unicameralism	10. mandat	-	Zasedanje 7	2021-07-15	-	COVID	English	Regular	MP	notMinister	ZK	Zeleno–lijeva koalicija	Coalition	Left	RaukarGamulinUrša	Raukar-Gamulin, Urša	F	1960	
ParlaMint-HR-en_2021-07-14-0	ParlaMint-HR_2021-07-14-0.u54350	Minutes of the National Assembly of the Republic of Croatia, Term 10, Session 7	2021-07-14	Unicameralism	10. mandat	-	Zasedanje 7	2021-07-15	-	COVID	English	Chairperson	MP	notMinister	HDZ	Hrvatska demokratska zajednica	Coalition	Centre-right	ReinerŽeljko	Reiner, Željko	M	1953	
ParlaMint-HR-en_2021-07-14-0	ParlaMint-HR_2021-07-14-0.u54351	Minutes of the National Assembly of the Republic of Croatia, Term 10, Session 7	2021-07-14	Unicameralism	10. mandat	-	Zasedanje 7	2021-07-15	-	COVID	English	Regular	notMP	notMinister	-	-	-	-	NekićDarko	Nekić, Darko	U	-	
ParlaMint-HR-en_2021-07-14-0	ParlaMint-HR_2021-07-14-0.u54352	Minutes of the National Assembly of the Republic of Croatia, Term 10, Session 7	2021-07-14	Unicameralism	10. mandat	-	Zasedanje 7	2021-07-15	-	COVID	English	Chairperson	MP	notMinister	HDZ	Hrvatska demokratska zajednica	Coalition	Centre-right	ReinerŽeljko	Reiner, Željko	M	1953	
ParlaMint-HR-en_2021-07-14-0	ParlaMint-HR_2021-07-14-0.u54353	Minutes of the National Assembly of the Republic of Croatia, Term 10, Session 7	2021-07-14	Unicameralism	10. mandat	-	Zasedanje 7	2021-07-15	-	COVID	English	Regular	MP	notMinister	nezavisni	nezavisni	-	-	NađVesna	Nađ, Vesna	F	1955	
ParlaMint-HR-en_2021-07-14-0	ParlaMint-HR_2021-07-14-0.u54354	Minutes of the National Assembly of the Republic of Croatia, Term 10, Session 7	2021-07-14	Unicameralism	10. mandat	-	Zasedanje 7	2021-07-15	-	COVID	English	Chairperson	MP	notMinister	HDZ	Hrvatska demokratska zajednica	Coalition	Centre-right	ReinerŽeljko	Reiner, Željko	M	1953	
ParlaMint-HR-en_2021-07-14-0	ParlaMint-HR_2021-07-14-0.u54355	Minutes of the National Assembly of the Republic of Croatia, Term 10, Session 7	2021-07-14	Unicameralism	10. mandat	-	Zasedanje 7	2021-07-15	-	COVID	English	Regular	notMP	notMinister	-	-	-	-	NekićDarko	Nekić, Darko	U	-	
ParlaMint-HR-en_2021-07-14-0	ParlaMint-HR_2021-07-14-0.u54356	Minutes of the National Assembly of the Republic of Croatia, Term 10, Session 7	2021-07-14	Unicameralism	10. mandat	-	Zasedanje 7	2021-07-15	-	COVID	English	Chairperson	MP	notMinister	HDZ	Hrvatska demokratska zajednica	Coalition	Centre-right	ReinerŽeljko	Reiner, Željko	M	1953	
ParlaMint-HR-en_2021-07-14-0	ParlaMint-HR_2021-07-14-0.u54357	Minutes of the National Assembly of the Republic of Croatia, Term 10, Session 7	2021-07-14	Unicameralism	10. mandat	-	Zasedanje 7	2021-07-15	-	COVID	English	Regular	MP	notMinister	DP	Domovinski pokret	Coalition	Right to far-right	MlinarićStipo	Mlinarić, Stipo	M	1969	
ParlaMint-HR-en_2021-07-14-0	ParlaMint-HR_2021-07-14-0.u54358	Minutes of the National Assembly of the Republic of Croatia, Term 10, Session 7	2021-07-14	Unicameralism	10. mandat	-	Zasedanje 7	2021-07-15	-	COVID	English	Chairperson	MP	notMinister	HDZ	Hrvatska demokratska zajednica	Coalition	Centre-right	ReinerŽeljko	Reiner, Željko	M	1953	
ParlaMint-HR-en_2021-07-14-0	ParlaMint-HR_2021-07-14-0.u54359	Minutes of the National Assembly of the Republic of Croatia, Term 10, Session 7	2021-07-14	Unicameralism	10. mandat	-	Zasedanje 7	2021-07-15	-	COVID	English	Regular	notMP	notMinister	-	-	-	-	NekićDarko	Nekić, Darko	U	-	
ParlaMint-HR-en_2021-07-14-0	ParlaMint-HR_2021-07-14-0.u54360	Minutes of the National Assembly of the Republic of Croatia, Term 10, Session 7	2021-07-14	Unicameralism	10. mandat	-	Zasedanje 7	2021-07-15	-	COVID	English	Chairperson	MP	notMinister	HDZ	Hrvatska demokratska zajednica	Coalition	Centre-right	ReinerŽeljko	Reiner, Željko	M	1953	
ParlaMint-HR-en_2021-07-14-0	ParlaMint-HR_2021-07-14-0.u54361	Minutes of the National Assembly of the Republic of Croatia, Term 10, Session 7	2021-07-14	Unicameralism	10. mandat	-	Zasedanje 7	2021-07-15	-	COVID	English	Regular	MP	notMinister	MOST	Most nezavisnih lista	Opposition	Centre-right to right	KujundžićAnte	Kujundžić, Ante	M	1984	
ParlaMint-HR-en_2021-07-14-0	ParlaMint-HR_2021-07-14-0.u54362	Minutes of the National Assembly of the Republic of Croatia, Term 10, Session 7	2021-07-14	Unicameralism	10. mandat	-	Zasedanje 7	2021-07-15	-	COVID	English	Chairperson	MP	notMinister	HDZ	Hrvatska demokratska zajednica	Coalition	Centre-right	ReinerŽeljko	Reiner, Željko	M	1953	
ParlaMint-HR-en_2021-07-14-0	ParlaMint-HR_2021-07-14-0.u54363	Minutes of the National Assembly of the Republic of Croatia, Term 10, Session 7	2021-07-14	Unicameralism	10. mandat	-	Zasedanje 7	2021-07-15	-	COVID	English	Regular	notMP	notMinister	-	-	-	-	NekićDarko	Nekić, Darko	U	-	
ParlaMint-HR-en_2021-07-14-0	ParlaMint-HR_2021-07-14-0.u54364	Minutes of the National Assembly of the Republic of Croatia, Term 10, Session 7	2021-07-14	Unicameralism	10. mandat	-	Zasedanje 7	2021-07-15	-	COVID	English	Chairperson	MP	notMinister	HDZ	Hrvatska demokratska zajednica	Coalition	Centre-right	ReinerŽeljko	Reiner, Željko	M	1953	
ParlaMint-HR-en_2021-07-14-0	ParlaMint-HR_2021-07-14-0.u54365	Minutes of the National Assembly of the Republic of Croatia, Term 10, Session 7	2021-07-14	Unicameralism	10. mandat	-	Zasedanje 7	2021-07-15	-	COVID	English	Regular	MP	notMinister	DP	Domovinski pokret	Coalition	Right to far-right	SačićŽeljko	Sačić, Željko	M	1963	
ParlaMint-HR-en_2021-07-14-0	ParlaMint-HR_2021-07-14-0.u54366	Minutes of the National Assembly of the Republic of Croatia, Term 10, Session 7	2021-07-14	Unicameralism	10. mandat	-	Zasedanje 7	2021-07-15	-	COVID	English	Chairperson	MP	notMinister	HDZ	Hrvatska demokratska zajednica	Coalition	Centre-right	ReinerŽeljko	Reiner, Željko	M	1953	
ParlaMint-HR-en_2021-07-14-0	ParlaMint-HR_2021-07-14-0.u54367	Minutes of the National Assembly of the Republic of Croatia, Term 10, Session 7	2021-07-14	Unicameralism	10. mandat	-	Zasedanje 7	2021-07-15	-	COVID	English	Regular	notMP	notMinister	-	-	-	-	NekićDarko	Nekić, Darko	U	-	
ParlaMint-HR-en_2021-07-14-0	ParlaMint-HR_2021-07-14-0.u54368	Minutes of the National Assembly of the Republic of Croatia, Term 10, Session 7	2021-07-14	Unicameralism	10. mandat	-	Zasedanje 7	2021-07-15	-	COVID	English	Chairperson	MP	notMinister	HDZ	Hrvatska demokratska zajednica	Coalition	Centre-right	ReinerŽeljko	Reiner, Željko	M	1953	
ParlaMint-HR-en_2021-07-14-0	ParlaMint-HR_2021-07-14-0.u54369	Minutes of the National Assembly of the Republic of Croatia, Term 10, Session 7	2021-07-14	Unicameralism	10. mandat	-	Zasedanje 7	2021-07-15	-	COVID	English	Regular	notMP	notMinister	-	-	-	-	NekićDarko	Nekić, Darko	U	-	
ParlaMint-HR-en_2021-07-14-0	ParlaMint-HR_2021-07-14-0.u54370	Minutes of the National Assembly of the Republic of Croatia, Term 10, Session 7	2021-07-14	Unicameralism	10. mandat	-	Zasedanje 7	2021-07-15	-	COVID	English	Chairperson	MP	notMinister	HDZ	Hrvatska demokratska zajednica	Coalition	Centre-right	ReinerŽeljko	Reiner, Željko	M	1953	
ParlaMint-HR-en_2021-07-14-0	ParlaMint-HR_2021-07-14-0.u54371	Minutes of the National Assembly of the Republic of Croatia, Term 10, Session 7	2021-07-14	Unicameralism	10. mandat	-	Zasedanje 7	2021-07-15	-	COVID	English	Regular	MP	notMinister	DP	Domovinski pokret	Coalition	Right to far-right	SačićŽeljko	Sačić, Željko	M	1963	
ParlaMint-HR-en_2021-07-14-0	ParlaMint-HR_2021-07-14-0.u54372	Minutes of the National Assembly of the Republic of Croatia, Term 10, Session 7	2021-07-14	Unicameralism	10. mandat	-	Zasedanje 7	2021-07-15	-	COVID	English	Chairperson	MP	notMinister	HDZ	Hrvatska demokratska zajednica	Coalition	Centre-right	ReinerŽeljko	Reiner, Željko	M	1953	
ParlaMint-HR-en_2021-07-14-0	ParlaMint-HR_2021-07-14-0.u54373	Minutes of the National Assembly of the Republic of Croatia, Term 10, Session 7	2021-07-14	Unicameralism	10. mandat	-	Zasedanje 7	2021-07-15	-	COVID	English	Regular	MP	notMinister	DP	Domovinski pokret	Coalition	Right to far-right	SačićŽeljko	Sačić, Željko	M	1963	
ParlaMint-HR-en_2021-07-14-0	ParlaMint-HR_2021-07-14-0.u54374	Minutes of the National Assembly of the Republic of Croatia, Term 10, Session 7	2021-07-14	Unicameralism	10. mandat	-	Zasedanje 7	2021-07-15	-	COVID	English	Chairperson	MP	notMinister	HDZ	Hrvatska demokratska zajednica	Coalition	Centre-right	ReinerŽeljko	Reiner, Željko	M	1953	
ParlaMint-HR-en_2021-07-14-0	ParlaMint-HR_2021-07-14-0.u54375	Minutes of the National Assembly of the Republic of Croatia, Term 10, Session 7	2021-07-14	Unicameralism	10. mandat	-	Zasedanje 7	2021-07-15	-	COVID	English	Regular	MP	notMinister	DP	Domovinski pokret	Coalition	Right to far-right	SačićŽeljko	Sačić, Željko	M	1963	
ParlaMint-HR-en_2021-07-14-0	ParlaMint-HR_2021-07-14-0.u54376	Minutes of the National Assembly of the Republic of Croatia, Term 10, Session 7	2021-07-14	Unicameralism	10. mandat	-	Zasedanje 7	2021-07-15	-	COVID	English	Chairperson	MP	notMinister	HDZ	Hrvatska demokratska zajednica	Coalition	Centre-right	ReinerŽeljko	Reiner, Željko	M	1953	
ParlaMint-HR-en_2021-07-14-0	ParlaMint-HR_2021-07-14-0.u54377	Minutes of the National Assembly of the Republic of Croatia, Term 10, Session 7	2021-07-14	Unicameralism	10. mandat	-	Zasedanje 7	2021-07-15	-	COVID	English	Regular	MP	notMinister	DP	Domovinski pokret	Coalition	Right to far-right	SačićŽeljko	Sačić, Željko	M	1963	
ParlaMint-HR-en_2021-07-14-0	ParlaMint-HR_2021-07-14-0.u54378	Minutes of the National Assembly of the Republic of Croatia, Term 10, Session 7	2021-07-14	Unicameralism	10. mandat	-	Zasedanje 7	2021-07-15	-	COVID	English	Chairperson	MP	notMinister	HDZ	Hrvatska demokratska zajednica	Coalition	Centre-right	ReinerŽeljko	Reiner, Željko	M	1953	
ParlaMint-HR-en_2021-07-14-0	ParlaMint-HR_2021-07-14-0.u54379	Minutes of the National Assembly of the Republic of Croatia, Term 10, Session 7	2021-07-14	Unicameralism	10. mandat	-	Zasedanje 7	2021-07-15	-	COVID	English	Regular	MP	notMinister	MOST	Most nezavisnih lista	Opposition	Centre-right to right	GrmojaNikola	Grmoja, Nikola	M	1981	
ParlaMint-HR-en_2021-07-14-0	ParlaMint-HR_2021-07-14-0.u54380	Minutes of the National Assembly of the Republic of Croatia, Term 10, Session 7	2021-07-14	Unicameralism	10. mandat	-	Zasedanje 7	2021-07-15	-	COVID	English	Chairperson	MP	notMinister	HDZ	Hrvatska demokratska zajednica	Coalition	Centre-right	ReinerŽeljko	Reiner, Željko	M	1953	
ParlaMint-HR-en_2021-07-14-0	ParlaMint-HR_2021-07-14-0.u54381	Minutes of the National Assembly of the Republic of Croatia, Term 10, Session 7	2021-07-14	Unicameralism	10. mandat	-	Zasedanje 7	2021-07-15	-	COVID	English	Regular	notMP	notMinister	-	-	-	-	NekićDarko	Nekić, Darko	U	-	
ParlaMint-HR-en_2021-07-14-0	ParlaMint-HR_2021-07-14-0.u54382	Minutes of the National Assembly of the Republic of Croatia, Term 10, Session 7	2021-07-14	Unicameralism	10. mandat	-	Zasedanje 7	2021-07-15	-	COVID	English	Chairperson	MP	notMinister	HDZ	Hrvatska demokratska zajednica	Coalition	Centre-right	ReinerŽeljko	Reiner, Željko	M	1953	
ParlaMint-HR-en_2021-07-14-0	ParlaMint-HR_2021-07-14-0.u54383	Minutes of the National Assembly of the Republic of Croatia, Term 10, Session 7	2021-07-14	Unicameralism	10. mandat	-	Zasedanje 7	2021-07-15	-	COVID	English	Regular	MP	notMinister	ZK	Zeleno–lijeva koalicija	Coalition	Left	RaukarGamulinUrša	Raukar-Gamulin, Urša	F	1960	
ParlaMint-HR-en_2021-07-14-0	ParlaMint-HR_2021-07-14-0.u54384	Minutes of the National Assembly of the Republic of Croatia, Term 10, Session 7	2021-07-14	Unicameralism	10. mandat	-	Zasedanje 7	2021-07-15	-	COVID	English	Chairperson	MP	notMinister	HDZ	Hrvatska demokratska zajednica	Coalition	Centre-right	ReinerŽeljko	Reiner, Željko	M	1953	
ParlaMint-HR-en_2021-07-14-0	ParlaMint-HR_2021-07-14-0.u54385	Minutes of the National Assembly of the Republic of Croatia, Term 10, Session 7	2021-07-14	Unicameralism	10. mandat	-	Zasedanje 7	2021-07-15	-	COVID	English	Regular	notMP	notMinister	-	-	-	-	NekićDarko	Nekić, Darko	U	-	
ParlaMint-HR-en_2021-07-14-0	ParlaMint-HR_2021-07-14-0.u54386	Minutes of the National Assembly of the Republic of Croatia, Term 10, Session 7	2021-07-14	Unicameralism	10. mandat	-	Zasedanje 7	2021-07-15	-	COVID	English	Chairperson	MP	notMinister	HDZ	Hrvatska demokratska zajednica	Coalition	Centre-right	ReinerŽeljko	Reiner, Željko	M	1953	
ParlaMint-HR-en_2021-07-14-0	ParlaMint-HR_2021-07-14-0.u54387	Minutes of the National Assembly of the Republic of Croatia, Term 10, Session 7	2021-07-14	Unicameralism	10. mandat	-	Zasedanje 7	2021-07-15	-	COVID	English	Regular	MP	notMinister	ZK	Zeleno–lijeva koalicija	Coalition	Left	RaukarGamulinUrša	Raukar-Gamulin, Urša	F	1960	
ParlaMint-HR-en_2021-07-14-0	ParlaMint-HR_2021-07-14-0.u54388	Minutes of the National Assembly of the Republic of Croatia, Term 10, Session 7	2021-07-14	Unicameralism	10. mandat	-	Zasedanje 7	2021-07-15	-	COVID	English	Chairperson	MP	notMinister	HDZ	Hrvatska demokratska zajednica	Coalition	Centre-right	ReinerŽeljko	Reiner, Željko	M	1953	
ParlaMint-HR-en_2021-07-14-0	ParlaMint-HR_2021-07-14-0.u54389	Minutes of the National Assembly of the Republic of Croatia, Term 10, Session 7	2021-07-14	Unicameralism	10. mandat	-	Zasedanje 7	2021-07-15	-	COVID	English	Regular	notMP	notMinister	-	-	-	-	NekićDarko	Nekić, Darko	U	-	
ParlaMint-HR-en_2021-07-14-0	ParlaMint-HR_2021-07-14-0.u54390	Minutes of the National Assembly of the Republic of Croatia, Term 10, Session 7	2021-07-14	Unicameralism	10. mandat	-	Zasedanje 7	2021-07-15	-	COVID	English	Chairperson	MP	notMinister	HDZ	Hrvatska demokratska zajednica	Coalition	Centre-right	ReinerŽeljko	Reiner, Željko	M	1953	
ParlaMint-HR-en_2021-07-14-0	ParlaMint-HR_2021-07-14-0.u54391	Minutes of the National Assembly of the Republic of Croatia, Term 10, Session 7	2021-07-14	Unicameralism	10. mandat	-	Zasedanje 7	2021-07-15	-	COVID	English	Regular	MP	notMinister	DP	Domovinski pokret	Coalition	Right to far-right	SačićŽeljko	Sačić, Željko	M	1963	
ParlaMint-HR-en_2021-07-14-0	ParlaMint-HR_2021-07-14-0.u54392	Minutes of the National Assembly of the Republic of Croatia, Term 10, Session 7	2021-07-14	Unicameralism	10. mandat	-	Zasedanje 7	2021-07-15	-	COVID	English	Chairperson	MP	notMinister	HDZ	Hrvatska demokratska zajednica	Coalition	Centre-right	ReinerŽeljko	Reiner, Željko	M	1953	
ParlaMint-HR-en_2021-07-14-0	ParlaMint-HR_2021-07-14-0.u54393	Minutes of the National Assembly of the Republic of Croatia, Term 10, Session 7	2021-07-14	Unicameralism	10. mandat	-	Zasedanje 7	2021-07-15	-	COVID	English	Regular	MP	notMinister	HDZ	Hrvatska demokratska zajednica	Coalition	Centre-right	ĐakićJosip	Đakić, Josip	M	1960	
ParlaMint-HR-en_2021-07-14-0	ParlaMint-HR_2021-07-14-0.u54394	Minutes of the National Assembly of the Republic of Croatia, Term 10, Session 7	2021-07-14	Unicameralism	10. mandat	-	Zasedanje 7	2021-07-15	-	COVID	English	Chairperson	MP	notMinister	HDZ	Hrvatska demokratska zajednica	Coalition	Centre-right	ReinerŽeljko	Reiner, Željko	M	1953	
ParlaMint-HR-en_2021-07-14-0	ParlaMint-HR_2021-07-14-0.u54395	Minutes of the National Assembly of the Republic of Croatia, Term 10, Session 7	2021-07-14	Unicameralism	10. mandat	-	Zasedanje 7	2021-07-15	-	COVID	English	Regular	notMP	notMinister	-	-	-	-	NekićDarko	Nekić, Darko	U	-	
ParlaMint-HR-en_2021-07-14-0	ParlaMint-HR_2021-07-14-0.u54396	Minutes of the National Assembly of the Republic of Croatia, Term 10, Session 7	2021-07-14	Unicameralism	10. mandat	-	Zasedanje 7	2021-07-15	-	COVID	English	Chairperson	MP	notMinister	HDZ	Hrvatska demokratska zajednica	Coalition	Centre-right	ReinerŽeljko	Reiner, Željko	M	1953	
ParlaMint-HR-en_2021-07-14-0	ParlaMint-HR_2021-07-14-0.u54397	Minutes of the National Assembly of the Republic of Croatia, Term 10, Session 7	2021-07-14	Unicameralism	10. mandat	-	Zasedanje 7	2021-07-15	-	COVID	English	Regular	MP	notMinister	nezavisni	nezavisni	-	-	NađVesna	Nađ, Vesna	F	1955	
ParlaMint-HR-en_2021-07-14-0	ParlaMint-HR_2021-07-14-0.u54398	Minutes of the National Assembly of the Republic of Croatia, Term 10, Session 7	2021-07-14	Unicameralism	10. mandat	-	Zasedanje 7	2021-07-15	-	COVID	English	Chairperson	MP	notMinister	HDZ	Hrvatska demokratska zajednica	Coalition	Centre-right	ReinerŽeljko	Reiner, Željko	M	1953	
ParlaMint-HR-en_2021-07-14-0	ParlaMint-HR_2021-07-14-0.u54399	Minutes of the National Assembly of the Republic of Croatia, Term 10, Session 7	2021-07-14	Unicameralism	10. mandat	-	Zasedanje 7	2021-07-15	-	COVID	English	Regular	notMP	notMinister	-	-	-	-	NekićDarko	Nekić, Darko	U	-	
ParlaMint-HR-en_2021-07-14-0	ParlaMint-HR_2021-07-14-0.u54400	Minutes of the National Assembly of the Republic of Croatia, Term 10, Session 7	2021-07-14	Unicameralism	10. mandat	-	Zasedanje 7	2021-07-15	-	COVID	English	Chairperson	MP	notMinister	HDZ	Hrvatska demokratska zajednica	Coalition	Centre-right	ReinerŽeljko	Reiner, Željko	M	1953	
ParlaMint-HR-en_2021-07-14-0	ParlaMint-HR_2021-07-14-0.u54401	Minutes of the National Assembly of the Republic of Croatia, Term 10, Session 7	2021-07-14	Unicameralism	10. mandat	-	Zasedanje 7	2021-07-15	-	COVID	English	Regular	MP	notMinister	nezavisni	nezavisni	-	-	BorićRada	Borić, Rada	F	1951	
ParlaMint-HR-en_2021-07-14-0	ParlaMint-HR_2021-07-14-0.u54402	Minutes of the National Assembly of the Republic of Croatia, Term 10, Session 7	2021-07-14	Unicameralism	10. mandat	-	Zasedanje 7	2021-07-15	-	COVID	English	Chairperson	MP	notMinister	HDZ	Hrvatska demokratska zajednica	Coalition	Centre-right	ReinerŽeljko	Reiner, Željko	M	1953	
ParlaMint-HR-en_2021-07-14-0	ParlaMint-HR_2021-07-14-0.u54403	Minutes of the National Assembly of the Republic of Croatia, Term 10, Session 7	2021-07-14	Unicameralism	10. mandat	-	Zasedanje 7	2021-07-15	-	COVID	English	Regular	notMP	notMinister	-	-	-	-	NekićDarko	Nekić, Darko	U	-	
ParlaMint-HR-en_2021-07-14-0	ParlaMint-HR_2021-07-14-0.u54404	Minutes of the National Assembly of the Republic of Croatia, Term 10, Session 7	2021-07-14	Unicameralism	10. mandat	-	Zasedanje 7	2021-07-15	-	COVID	English	Chairperson	MP	notMinister	HDZ	Hrvatska demokratska zajednica	Coalition	Centre-right	ReinerŽeljko	Reiner, Željko	M	1953	
ParlaMint-HR-en_2021-07-14-0	ParlaMint-HR_2021-07-14-0.u54405	Minutes of the National Assembly of the Republic of Croatia, Term 10, Session 7	2021-07-14	Unicameralism	10. mandat	-	Zasedanje 7	2021-07-15	-	COVID	English	Regular	MP	notMinister	DP	Domovinski pokret	Coalition	Right to far-right	MlinarićStipo	Mlinarić, Stipo	M	1969	
ParlaMint-HR-en_2021-07-14-0	ParlaMint-HR_2021-07-14-0.u54406	Minutes of the National Assembly of the Republic of Croatia, Term 10, Session 7	2021-07-14	Unicameralism	10. mandat	-	Zasedanje 7	2021-07-15	-	COVID	English	Chairperson	MP	notMinister	HDZ	Hrvatska demokratska zajednica	Coalition	Centre-right	ReinerŽeljko	Reiner, Željko	M	1953	
ParlaMint-HR-en_2021-07-14-0	ParlaMint-HR_2021-07-14-0.u54407	Minutes of the National Assembly of the Republic of Croatia, Term 10, Session 7	2021-07-14	Unicameralism	10. mandat	-	Zasedanje 7	2021-07-15	-	COVID	English	Regular	notMP	notMinister	-	-	-	-	NekićDarko	Nekić, Darko	U	-	
ParlaMint-HR-en_2021-07-14-0	ParlaMint-HR_2021-07-14-0.u54408	Minutes of the National Assembly of the Republic of Croatia, Term 10, Session 7	2021-07-14	Unicameralism	10. mandat	-	Zasedanje 7	2021-07-15	-	COVID	English	Chairperson	MP	notMinister	HDZ	Hrvatska demokratska zajednica	Coalition	Centre-right	ReinerŽeljko	Reiner, Željko	M	1953	
ParlaMint-HR-en_2021-07-14-0	ParlaMint-HR_2021-07-14-0.u54409	Minutes of the National Assembly of the Republic of Croatia, Term 10, Session 7	2021-07-14	Unicameralism	10. mandat	-	Zasedanje 7	2021-07-15	-	COVID	English	Regular	MP	notMinister	DP	Domovinski pokret	Coalition	Right to far-right	MlinarićStipo	Mlinarić, Stipo	M	1969	
ParlaMint-HR-en_2021-07-14-0	ParlaMint-HR_2021-07-14-0.u54410	Minutes of the National Assembly of the Republic of Croatia, Term 10, Session 7	2021-07-14	Unicameralism	10. mandat	-	Zasedanje 7	2021-07-15	-	COVID	English	Chairperson	MP	notMinister	HDZ	Hrvatska demokratska zajednica	Coalition	Centre-right	ReinerŽeljko	Reiner, Željko	M	1953	
ParlaMint-HR-en_2021-07-14-0	ParlaMint-HR_2021-07-14-0.u54411	Minutes of the National Assembly of the Republic of Croatia, Term 10, Session 7	2021-07-14	Unicameralism	10. mandat	-	Zasedanje 7	2021-07-15	-	COVID	English	Regular	notMP	notMinister	-	-	-	-	NekićDarko	Nekić, Darko	U	-	
ParlaMint-HR-en_2021-07-14-0	ParlaMint-HR_2021-07-14-0.u54412	Minutes of the National Assembly of the Republic of Croatia, Term 10, Session 7	2021-07-14	Unicameralism	10. mandat	-	Zasedanje 7	2021-07-15	-	COVID	English	Chairperson	MP	notMinister	HDZ	Hrvatska demokratska zajednica	Coalition	Centre-right	ReinerŽeljko	Reiner, Željko	M	1953	
ParlaMint-HR-en_2021-07-14-0	ParlaMint-HR_2021-07-14-0.u54413	Minutes of the National Assembly of the Republic of Croatia, Term 10, Session 7	2021-07-14	Unicameralism	10. mandat	-	Zasedanje 7	2021-07-15	-	COVID	English	Regular	MP	notMinister	DP	Domovinski pokret	Coalition	Right to far-right	MlinarićStipo	Mlinarić, Stipo	M	1969	
ParlaMint-HR-en_2021-07-14-0	ParlaMint-HR_2021-07-14-0.u54414	Minutes of the National Assembly of the Republic of Croatia, Term 10, Session 7	2021-07-14	Unicameralism	10. mandat	-	Zasedanje 7	2021-07-15	-	COVID	English	Chairperson	MP	notMinister	HDZ	Hrvatska demokratska zajednica	Coalition	Centre-right	ReinerŽeljko	Reiner, Željko	M	1953	
ParlaMint-HR-en_2021-07-14-0	ParlaMint-HR_2021-07-14-0.u54415	Minutes of the National Assembly of the Republic of Croatia, Term 10, Session 7	2021-07-14	Unicameralism	10. mandat	-	Zasedanje 7	2021-07-15	-	COVID	English	Regular	notMP	notMinister	-	-	-	-	NekićDarko	Nekić, Darko	U	-	
ParlaMint-HR-en_2021-07-14-0	ParlaMint-HR_2021-07-14-0.u54416	Minutes of the National Assembly of the Republic of Croatia, Term 10, Session 7	2021-07-14	Unicameralism	10. mandat	-	Zasedanje 7	2021-07-15	-	COVID	English	Chairperson	MP	notMinister	HDZ	Hrvatska demokratska zajednica	Coalition	Centre-right	ReinerŽeljko	Reiner, Željko	M	1953	
ParlaMint-HR-en_2021-07-14-0	ParlaMint-HR_2021-07-14-0.u54417	Minutes of the National Assembly of the Republic of Croatia, Term 10, Session 7	2021-07-14	Unicameralism	10. mandat	-	Zasedanje 7	2021-07-15	-	COVID	English	Regular	MP	notMinister	DP	Domovinski pokret	Coalition	Right to far-right	MlinarićStipo	Mlinarić, Stipo	M	1969	
ParlaMint-HR-en_2021-07-14-0	ParlaMint-HR_2021-07-14-0.u54418	Minutes of the National Assembly of the Republic of Croatia, Term 10, Session 7	2021-07-14	Unicameralism	10. mandat	-	Zasedanje 7	2021-07-15	-	COVID	English	Chairperson	MP	notMinister	HDZ	Hrvatska demokratska zajednica	Coalition	Centre-right	ReinerŽeljko	Reiner, Željko	M	1953	
ParlaMint-HR-en_2021-07-14-0	ParlaMint-HR_2021-07-14-0.u54419	Minutes of the National Assembly of the Republic of Croatia, Term 10, Session 7	2021-07-14	Unicameralism	10. mandat	-	Zasedanje 7	2021-07-15	-	COVID	English	Regular	notMP	notMinister	-	-	-	-	NekićDarko	Nekić, Darko	U	-	
ParlaMint-HR-en_2021-07-14-0	ParlaMint-HR_2021-07-14-0.u54420	Minutes of the National Assembly of the Republic of Croatia, Term 10, Session 7	2021-07-14	Unicameralism	10. mandat	-	Zasedanje 7	2021-07-15	-	COVID	English	Chairperson	MP	notMinister	HDZ	Hrvatska demokratska zajednica	Coalition	Centre-right	ReinerŽeljko	Reiner, Željko	M	1953	
ParlaMint-HR-en_2021-07-14-0	ParlaMint-HR_2021-07-14-0.u54421	Minutes of the National Assembly of the Republic of Croatia, Term 10, Session 7	2021-07-14	Unicameralism	10. mandat	-	Zasedanje 7	2021-07-15	-	COVID	English	Regular	MP	notMinister	HDZ	Hrvatska demokratska zajednica	Coalition	Centre-right	DeurAnte	Deur, Ante	M	1970	
ParlaMint-HR-en_2021-07-14-0	ParlaMint-HR_2021-07-14-0.u54422	Minutes of the National Assembly of the Republic of Croatia, Term 10, Session 7	2021-07-14	Unicameralism	10. mandat	-	Zasedanje 7	2021-07-15	-	COVID	English	Chairperson	MP	notMinister	HDZ	Hrvatska demokratska zajednica	Coalition	Centre-right	ReinerŽeljko	Reiner, Željko	M	1953	
ParlaMint-HR-en_2021-07-14-0	ParlaMint-HR_2021-07-14-0.u54423	Minutes of the National Assembly of the Republic of Croatia, Term 10, Session 7	2021-07-14	Unicameralism	10. mandat	-	Zasedanje 7	2021-07-15	-	COVID	English	Regular	MP	notMinister	DP	Domovinski pokret	Coalition	Right to far-right	MlinarićStipo	Mlinarić, Stipo	M	1969	
ParlaMint-HR-en_2021-07-14-0	ParlaMint-HR_2021-07-14-0.u54424	Minutes of the National Assembly of the Republic of Croatia, Term 10, Session 7	2021-07-14	Unicameralism	10. mandat	-	Zasedanje 7	2021-07-15	-	COVID	English	Chairperson	MP	notMinister	HDZ	Hrvatska demokratska zajednica	Coalition	Centre-right	ReinerŽeljko	Reiner, Željko	M	1953	
ParlaMint-HR-en_2021-07-14-0	ParlaMint-HR_2021-07-14-0.u54425	Minutes of the National Assembly of the Republic of Croatia, Term 10, Session 7	2021-07-14	Unicameralism	10. mandat	-	Zasedanje 7	2021-07-15	-	COVID	English	Regular	notMP	notMinister	-	-	-	-	NekićDarko	Nekić, Darko	U	-	
ParlaMint-HR-en_2021-07-14-0	ParlaMint-HR_2021-07-14-0.u54426	Minutes of the National Assembly of the Republic of Croatia, Term 10, Session 7	2021-07-14	Unicameralism	10. mandat	-	Zasedanje 7	2021-07-15	-	COVID	English	Chairperson	MP	notMinister	HDZ	Hrvatska demokratska zajednica	Coalition	Centre-right	ReinerŽeljko	Reiner, Željko	M	1953	
ParlaMint-HR-en_2021-07-14-0	ParlaMint-HR_2021-07-14-0.u54427	Minutes of the National Assembly of the Republic of Croatia, Term 10, Session 7	2021-07-14	Unicameralism	10. mandat	-	Zasedanje 7	2021-07-15	-	COVID	English	Regular	MP	notMinister	DP	Domovinski pokret	Coalition	Right to far-right	MlinarićStipo	Mlinarić, Stipo	M	1969	
ParlaMint-HR-en_2021-07-14-0	ParlaMint-HR_2021-07-14-0.u54428	Minutes of the National Assembly of the Republic of Croatia, Term 10, Session 7	2021-07-14	Unicameralism	10. mandat	-	Zasedanje 7	2021-07-15	-	COVID	English	Chairperson	MP	notMinister	HDZ	Hrvatska demokratska zajednica	Coalition	Centre-right	ReinerŽeljko	Reiner, Željko	M	1953	
ParlaMint-HR-en_2021-07-14-0	ParlaMint-HR_2021-07-14-0.u54429	Minutes of the National Assembly of the Republic of Croatia, Term 10, Session 7	2021-07-14	Unicameralism	10. mandat	-	Zasedanje 7	2021-07-15	-	COVID	English	Regular	MP	notMinister	DP	Domovinski pokret	Coalition	Right to far-right	MlinarićStipo	Mlinarić, Stipo	M	1969	
ParlaMint-HR-en_2021-07-14-0	ParlaMint-HR_2021-07-14-0.u54430	Minutes of the National Assembly of the Republic of Croatia, Term 10, Session 7	2021-07-14	Unicameralism	10. mandat	-	Zasedanje 7	2021-07-15	-	COVID	English	Chairperson	MP	notMinister	HDZ	Hrvatska demokratska zajednica	Coalition	Centre-right	ReinerŽeljko	Reiner, Željko	M	1953	
ParlaMint-HR-en_2021-07-14-0	ParlaMint-HR_2021-07-14-0.u54431	Minutes of the National Assembly of the Republic of Croatia, Term 10, Session 7	2021-07-14	Unicameralism	10. mandat	-	Zasedanje 7	2021-07-15	-	COVID	English	Regular	MP	notMinister	DP	Domovinski pokret	Coalition	Right to far-right	MlinarićStipo	Mlinarić, Stipo	M	1969	
ParlaMint-HR-en_2021-07-14-0	ParlaMint-HR_2021-07-14-0.u54432	Minutes of the National Assembly of the Republic of Croatia, Term 10, Session 7	2021-07-14	Unicameralism	10. mandat	-	Zasedanje 7	2021-07-15	-	COVID	English	Chairperson	MP	notMinister	HDZ	Hrvatska demokratska zajednica	Coalition	Centre-right	ReinerŽeljko	Reiner, Željko	M	1953	
ParlaMint-HR-en_2021-07-14-0	ParlaMint-HR_2021-07-14-0.u54433	Minutes of the National Assembly of the Republic of Croatia, Term 10, Session 7	2021-07-14	Unicameralism	10. mandat	-	Zasedanje 7	2021-07-15	-	COVID	English	Regular	notMP	notMinister	-	-	-	-	NekićDarko	Nekić, Darko	U	-	
ParlaMint-HR-en_2021-07-14-0	ParlaMint-HR_2021-07-14-0.u54434	Minutes of the National Assembly of the Republic of Croatia, Term 10, Session 7	2021-07-14	Unicameralism	10. mandat	-	Zasedanje 7	2021-07-15	-	COVID	English	Chairperson	MP	notMinister	HDZ	Hrvatska demokratska zajednica	Coalition	Centre-right	ReinerŽeljko	Reiner, Željko	M	1953	
ParlaMint-HR-en_2021-07-14-0	ParlaMint-HR_2021-07-14-0.u54435	Minutes of the National Assembly of the Republic of Croatia, Term 10, Session 7	2021-07-14	Unicameralism	10. mandat	-	Zasedanje 7	2021-07-15	-	COVID	English	Regular	MP	notMinister	ZK	Zeleno–lijeva koalicija	Coalition	Left	RaukarGamulinUrša	Raukar-Gamulin, Urša	F	1960	
ParlaMint-HR-en_2021-07-14-0	ParlaMint-HR_2021-07-14-0.u54436	Minutes of the National Assembly of the Republic of Croatia, Term 10, Session 7	2021-07-14	Unicameralism	10. mandat	-	Zasedanje 7	2021-07-15	-	COVID	English	Chairperson	MP	notMinister	HDZ	Hrvatska demokratska zajednica	Coalition	Centre-right	ReinerŽeljko	Reiner, Željko	M	1953	
ParlaMint-HR-en_2021-07-14-0	ParlaMint-HR_2021-07-14-0.u54437	Minutes of the National Assembly of the Republic of Croatia, Term 10, Session 7	2021-07-14	Unicameralism	10. mandat	-	Zasedanje 7	2021-07-15	-	COVID	English	Regular	notMP	notMinister	-	-	-	-	NekićDarko	Nekić, Darko	U	-	
ParlaMint-HR-en_2021-07-14-0	ParlaMint-HR_2021-07-14-0.u54438	Minutes of the National Assembly of the Republic of Croatia, Term 10, Session 7	2021-07-14	Unicameralism	10. mandat	-	Zasedanje 7	2021-07-15	-	COVID	English	Chairperson	MP	notMinister	HDZ	Hrvatska demokratska zajednica	Coalition	Centre-right	ReinerŽeljko	Reiner, Željko	M	1953	
ParlaMint-HR-en_2021-07-14-0	ParlaMint-HR_2021-07-14-0.u54439	Minutes of the National Assembly of the Republic of Croatia, Term 10, Session 7	2021-07-14	Unicameralism	10. mandat	-	Zasedanje 7	2021-07-15	-	COVID	English	Regular	MP	notMinister	DP	Domovinski pokret	Coalition	Right to far-right	MlinarićStipo	Mlinarić, Stipo	M	1969	
ParlaMint-HR-en_2021-07-14-0	ParlaMint-HR_2021-07-14-0.u54440	Minutes of the National Assembly of the Republic of Croatia, Term 10, Session 7	2021-07-14	Unicameralism	10. mandat	-	Zasedanje 7	2021-07-15	-	COVID	English	Chairperson	MP	notMinister	HDZ	Hrvatska demokratska zajednica	Coalition	Centre-right	ReinerŽeljko	Reiner, Željko	M	1953	
ParlaMint-HR-en_2021-07-14-0	ParlaMint-HR_2021-07-14-0.u54441	Minutes of the National Assembly of the Republic of Croatia, Term 10, Session 7	2021-07-14	Unicameralism	10. mandat	-	Zasedanje 7	2021-07-15	-	COVID	English	Regular	notMP	notMinister	-	-	-	-	NekićDarko	Nekić, Darko	U	-	
ParlaMint-HR-en_2021-07-14-0	ParlaMint-HR_2021-07-14-0.u54442	Minutes of the National Assembly of the Republic of Croatia, Term 10, Session 7	2021-07-14	Unicameralism	10. mandat	-	Zasedanje 7	2021-07-15	-	COVID	English	Chairperson	MP	notMinister	HDZ	Hrvatska demokratska zajednica	Coalition	Centre-right	ReinerŽeljko	Reiner, Željko	M	1953	
ParlaMint-HR-en_2021-07-14-0	ParlaMint-HR_2021-07-14-0.u54443	Minutes of the National Assembly of the Republic of Croatia, Term 10, Session 7	2021-07-14	Unicameralism	10. mandat	-	Zasedanje 7	2021-07-15	-	COVID	English	Regular	MP	notMinister	DP	Domovinski pokret	Coalition	Right to far-right	MlinarićStipo	Mlinarić, Stipo	M	1969	
ParlaMint-HR-en_2021-07-14-0	ParlaMint-HR_2021-07-14-0.u54444	Minutes of the National Assembly of the Republic of Croatia, Term 10, Session 7	2021-07-14	Unicameralism	10. mandat	-	Zasedanje 7	2021-07-15	-	COVID	English	Chairperson	MP	notMinister	HDZ	Hrvatska demokratska zajednica	Coalition	Centre-right	ReinerŽeljko	Reiner, Željko	M	1953	
ParlaMint-HR-en_2021-07-14-0	ParlaMint-HR_2021-07-14-0.u54445	Minutes of the National Assembly of the Republic of Croatia, Term 10, Session 7	2021-07-14	Unicameralism	10. mandat	-	Zasedanje 7	2021-07-15	-	COVID	English	Regular	MP	notMinister	HDZ	Hrvatska demokratska zajednica	Coalition	Centre-right	DeurAnte	Deur, Ante	M	1970	
ParlaMint-HR-en_2021-07-14-0	ParlaMint-HR_2021-07-14-0.u54446	Minutes of the National Assembly of the Republic of Croatia, Term 10, Session 7	2021-07-14	Unicameralism	10. mandat	-	Zasedanje 7	2021-07-15	-	COVID	English	Chairperson	MP	notMinister	HDZ	Hrvatska demokratska zajednica	Coalition	Centre-right	ReinerŽeljko	Reiner, Željko	M	1953	
ParlaMint-HR-en_2021-07-14-0	ParlaMint-HR_2021-07-14-0.u54447	Minutes of the National Assembly of the Republic of Croatia, Term 10, Session 7	2021-07-14	Unicameralism	10. mandat	-	Zasedanje 7	2021-07-15	-	COVID	English	Regular	notMP	notMinister	-	-	-	-	NekićDarko	Nekić, Darko	U	-	
ParlaMint-HR-en_2021-07-14-0	ParlaMint-HR_2021-07-14-0.u54448	Minutes of the National Assembly of the Republic of Croatia, Term 10, Session 7	2021-07-14	Unicameralism	10. mandat	-	Zasedanje 7	2021-07-15	-	COVID	English	Chairperson	MP	notMinister	HDZ	Hrvatska demokratska zajednica	Coalition	Centre-right	ReinerŽeljko	Reiner, Željko	M	1953	
ParlaMint-HR-en_2021-07-14-0	ParlaMint-HR_2021-07-14-0.u54449	Minutes of the National Assembly of the Republic of Croatia, Term 10, Session 7	2021-07-14	Unicameralism	10. mandat	-	Zasedanje 7	2021-07-15	-	COVID	English	Regular	MP	notMinister	DP	Domovinski pokret	Coalition	Right to far-right	MlinarićStipo	Mlinarić, Stipo	M	1969	
ParlaMint-HR-en_2021-07-14-0	ParlaMint-HR_2021-07-14-0.u54450	Minutes of the National Assembly of the Republic of Croatia, Term 10, Session 7	2021-07-14	Unicameralism	10. mandat	-	Zasedanje 7	2021-07-15	-	COVID	English	Chairperson	MP	notMinister	HDZ	Hrvatska demokratska zajednica	Coalition	Centre-right	ReinerŽeljko	Reiner, Željko	M	1953	
ParlaMint-HR-en_2021-07-14-0	ParlaMint-HR_2021-07-14-0.u54451	Minutes of the National Assembly of the Republic of Croatia, Term 10, Session 7	2021-07-14	Unicameralism	10. mandat	-	Zasedanje 7	2021-07-15	-	COVID	English	Regular	notMP	notMinister	-	-	-	-	NekićDarko	Nekić, Darko	U	-	
ParlaMint-HR-en_2021-07-14-0	ParlaMint-HR_2021-07-14-0.u54452	Minutes of the National Assembly of the Republic of Croatia, Term 10, Session 7	2021-07-14	Unicameralism	10. mandat	-	Zasedanje 7	2021-07-15	-	COVID	English	Chairperson	MP	notMinister	HDZ	Hrvatska demokratska zajednica	Coalition	Centre-right	ReinerŽeljko	Reiner, Željko	M	1953	
ParlaMint-HR-en_2021-07-14-0	ParlaMint-HR_2021-07-14-0.u54453	Minutes of the National Assembly of the Republic of Croatia, Term 10, Session 7	2021-07-14	Unicameralism	10. mandat	-	Zasedanje 7	2021-07-15	-	COVID	English	Regular	MP	notMinister	ZK	Zeleno–lijeva koalicija	Coalition	Left	RaukarGamulinUrša	Raukar-Gamulin, Urša	F	1960	
ParlaMint-HR-en_2021-07-14-0	ParlaMint-HR_2021-07-14-0.u54454	Minutes of the National Assembly of the Republic of Croatia, Term 10, Session 7	2021-07-14	Unicameralism	10. mandat	-	Zasedanje 7	2021-07-15	-	COVID	English	Chairperson	MP	notMinister	HDZ	Hrvatska demokratska zajednica	Coalition	Centre-right	ReinerŽeljko	Reiner, Željko	M	1953	
ParlaMint-HR-en_2021-07-14-0	ParlaMint-HR_2021-07-14-0.u54455	Minutes of the National Assembly of the Republic of Croatia, Term 10, Session 7	2021-07-14	Unicameralism	10. mandat	-	Zasedanje 7	2021-07-15	-	COVID	English	Regular	notMP	notMinister	-	-	-	-	NekićDarko	Nekić, Darko	U	-	
ParlaMint-HR-en_2021-07-14-0	ParlaMint-HR_2021-07-14-0.u54456	Minutes of the National Assembly of the Republic of Croatia, Term 10, Session 7	2021-07-14	Unicameralism	10. mandat	-	Zasedanje 7	2021-07-15	-	COVID	English	Chairperson	MP	notMinister	HDZ	Hrvatska demokratska zajednica	Coalition	Centre-right	ReinerŽeljko	Reiner, Željko	M	1953	
ParlaMint-HR-en_2021-07-14-0	ParlaMint-HR_2021-07-14-0.u54457	Minutes of the National Assembly of the Republic of Croatia, Term 10, Session 7	2021-07-14	Unicameralism	10. mandat	-	Zasedanje 7	2021-07-15	-	COVID	English	Regular	MP	notMinister	DP	Domovinski pokret	Coalition	Right to far-right	SačićŽeljko	Sačić, Željko	M	1963	
ParlaMint-HR-en_2021-07-14-0	ParlaMint-HR_2021-07-14-0.u54458	Minutes of the National Assembly of the Republic of Croatia, Term 10, Session 7	2021-07-14	Unicameralism	10. mandat	-	Zasedanje 7	2021-07-15	-	COVID	English	Chairperson	MP	notMinister	HDZ	Hrvatska demokratska zajednica	Coalition	Centre-right	ReinerŽeljko	Reiner, Željko	M	1953	
ParlaMint-HR-en_2021-07-14-0	ParlaMint-HR_2021-07-14-0.u54459	Minutes of the National Assembly of the Republic of Croatia, Term 10, Session 7	2021-07-14	Unicameralism	10. mandat	-	Zasedanje 7	2021-07-15	-	COVID	English	Regular	notMP	notMinister	-	-	-	-	NekićDarko	Nekić, Darko	U	-	
ParlaMint-HR-en_2021-07-14-0	ParlaMint-HR_2021-07-14-0.u54460	Minutes of the National Assembly of the Republic of Croatia, Term 10, Session 7	2021-07-14	Unicameralism	10. mandat	-	Zasedanje 7	2021-07-15	-	COVID	English	Chairperson	MP	notMinister	HDZ	Hrvatska demokratska zajednica	Coalition	Centre-right	ReinerŽeljko	Reiner, Željko	M	1953	
ParlaMint-HR-en_2021-07-14-0	ParlaMint-HR_2021-07-14-0.u54461	Minutes of the National Assembly of the Republic of Croatia, Term 10, Session 7	2021-07-14	Unicameralism	10. mandat	-	Zasedanje 7	2021-07-15	-	COVID	English	Regular	MP	notMinister	nezavisni	nezavisni	-	-	NađVesna	Nađ, Vesna	F	1955	
ParlaMint-HR-en_2021-07-14-0	ParlaMint-HR_2021-07-14-0.u54462	Minutes of the National Assembly of the Republic of Croatia, Term 10, Session 7	2021-07-14	Unicameralism	10. mandat	-	Zasedanje 7	2021-07-15	-	COVID	English	Chairperson	MP	notMinister	HDZ	Hrvatska demokratska zajednica	Coalition	Centre-right	ReinerŽeljko	Reiner, Željko	M	1953	
ParlaMint-HR-en_2021-07-14-0	ParlaMint-HR_2021-07-14-0.u54463	Minutes of the National Assembly of the Republic of Croatia, Term 10, Session 7	2021-07-14	Unicameralism	10. mandat	-	Zasedanje 7	2021-07-15	-	COVID	English	Regular	notMP	notMinister	-	-	-	-	NekićDarko	Nekić, Darko	U	-	
ParlaMint-HR-en_2021-07-14-0	ParlaMint-HR_2021-07-14-0.u54464	Minutes of the National Assembly of the Republic of Croatia, Term 10, Session 7	2021-07-14	Unicameralism	10. mandat	-	Zasedanje 7	2021-07-15	-	COVID	English	Chairperson	MP	notMinister	HDZ	Hrvatska demokratska zajednica	Coalition	Centre-right	ReinerŽeljko	Reiner, Željko	M	1953	
ParlaMint-HR-en_2021-07-14-0	ParlaMint-HR_2021-07-14-0.u54465	Minutes of the National Assembly of the Republic of Croatia, Term 10, Session 7	2021-07-14	Unicameralism	10. mandat	-	Zasedanje 7	2021-07-15	-	COVID	English	Regular	MP	notMinister	ZK	Zeleno–lijeva koalicija	Coalition	Left	RaukarGamulinUrša	Raukar-Gamulin, Urša	F	1960	
ParlaMint-HR-en_2021-07-14-0	ParlaMint-HR_2021-07-14-0.u54466	Minutes of the National Assembly of the Republic of Croatia, Term 10, Session 7	2021-07-14	Unicameralism	10. mandat	-	Zasedanje 7	2021-07-15	-	COVID	English	Chairperson	MP	notMinister	HDZ	Hrvatska demokratska zajednica	Coalition	Centre-right	ReinerŽeljko	Reiner, Željko	M	1953	
ParlaMint-HR-en_2021-07-14-0	ParlaMint-HR_2021-07-14-0.u54467	Minutes of the National Assembly of the Republic of Croatia, Term 10, Session 7	2021-07-14	Unicameralism	10. mandat	-	Zasedanje 7	2021-07-15	-	COVID	English	Regular	notMP	notMinister	-	-	-	-	NekićDarko	Nekić, Darko	U	-	
ParlaMint-HR-en_2021-07-14-0	ParlaMint-HR_2021-07-14-0.u54468	Minutes of the National Assembly of the Republic of Croatia, Term 10, Session 7	2021-07-14	Unicameralism	10. mandat	-	Zasedanje 7	2021-07-15	-	COVID	English	Chairperson	MP	notMinister	HDZ	Hrvatska demokratska zajednica	Coalition	Centre-right	ReinerŽeljko	Reiner, Željko	M	1953	
ParlaMint-HR-en_2021-07-14-0	ParlaMint-HR_2021-07-14-0.u54469	Minutes of the National Assembly of the Republic of Croatia, Term 10, Session 7	2021-07-14	Unicameralism	10. mandat	-	Zasedanje 7	2021-07-15	-	COVID	English	Regular	MP	notMinister	DP	Domovinski pokret	Coalition	Right to far-right	MlinarićStipo	Mlinarić, Stipo	M	1969	
ParlaMint-HR-en_2021-07-14-0	ParlaMint-HR_2021-07-14-0.u54470	Minutes of the National Assembly of the Republic of Croatia, Term 10, Session 7	2021-07-14	Unicameralism	10. mandat	-	Zasedanje 7	2021-07-15	-	COVID	English	Chairperson	MP	notMinister	HDZ	Hrvatska demokratska zajednica	Coalition	Centre-right	ReinerŽeljko	Reiner, Željko	M	1953	
ParlaMint-HR-en_2021-07-14-0	ParlaMint-HR_2021-07-14-0.u54471	Minutes of the National Assembly of the Republic of Croatia, Term 10, Session 7	2021-07-14	Unicameralism	10. mandat	-	Zasedanje 7	2021-07-15	-	COVID	English	Regular	notMP	notMinister	-	-	-	-	NekićDarko	Nekić, Darko	U	-	
ParlaMint-HR-en_2021-07-14-0	ParlaMint-HR_2021-07-14-0.u54472	Minutes of the National Assembly of the Republic of Croatia, Term 10, Session 7	2021-07-14	Unicameralism	10. mandat	-	Zasedanje 7	2021-07-15	-	COVID	English	Chairperson	MP	notMinister	HDZ	Hrvatska demokratska zajednica	Coalition	Centre-right	ReinerŽeljko	Reiner, Željko	M	1953	
ParlaMint-HR-en_2021-07-14-0	ParlaMint-HR_2021-07-14-0.u54473	Minutes of the National Assembly of the Republic of Croatia, Term 10, Session 7	2021-07-14	Unicameralism	10. mandat	-	Zasedanje 7	2021-07-15	-	COVID	English	Regular	MP	notMinister	DP	Domovinski pokret	Coalition	Right to far-right	MlinarićStipo	Mlinarić, Stipo	M	1969	
ParlaMint-HR-en_2021-07-14-0	ParlaMint-HR_2021-07-14-0.u54474	Minutes of the National Assembly of the Republic of Croatia, Term 10, Session 7	2021-07-14	Unicameralism	10. mandat	-	Zasedanje 7	2021-07-15	-	COVID	English	Chairperson	MP	notMinister	HDZ	Hrvatska demokratska zajednica	Coalition	Centre-right	ReinerŽeljko	Reiner, Željko	M	1953	
ParlaMint-HR-en_2021-07-14-0	ParlaMint-HR_2021-07-14-0.u54475	Minutes of the National Assembly of the Republic of Croatia, Term 10, Session 7	2021-07-14	Unicameralism	10. mandat	-	Zasedanje 7	2021-07-15	-	COVID	English	Regular	notMP	notMinister	-	-	-	-	NekićDarko	Nekić, Darko	U	-	
ParlaMint-HR-en_2021-07-14-0	ParlaMint-HR_2021-07-14-0.u54476	Minutes of the National Assembly of the Republic of Croatia, Term 10, Session 7	2021-07-14	Unicameralism	10. mandat	-	Zasedanje 7	2021-07-15	-	COVID	English	Chairperson	MP	notMinister	HDZ	Hrvatska demokratska zajednica	Coalition	Centre-right	ReinerŽeljko	Reiner, Željko	M	1953	
ParlaMint-HR-en_2021-07-14-0	ParlaMint-HR_2021-07-14-0.u54477	Minutes of the National Assembly of the Republic of Croatia, Term 10, Session 7	2021-07-14	Unicameralism	10. mandat	-	Zasedanje 7	2021-07-15	-	COVID	English	Regular	MP	notMinister	DP	Domovinski pokret	Coalition	Right to far-right	SačićŽeljko	Sačić, Željko	M	1963	
ParlaMint-HR-en_2021-07-14-0	ParlaMint-HR_2021-07-14-0.u54478	Minutes of the National Assembly of the Republic of Croatia, Term 10, Session 7	2021-07-14	Unicameralism	10. mandat	-	Zasedanje 7	2021-07-15	-	COVID	English	Chairperson	MP	notMinister	HDZ	Hrvatska demokratska zajednica	Coalition	Centre-right	ReinerŽeljko	Reiner, Željko	M	1953	
ParlaMint-HR-en_2021-07-14-0	ParlaMint-HR_2021-07-14-0.u54479	Minutes of the National Assembly of the Republic of Croatia, Term 10, Session 7	2021-07-14	Unicameralism	10. mandat	-	Zasedanje 7	2021-07-15	-	COVID	English	Regular	notMP	notMinister	-	-	-	-	NekićDarko	Nekić, Darko	U	-	
ParlaMint-HR-en_2021-07-14-0	ParlaMint-HR_2021-07-14-0.u54480	Minutes of the National Assembly of the Republic of Croatia, Term 10, Session 7	2021-07-14	Unicameralism	10. mandat	-	Zasedanje 7	2021-07-15	-	COVID	English	Chairperson	MP	notMinister	HDZ	Hrvatska demokratska zajednica	Coalition	Centre-right	ReinerŽeljko	Reiner, Željko	M	1953	
ParlaMint-HR-en_2021-07-14-0	ParlaMint-HR_2021-07-14-0.u54481	Minutes of the National Assembly of the Republic of Croatia, Term 10, Session 7	2021-07-14	Unicameralism	10. mandat	-	Zasedanje 7	2021-07-15	-	COVID	English	Regular	MP	notMinister	ZK	Zeleno–lijeva koalicija	Coalition	Left	RaukarGamulinUrša	Raukar-Gamulin, Urša	F	1960	
ParlaMint-HR-en_2021-07-14-0	ParlaMint-HR_2021-07-14-0.u54482	Minutes of the National Assembly of the Republic of Croatia, Term 10, Session 7	2021-07-14	Unicameralism	10. mandat	-	Zasedanje 7	2021-07-15	-	COVID	English	Chairperson	MP	notMinister	HDZ	Hrvatska demokratska zajednica	Coalition	Centre-right	ReinerŽeljko	Reiner, Željko	M	1953	
ParlaMint-HR-en_2021-07-14-0	ParlaMint-HR_2021-07-14-0.u54483	Minutes of the National Assembly of the Republic of Croatia, Term 10, Session 7	2021-07-14	Unicameralism	10. mandat	-	Zasedanje 7	2021-07-15	-	COVID	English	Regular	notMP	notMinister	-	-	-	-	NekićDarko	Nekić, Darko	U	-	
ParlaMint-HR-en_2021-07-14-0	ParlaMint-HR_2021-07-14-0.u54484	Minutes of the National Assembly of the Republic of Croatia, Term 10, Session 7	2021-07-14	Unicameralism	10. mandat	-	Zasedanje 7	2021-07-15	-	COVID	English	Chairperson	MP	notMinister	HDZ	Hrvatska demokratska zajednica	Coalition	Centre-right	ReinerŽeljko	Reiner, Željko	M	1953	
ParlaMint-HR-en_2021-07-14-0	ParlaMint-HR_2021-07-14-0.u54485	Minutes of the National Assembly of the Republic of Croatia, Term 10, Session 7	2021-07-14	Unicameralism	10. mandat	-	Zasedanje 7	2021-07-15	-	COVID	English	Regular	MP	notMinister	DP	Domovinski pokret	Coalition	Right to far-right	SačićŽeljko	Sačić, Željko	M	1963	
ParlaMint-HR-en_2021-07-14-0	ParlaMint-HR_2021-07-14-0.u54486	Minutes of the National Assembly of the Republic of Croatia, Term 10, Session 7	2021-07-14	Unicameralism	10. mandat	-	Zasedanje 7	2021-07-15	-	COVID	English	Chairperson	MP	notMinister	HDZ	Hrvatska demokratska zajednica	Coalition	Centre-right	ReinerŽeljko	Reiner, Željko	M	1953	
ParlaMint-HR-en_2021-07-14-0	ParlaMint-HR_2021-07-14-0.u54487	Minutes of the National Assembly of the Republic of Croatia, Term 10, Session 7	2021-07-14	Unicameralism	10. mandat	-	Zasedanje 7	2021-07-15	-	COVID	English	Regular	notMP	notMinister	-	-	-	-	NekićDarko	Nekić, Darko	U	-	
ParlaMint-HR-en_2021-07-14-0	ParlaMint-HR_2021-07-14-0.u54488	Minutes of the National Assembly of the Republic of Croatia, Term 10, Session 7	2021-07-14	Unicameralism	10. mandat	-	Zasedanje 7	2021-07-15	-	COVID	English	Chairperson	MP	notMinister	HDZ	Hrvatska demokratska zajednica	Coalition	Centre-right	ReinerŽeljko	Reiner, Željko	M	1953	
ParlaMint-HR-en_2021-07-14-0	ParlaMint-HR_2021-07-14-0.u54489	Minutes of the National Assembly of the Republic of Croatia, Term 10, Session 7	2021-07-14	Unicameralism	10. mandat	-	Zasedanje 7	2021-07-15	-	COVID	English	Regular	MP	notMinister	DP	Domovinski pokret	Coalition	Right to far-right	SačićŽeljko	Sačić, Željko	M	1963	
ParlaMint-HR-en_2021-07-14-0	ParlaMint-HR_2021-07-14-0.u54490	Minutes of the National Assembly of the Republic of Croatia, Term 10, Session 7	2021-07-14	Unicameralism	10. mandat	-	Zasedanje 7	2021-07-15	-	COVID	English	Chairperson	MP	notMinister	HDZ	Hrvatska demokratska zajednica	Coalition	Centre-right	ReinerŽeljko	Reiner, Željko	M	1953	
ParlaMint-HR-en_2021-07-14-0	ParlaMint-HR_2021-07-14-0.u54491	Minutes of the National Assembly of the Republic of Croatia, Term 10, Session 7	2021-07-14	Unicameralism	10. mandat	-	Zasedanje 7	2021-07-15	-	COVID	English	Regular	notMP	notMinister	-	-	-	-	NekićDarko	Nekić, Darko	U	-	
ParlaMint-HR-en_2021-07-14-0	ParlaMint-HR_2021-07-14-0.u54492	Minutes of the National Assembly of the Republic of Croatia, Term 10, Session 7	2021-07-14	Unicameralism	10. mandat	-	Zasedanje 7	2021-07-15	-	COVID	English	Chairperson	MP	notMinister	HDZ	Hrvatska demokratska zajednica	Coalition	Centre-right	ReinerŽeljko	Reiner, Željko	M	1953	
ParlaMint-HR-en_2021-07-14-0	ParlaMint-HR_2021-07-14-0.u54493	Minutes of the National Assembly of the Republic of Croatia, Term 10, Session 7	2021-07-14	Unicameralism	10. mandat	-	Zasedanje 7	2021-07-15	-	COVID	English	Regular	MP	notMinister	DP	Domovinski pokret	Coalition	Right to far-right	SačićŽeljko	Sačić, Željko	M	1963	
ParlaMint-HR-en_2021-07-14-0	ParlaMint-HR_2021-07-14-0.u54494	Minutes of the National Assembly of the Republic of Croatia, Term 10, Session 7	2021-07-14	Unicameralism	10. mandat	-	Zasedanje 7	2021-07-15	-	COVID	English	Chairperson	MP	notMinister	HDZ	Hrvatska demokratska zajednica	Coalition	Centre-right	ReinerŽeljko	Reiner, Željko	M	1953	
ParlaMint-HR-en_2021-07-14-0	ParlaMint-HR_2021-07-14-0.u54495	Minutes of the National Assembly of the Republic of Croatia, Term 10, Session 7	2021-07-14	Unicameralism	10. mandat	-	Zasedanje 7	2021-07-15	-	COVID	English	Regular	notMP	notMinister	-	-	-	-	NekićDarko	Nekić, Darko	U	-	
ParlaMint-HR-en_2021-07-14-0	ParlaMint-HR_2021-07-14-0.u54496	Minutes of the National Assembly of the Republic of Croatia, Term 10, Session 7	2021-07-14	Unicameralism	10. mandat	-	Zasedanje 7	2021-07-15	-	COVID	English	Chairperson	MP	notMinister	HDZ	Hrvatska demokratska zajednica	Coalition	Centre-right	ReinerŽeljko	Reiner, Željko	M	1953	
ParlaMint-HR-en_2021-07-14-0	ParlaMint-HR_2021-07-14-0.u54497	Minutes of the National Assembly of the Republic of Croatia, Term 10, Session 7	2021-07-14	Unicameralism	10. mandat	-	Zasedanje 7	2021-07-15	-	COVID	English	Regular	notMP	notMinister	-	-	-	-	NekićDarko	Nekić, Darko	U	-	
ParlaMint-HR-en_2021-07-14-0	ParlaMint-HR_2021-07-14-0.u54498	Minutes of the National Assembly of the Republic of Croatia, Term 10, Session 7	2021-07-14	Unicameralism	10. mandat	-	Zasedanje 7	2021-07-15	-	COVID	English	Regular	MP	notMinister	DP	Domovinski pokret	Coalition	Right to far-right	SačićŽeljko	Sačić, Željko	M	1963	
ParlaMint-HR-en_2021-07-14-0	ParlaMint-HR_2021-07-14-0.u54499	Minutes of the National Assembly of the Republic of Croatia, Term 10, Session 7	2021-07-14	Unicameralism	10. mandat	-	Zasedanje 7	2021-07-15	-	COVID	English	Chairperson	MP	notMinister	HDZ	Hrvatska demokratska zajednica	Coalition	Centre-right	ReinerŽeljko	Reiner, Željko	M	1953	
ParlaMint-HR-en_2021-07-14-0	ParlaMint-HR_2021-07-14-0.u54500	Minutes of the National Assembly of the Republic of Croatia, Term 10, Session 7	2021-07-14	Unicameralism	10. mandat	-	Zasedanje 7	2021-07-15	-	COVID	English	Regular	MP	notMinister	DP	Domovinski pokret	Coalition	Right to far-right	SačićŽeljko	Sačić, Željko	M	1963	
ParlaMint-HR-en_2021-07-14-0	ParlaMint-HR_2021-07-14-0.u54501	Minutes of the National Assembly of the Republic of Croatia, Term 10, Session 7	2021-07-14	Unicameralism	10. mandat	-	Zasedanje 7	2021-07-15	-	COVID	English	Chairperson	MP	notMinister	HDZ	Hrvatska demokratska zajednica	Coalition	Centre-right	ReinerŽeljko	Reiner, Željko	M	1953	
ParlaMint-HR-en_2021-07-14-0	ParlaMint-HR_2021-07-14-0.u54502	Minutes of the National Assembly of the Republic of Croatia, Term 10, Session 7	2021-07-14	Unicameralism	10. mandat	-	Zasedanje 7	2021-07-15	-	COVID	English	Regular	notMP	notMinister	-	-	-	-	NekićDarko	Nekić, Darko	U	-	
ParlaMint-HR-en_2021-07-14-0	ParlaMint-HR_2021-07-14-0.u54503	Minutes of the National Assembly of the Republic of Croatia, Term 10, Session 7	2021-07-14	Unicameralism	10. mandat	-	Zasedanje 7	2021-07-15	-	COVID	English	Chairperson	MP	notMinister	HDZ	Hrvatska demokratska zajednica	Coalition	Centre-right	ReinerŽeljko	Reiner, Željko	M	1953	
ParlaMint-HR-en_2021-07-14-0	ParlaMint-HR_2021-07-14-0.u54504	Minutes of the National Assembly of the Republic of Croatia, Term 10, Session 7	2021-07-14	Unicameralism	10. mandat	-	Zasedanje 7	2021-07-15	-	COVID	English	Regular	MP	notMinister	DP	Domovinski pokret	Coalition	Right to far-right	MlinarićStipo	Mlinarić, Stipo	M	1969	
ParlaMint-HR-en_2021-07-14-0	ParlaMint-HR_2021-07-14-0.u54505	Minutes of the National Assembly of the Republic of Croatia, Term 10, Session 7	2021-07-14	Unicameralism	10. mandat	-	Zasedanje 7	2021-07-15	-	COVID	English	Chairperson	MP	notMinister	HDZ	Hrvatska demokratska zajednica	Coalition	Centre-right	ReinerŽeljko	Reiner, Željko	M	1953	
ParlaMint-HR-en_2021-07-14-0	ParlaMint-HR_2021-07-14-0.u54506	Minutes of the National Assembly of the Republic of Croatia, Term 10, Session 7	2021-07-14	Unicameralism	10. mandat	-	Zasedanje 7	2021-07-15	-	COVID	English	Regular	notMP	notMinister	-	-	-	-	NekićDarko	Nekić, Darko	U	-	
ParlaMint-HR-en_2021-07-14-0	ParlaMint-HR_2021-07-14-0.u54507	Minutes of the National Assembly of the Republic of Croatia, Term 10, Session 7	2021-07-14	Unicameralism	10. mandat	-	Zasedanje 7	2021-07-15	-	COVID	English	Chairperson	MP	notMinister	HDZ	Hrvatska demokratska zajednica	Coalition	Centre-right	ReinerŽeljko	Reiner, Željko	M	1953	
ParlaMint-HR-en_2021-07-14-0	ParlaMint-HR_2021-07-14-0.u54508	Minutes of the National Assembly of the Republic of Croatia, Term 10, Session 7	2021-07-14	Unicameralism	10. mandat	-	Zasedanje 7	2021-07-15	-	COVID	English	Regular	MP	notMinister	DP	Domovinski pokret	Coalition	Right to far-right	SačićŽeljko	Sačić, Željko	M	1963	
ParlaMint-HR-en_2021-07-14-0	ParlaMint-HR_2021-07-14-0.u54509	Minutes of the National Assembly of the Republic of Croatia, Term 10, Session 7	2021-07-14	Unicameralism	10. mandat	-	Zasedanje 7	2021-07-15	-	COVID	English	Chairperson	MP	notMinister	HDZ	Hrvatska demokratska zajednica	Coalition	Centre-right	ReinerŽeljko	Reiner, Željko	M	1953	
ParlaMint-HR-en_2021-07-14-0	ParlaMint-HR_2021-07-14-0.u54510	Minutes of the National Assembly of the Republic of Croatia, Term 10, Session 7	2021-07-14	Unicameralism	10. mandat	-	Zasedanje 7	2021-07-15	-	COVID	English	Regular	notMP	notMinister	-	-	-	-	NekićDarko	Nekić, Darko	U	-	
ParlaMint-HR-en_2021-07-14-0	ParlaMint-HR_2021-07-14-0.u54511	Minutes of the National Assembly of the Republic of Croatia, Term 10, Session 7	2021-07-14	Unicameralism	10. mandat	-	Zasedanje 7	2021-07-15	-	COVID	English	Chairperson	MP	notMinister	HDZ	Hrvatska demokratska zajednica	Coalition	Centre-right	ReinerŽeljko	Reiner, Željko	M	1953	
ParlaMint-HR-en_2021-07-14-0	ParlaMint-HR_2021-07-14-0.u54512	Minutes of the National Assembly of the Republic of Croatia, Term 10, Session 7	2021-07-14	Unicameralism	10. mandat	-	Zasedanje 7	2021-07-15	-	COVID	English	Regular	MP	notMinister	DP	Domovinski pokret	Coalition	Right to far-right	MlinarićStipo	Mlinarić, Stipo	M	1969	
ParlaMint-HR-en_2021-07-14-0	ParlaMint-HR_2021-07-14-0.u54513	Minutes of the National Assembly of the Republic of Croatia, Term 10, Session 7	2021-07-14	Unicameralism	10. mandat	-	Zasedanje 7	2021-07-15	-	COVID	English	Chairperson	MP	notMinister	HDZ	Hrvatska demokratska zajednica	Coalition	Centre-right	ReinerŽeljko	Reiner, Željko	M	1953	
ParlaMint-HR-en_2021-07-14-0	ParlaMint-HR_2021-07-14-0.u54514	Minutes of the National Assembly of the Republic of Croatia, Term 10, Session 7	2021-07-14	Unicameralism	10. mandat	-	Zasedanje 7	2021-07-15	-	COVID	English	Regular	MP	notMinister	nezavisni	nezavisni	-	-	NađVesna	Nađ, Vesna	F	1955	
ParlaMint-HR-en_2021-07-14-0	ParlaMint-HR_2021-07-14-0.u54515	Minutes of the National Assembly of the Republic of Croatia, Term 10, Session 7	2021-07-14	Unicameralism	10. mandat	-	Zasedanje 7	2021-07-15	-	COVID	English	Chairperson	MP	notMinister	HDZ	Hrvatska demokratska zajednica	Coalition	Centre-right	ReinerŽeljko	Reiner, Željko	M	1953	
ParlaMint-HR-en_2021-07-14-0	ParlaMint-HR_2021-07-14-0.u54516	Minutes of the National Assembly of the Republic of Croatia, Term 10, Session 7	2021-07-14	Unicameralism	10. mandat	-	Zasedanje 7	2021-07-15	-	COVID	English	Regular	MP	notMinister	DP	Domovinski pokret	Coalition	Right to far-right	MlinarićStipo	Mlinarić, Stipo	M	1969	
ParlaMint-HR-en_2021-07-14-0	ParlaMint-HR_2021-07-14-0.u54517	Minutes of the National Assembly of the Republic of Croatia, Term 10, Session 7	2021-07-14	Unicameralism	10. mandat	-	Zasedanje 7	2021-07-15	-	COVID	English	Chairperson	MP	notMinister	HDZ	Hrvatska demokratska zajednica	Coalition	Centre-right	ReinerŽeljko	Reiner, Željko	M	1953	
ParlaMint-HR-en_2021-07-14-0	ParlaMint-HR_2021-07-14-0.u54718	Minutes of the National Assembly of the Republic of Croatia, Term 10, Session 7	2021-07-14	Unicameralism	10. mandat	-	Zasedanje 7	2021-07-15	-	COVID	English	Regular	notMP	notMinister	-	-	-	-	MartinovićJuro	Martinović, Juro	M	1956	
ParlaMint-HR-en_2021-07-14-0	ParlaMint-HR_2021-07-14-0.u54719	Minutes of the National Assembly of the Republic of Croatia, Term 10, Session 7	2021-07-14	Unicameralism	10. mandat	-	Zasedanje 7	2021-07-15	-	COVID	English	Chairperson	MP	notMinister	HDZ	Hrvatska demokratska zajednica	Coalition	Centre-right	ReinerŽeljko	Reiner, Željko	M	1953	
ParlaMint-HR-en_2021-07-14-0	ParlaMint-HR_2021-07-14-0.u54720	Minutes of the National Assembly of the Republic of Croatia, Term 10, Session 7	2021-07-14	Unicameralism	10. mandat	-	Zasedanje 7	2021-07-15	-	COVID	English	Regular	MP	notMinister	ZK	Zeleno–lijeva koalicija	Coalition	Left	RaukarGamulinUrša	Raukar-Gamulin, Urša	F	1960	
ParlaMint-HR-en_2021-07-14-0	ParlaMint-HR_2021-07-14-0.u54721	Minutes of the National Assembly of the Republic of Croatia, Term 10, Session 7	2021-07-14	Unicameralism	10. mandat	-	Zasedanje 7	2021-07-15	-	COVID	English	Chairperson	MP	notMinister	HDZ	Hrvatska demokratska zajednica	Coalition	Centre-right	ReinerŽeljko	Reiner, Željko	M	1953	
ParlaMint-HR-en_2021-07-14-0	ParlaMint-HR_2021-07-14-0.u55769	Minutes of the National Assembly of the Republic of Croatia, Term 10, Session 7	2021-07-14	Unicameralism	10. mandat	-	Zasedanje 7	2021-07-15	-	COVID	English	Regular	notMP	notMinister	-	-	-	-	VidišIvan	Vidiš, Ivan	U	-	
ParlaMint-HR-en_2021-07-14-0	ParlaMint-HR_2021-07-14-0.u55770	Minutes of the National Assembly of the Republic of Croatia, Term 10, Session 7	2021-07-14	Unicameralism	10. mandat	-	Zasedanje 7	2021-07-15	-	COVID	English	Chairperson	MP	notMinister	HDZ	Hrvatska demokratska zajednica	Coalition	Centre-right	ReinerŽeljko	Reiner, Željko	M	1953	
ParlaMint-HR-en_2021-07-14-0	ParlaMint-HR_2021-07-14-0.u55771	Minutes of the National Assembly of the Republic of Croatia, Term 10, Session 7	2021-07-14	Unicameralism	10. mandat	-	Zasedanje 7	2021-07-15	-	COVID	English	Regular	notMP	notMinister	-	-	-	-	VidišIvan	Vidiš, Ivan	U	-	
ParlaMint-HR-en_2021-07-14-0	ParlaMint-HR_2021-07-14-0.u55772	Minutes of the National Assembly of the Republic of Croatia, Term 10, Session 7	2021-07-14	Unicameralism	10. mandat	-	Zasedanje 7	2021-07-15	-	COVID	English	Chairperson	MP	notMinister	HDZ	Hrvatska demokratska zajednica	Coalition	Centre-right	ReinerŽeljko	Reiner, Željko	M	1953	
ParlaMint-HR-en_2021-07-14-0	ParlaMint-HR_2021-07-14-0.u55773	Minutes of the National Assembly of the Republic of Croatia, Term 10, Session 7	2021-07-14	Unicameralism	10. mandat	-	Zasedanje 7	2021-07-15	-	COVID	English	Regular	notMP	notMinister	-	-	-	-	VidišIvan	Vidiš, Ivan	U	-	
ParlaMint-HR-en_2021-07-14-0	ParlaMint-HR_2021-07-14-0.u55774	Minutes of the National Assembly of the Republic of Croatia, Term 10, Session 7	2021-07-14	Unicameralism	10. mandat	-	Zasedanje 7	2021-07-15	-	COVID	English	Chairperson	MP	notMinister	HDZ	Hrvatska demokratska zajednica	Coalition	Centre-right	ReinerŽeljko	Reiner, Željko	M	1953	
ParlaMint-HR-en_2021-07-14-0	ParlaMint-HR_2021-07-14-0.u55775	Minutes of the National Assembly of the Republic of Croatia, Term 10, Session 7	2021-07-14	Unicameralism	10. mandat	-	Zasedanje 7	2021-07-15	-	COVID	English	Regular	MP	notMinister	nezavisni	nezavisni	-	-	FabijanićErik	Fabijanić, Erik	M	1961	
ParlaMint-HR-en_2021-07-14-0	ParlaMint-HR_2021-07-14-0.u55776	Minutes of the National Assembly of the Republic of Croatia, Term 10, Session 7	2021-07-14	Unicameralism	10. mandat	-	Zasedanje 7	2021-07-15	-	COVID	English	Chairperson	MP	notMinister	HDZ	Hrvatska demokratska zajednica	Coalition	Centre-right	ReinerŽeljko	Reiner, Željko	M	1953	
ParlaMint-HR-en_2021-07-14-0	ParlaMint-HR_2021-07-14-0.u55777	Minutes of the National Assembly of the Republic of Croatia, Term 10, Session 7	2021-07-14	Unicameralism	10. mandat	-	Zasedanje 7	2021-07-15	-	COVID	English	Regular	notMP	notMinister	-	-	-	-	VidišIvan	Vidiš, Ivan	U	-	
ParlaMint-HR-en_2021-07-14-0	ParlaMint-HR_2021-07-14-0.u55778	Minutes of the National Assembly of the Republic of Croatia, Term 10, Session 7	2021-07-14	Unicameralism	10. mandat	-	Zasedanje 7	2021-07-15	-	COVID	English	Chairperson	MP	notMinister	HDZ	Hrvatska demokratska zajednica	Coalition	Centre-right	ReinerŽeljko	Reiner, Željko	M	1953	
ParlaMint-HR-en_2021-07-14-0	ParlaMint-HR_2021-07-14-0.u55779	Minutes of the National Assembly of the Republic of Croatia, Term 10, Session 7	2021-07-14	Unicameralism	10. mandat	-	Zasedanje 7	2021-07-15	-	COVID	English	Regular	MP	notMinister	SDP	Socijaldemokratska partija Hrvatske	Coalition	Centre-left	VlašićIljkićMartina	Vlašić Iljkić, Martina	F	1982	
ParlaMint-HR-en_2021-07-14-0	ParlaMint-HR_2021-07-14-0.u55780	Minutes of the National Assembly of the Republic of Croatia, Term 10, Session 7	2021-07-14	Unicameralism	10. mandat	-	Zasedanje 7	2021-07-15	-	COVID	English	Chairperson	MP	notMinister	HDZ	Hrvatska demokratska zajednica	Coalition	Centre-right	ReinerŽeljko	Reiner, Željko	M	1953	
ParlaMint-HR-en_2021-07-14-0	ParlaMint-HR_2021-07-14-0.u55781	Minutes of the National Assembly of the Republic of Croatia, Term 10, Session 7	2021-07-14	Unicameralism	10. mandat	-	Zasedanje 7	2021-07-15	-	COVID	English	Regular	notMP	notMinister	-	-	-	-	VidišIvan	Vidiš, Ivan	U	-	
ParlaMint-HR-en_2021-07-14-0	ParlaMint-HR_2021-07-14-0.u55782	Minutes of the National Assembly of the Republic of Croatia, Term 10, Session 7	2021-07-14	Unicameralism	10. mandat	-	Zasedanje 7	2021-07-15	-	COVID	English	Chairperson	MP	notMinister	HDZ	Hrvatska demokratska zajednica	Coalition	Centre-right	ReinerŽeljko	Reiner, Željko	M	1953	
ParlaMint-HR-en_2021-07-14-0	ParlaMint-HR_2021-07-14-0.u55783	Minutes of the National Assembly of the Republic of Croatia, Term 10, Session 7	2021-07-14	Unicameralism	10. mandat	-	Zasedanje 7	2021-07-15	-	COVID	English	Regular	MP	notMinister	nezavisni	nezavisni	-	-	FabijanićErik	Fabijanić, Erik	M	1961	
ParlaMint-HR-en_2021-07-14-0	ParlaMint-HR_2021-07-14-0.u55784	Minutes of the National Assembly of the Republic of Croatia, Term 10, Session 7	2021-07-14	Unicameralism	10. mandat	-	Zasedanje 7	2021-07-15	-	COVID	English	Chairperson	MP	notMinister	HDZ	Hrvatska demokratska zajednica	Coalition	Centre-right	ReinerŽeljko	Reiner, Željko	M	1953	
ParlaMint-HR-en_2021-07-14-0	ParlaMint-HR_2021-07-14-0.u55785	Minutes of the National Assembly of the Republic of Croatia, Term 10, Session 7	2021-07-14	Unicameralism	10. mandat	-	Zasedanje 7	2021-07-15	-	COVID	English	Regular	MP	notMinister	nezavisni	nezavisni	-	-	FabijanićErik	Fabijanić, Erik	M	1961	
ParlaMint-HR-en_2021-07-14-0	ParlaMint-HR_2021-07-14-0.u55786	Minutes of the National Assembly of the Republic of Croatia, Term 10, Session 7	2021-07-14	Unicameralism	10. mandat	-	Zasedanje 7	2021-07-15	-	COVID	English	Chairperson	MP	notMinister	HDZ	Hrvatska demokratska zajednica	Coalition	Centre-right	ReinerŽeljko	Reiner, Željko	M	1953	
ParlaMint-HR-en_2021-07-14-0	ParlaMint-HR_2021-07-14-0.u55787	Minutes of the National Assembly of the Republic of Croatia, Term 10, Session 7	2021-07-14	Unicameralism	10. mandat	-	Zasedanje 7	2021-07-15	-	COVID	English	Regular	notMP	notMinister	-	-	-	-	VidišIvan	Vidiš, Ivan	U	-	
ParlaMint-HR-en_2021-07-14-0	ParlaMint-HR_2021-07-14-0.u55788	Minutes of the National Assembly of the Republic of Croatia, Term 10, Session 7	2021-07-14	Unicameralism	10. mandat	-	Zasedanje 7	2021-07-15	-	COVID	English	Chairperson	MP	notMinister	HDZ	Hrvatska demokratska zajednica	Coalition	Centre-right	ReinerŽeljko	Reiner, Željko	M	1953	
ParlaMint-HR-en_2021-07-14-0	ParlaMint-HR_2021-07-14-0.u55789	Minutes of the National Assembly of the Republic of Croatia, Term 10, Session 7	2021-07-14	Unicameralism	10. mandat	-	Zasedanje 7	2021-07-15	-	COVID	English	Regular	MP	notMinister	SDP	Socijaldemokratska partija Hrvatske	Coalition	Centre-left	VlašićIljkićMartina	Vlašić Iljkić, Martina	F	1982	
ParlaMint-HR-en_2021-07-14-0	ParlaMint-HR_2021-07-14-0.u55790	Minutes of the National Assembly of the Republic of Croatia, Term 10, Session 7	2021-07-14	Unicameralism	10. mandat	-	Zasedanje 7	2021-07-15	-	COVID	English	Chairperson	MP	notMinister	HDZ	Hrvatska demokratska zajednica	Coalition	Centre-right	ReinerŽeljko	Reiner, Željko	M	1953	
ParlaMint-HR-en_2021-07-14-0	ParlaMint-HR_2021-07-14-0.u56293	Minutes of the National Assembly of the Republic of Croatia, Term 10, Session 7	2021-07-14	Unicameralism	10. mandat	-	Zasedanje 7	2021-07-15	-	COVID	English	Regular	notMP	notMinister	-	-	-	-	VidišIvan	Vidiš, Ivan	U	-	
ParlaMint-HR-en_2021-07-14-0	ParlaMint-HR_2021-07-14-0.u56294	Minutes of the National Assembly of the Republic of Croatia, Term 10, Session 7	2021-07-14	Unicameralism	10. mandat	-	Zasedanje 7	2021-07-15	-	COVID	English	Chairperson	MP	notMinister	HDZ	Hrvatska demokratska zajednica	Coalition	Centre-right	ReinerŽeljko	Reiner, Željko	M	1953	
ParlaMint-HR-en_2021-07-14-0	ParlaMint-HR_2021-07-14-0.u56295	Minutes of the National Assembly of the Republic of Croatia, Term 10, Session 7	2021-07-14	Unicameralism	10. mandat	-	Zasedanje 7	2021-07-15	-	COVID	English	Regular	MP	notMinister	nezavisni	nezavisni	-	-	NađVesna	Nađ, Vesna	F	1955	
ParlaMint-HR-en_2021-07-14-0	ParlaMint-HR_2021-07-14-0.u56296	Minutes of the National Assembly of the Republic of Croatia, Term 10, Session 7	2021-07-14	Unicameralism	10. mandat	-	Zasedanje 7	2021-07-15	-	COVID	English	Chairperson	MP	notMinister	HDZ	Hrvatska demokratska zajednica	Coalition	Centre-right	ReinerŽeljko	Reiner, Željko	M	1953	
ParlaMint-HR-en_2021-07-14-0	ParlaMint-HR_2021-07-14-0.u56297	Minutes of the National Assembly of the Republic of Croatia, Term 10, Session 7	2021-07-14	Unicameralism	10. mandat	-	Zasedanje 7	2021-07-15	-	COVID	English	Regular	notMP	notMinister	-	-	-	-	VidišIvan	Vidiš, Ivan	U	-	
ParlaMint-HR-en_2021-07-14-0	ParlaMint-HR_2021-07-14-0.u56298	Minutes of the National Assembly of the Republic of Croatia, Term 10, Session 7	2021-07-14	Unicameralism	10. mandat	-	Zasedanje 7	2021-07-15	-	COVID	English	Chairperson	MP	notMinister	HDZ	Hrvatska demokratska zajednica	Coalition	Centre-right	ReinerŽeljko	Reiner, Željko	M	1953	
ParlaMint-HR-en_2021-07-14-0	ParlaMint-HR_2021-07-14-0.u56299	Minutes of the National Assembly of the Republic of Croatia, Term 10, Session 7	2021-07-14	Unicameralism	10. mandat	-	Zasedanje 7	2021-07-15	-	COVID	English	Regular	MP	notMinister	nezavisni	nezavisni	-	-	BorićRada	Borić, Rada	F	1951	
ParlaMint-HR-en_2021-07-14-0	ParlaMint-HR_2021-07-14-0.u56300	Minutes of the National Assembly of the Republic of Croatia, Term 10, Session 7	2021-07-14	Unicameralism	10. mandat	-	Zasedanje 7	2021-07-15	-	COVID	English	Chairperson	MP	notMinister	HDZ	Hrvatska demokratska zajednica	Coalition	Centre-right	ReinerŽeljko	Reiner, Željko	M	1953	
ParlaMint-HR-en_2021-07-14-0	ParlaMint-HR_2021-07-14-0.u56301	Minutes of the National Assembly of the Republic of Croatia, Term 10, Session 7	2021-07-14	Unicameralism	10. mandat	-	Zasedanje 7	2021-07-15	-	COVID	English	Regular	notMP	notMinister	-	-	-	-	VidišIvan	Vidiš, Ivan	U	-	
ParlaMint-HR-en_2021-07-14-0	ParlaMint-HR_2021-07-14-0.u56302	Minutes of the National Assembly of the Republic of Croatia, Term 10, Session 7	2021-07-14	Unicameralism	10. mandat	-	Zasedanje 7	2021-07-15	-	COVID	English	Chairperson	MP	notMinister	HDZ	Hrvatska demokratska zajednica	Coalition	Centre-right	ReinerŽeljko	Reiner, Željko	M	1953	
ParlaMint-HR-en_2021-07-14-0	ParlaMint-HR_2021-07-14-0.u56303	Minutes of the National Assembly of the Republic of Croatia, Term 10, Session 7	2021-07-14	Unicameralism	10. mandat	-	Zasedanje 7	2021-07-15	-	COVID	English	Regular	MP	notMinister	ZK	Zeleno–lijeva koalicija	Coalition	Left	RaukarGamulinUrša	Raukar-Gamulin, Urša	F	1960	
ParlaMint-HR-en_2021-07-14-0	ParlaMint-HR_2021-07-14-0.u56304	Minutes of the National Assembly of the Republic of Croatia, Term 10, Session 7	2021-07-14	Unicameralism	10. mandat	-	Zasedanje 7	2021-07-15	-	COVID	English	Chairperson	MP	notMinister	HDZ	Hrvatska demokratska zajednica	Coalition	Centre-right	ReinerŽeljko	Reiner, Željko	M	1953	
ParlaMint-HR-en_2021-07-14-0	ParlaMint-HR_2021-07-14-0.u56305	Minutes of the National Assembly of the Republic of Croatia, Term 10, Session 7	2021-07-14	Unicameralism	10. mandat	-	Zasedanje 7	2021-07-15	-	COVID	English	Regular	notMP	notMinister	-	-	-	-	VidišIvan	Vidiš, Ivan	U	-	
ParlaMint-HR-en_2021-07-14-0	ParlaMint-HR_2021-07-14-0.u56306	Minutes of the National Assembly of the Republic of Croatia, Term 10, Session 7	2021-07-14	Unicameralism	10. mandat	-	Zasedanje 7	2021-07-15	-	COVID	English	Chairperson	MP	notMinister	HDZ	Hrvatska demokratska zajednica	Coalition	Centre-right	ReinerŽeljko	Reiner, Željko	M	1953	
ParlaMint-HR-en_2021-07-14-0	ParlaMint-HR_2021-07-14-0.u56307	Minutes of the National Assembly of the Republic of Croatia, Term 10, Session 7	2021-07-14	Unicameralism	10. mandat	-	Zasedanje 7	2021-07-15	-	COVID	English	Regular	MP	notMinister	ZK	Zeleno–lijeva koalicija	Coalition	Left	RaukarGamulinUrša	Raukar-Gamulin, Urša	F	1960	
ParlaMint-HR-en_2021-07-14-0	ParlaMint-HR_2021-07-14-0.u56308	Minutes of the National Assembly of the Republic of Croatia, Term 10, Session 7	2021-07-14	Unicameralism	10. mandat	-	Zasedanje 7	2021-07-15	-	COVID	English	Chairperson	MP	notMinister	HDZ	Hrvatska demokratska zajednica	Coalition	Centre-right	ReinerŽeljko	Reiner, Željko	M	1953	
ParlaMint-HR-en_2021-07-14-0	ParlaMint-HR_2021-07-14-0.u56309	Minutes of the National Assembly of the Republic of Croatia, Term 10, Session 7	2021-07-14	Unicameralism	10. mandat	-	Zasedanje 7	2021-07-15	-	COVID	English	Regular	notMP	notMinister	-	-	-	-	VidišIvan	Vidiš, Ivan	U	-	
ParlaMint-HR-en_2021-07-14-0	ParlaMint-HR_2021-07-14-0.u56310	Minutes of the National Assembly of the Republic of Croatia, Term 10, Session 7	2021-07-14	Unicameralism	10. mandat	-	Zasedanje 7	2021-07-15	-	COVID	English	Chairperson	MP	notMinister	HDZ	Hrvatska demokratska zajednica	Coalition	Centre-right	ReinerŽeljko	Reiner, Željko	M	1953	
ParlaMint-HR-en_2021-07-14-0	ParlaMint-HR_2021-07-14-0.u56311	Minutes of the National Assembly of the Republic of Croatia, Term 10, Session 7	2021-07-14	Unicameralism	10. mandat	-	Zasedanje 7	2021-07-15	-	COVID	English	Regular	MP	notMinister	nezavisni	nezavisni	-	-	BorićRada	Borić, Rada	F	1951	
ParlaMint-HR-en_2021-07-14-0	ParlaMint-HR_2021-07-14-0.u56312	Minutes of the National Assembly of the Republic of Croatia, Term 10, Session 7	2021-07-14	Unicameralism	10. mandat	-	Zasedanje 7	2021-07-15	-	COVID	English	Chairperson	MP	notMinister	HDZ	Hrvatska demokratska zajednica	Coalition	Centre-right	ReinerŽeljko	Reiner, Željko	M	1953	
ParlaMint-HR-en_2021-07-14-0	ParlaMint-HR_2021-07-14-0.u57342	Minutes of the National Assembly of the Republic of Croatia, Term 10, Session 7	2021-07-14	Unicameralism	10. mandat	-	Zasedanje 7	2021-07-15	-	COVID	English	Regular	notMP	notMinister	-	-	-	-	HorvatMile	Horvat, Mile	M	1959	
ParlaMint-HR-en_2021-07-14-0	ParlaMint-HR_2021-07-14-0.u57343	Minutes of the National Assembly of the Republic of Croatia, Term 10, Session 7	2021-07-14	Unicameralism	10. mandat	-	Zasedanje 7	2021-07-15	-	COVID	English	Chairperson	MP	notMinister	HDZ	Hrvatska demokratska zajednica	Coalition	Centre-right	ReinerŽeljko	Reiner, Željko	M	1953	
ParlaMint-HR-en_2021-07-14-0	ParlaMint-HR_2021-07-14-0.u57344	Minutes of the National Assembly of the Republic of Croatia, Term 10, Session 7	2021-07-14	Unicameralism	10. mandat	-	Zasedanje 7	2021-07-15	-	COVID	English	Regular	notMP	notMinister	-	-	-	-	HorvatMile	Horvat, Mile	M	1959	
ParlaMint-HR-en_2021-07-14-0	ParlaMint-HR_2021-07-14-0.u57345	Minutes of the National Assembly of the Republic of Croatia, Term 10, Session 7	2021-07-14	Unicameralism	10. mandat	-	Zasedanje 7	2021-07-15	-	COVID	English	Chairperson	MP	notMinister	HDZ	Hrvatska demokratska zajednica	Coalition	Centre-right	ReinerŽeljko	Reiner, Željko	M	1953	
ParlaMint-HR-en_2021-07-14-0	ParlaMint-HR_2021-07-14-0.u57346	Minutes of the National Assembly of the Republic of Croatia, Term 10, Session 7	2021-07-14	Unicameralism	10. mandat	-	Zasedanje 7	2021-07-15	-	COVID	English	Regular	notMP	notMinister	-	-	-	-	HorvatMile	Horvat, Mile	M	1959	
ParlaMint-HR-en_2021-07-14-0	ParlaMint-HR_2021-07-14-0.u57347	Minutes of the National Assembly of the Republic of Croatia, Term 10, Session 7	2021-07-14	Unicameralism	10. mandat	-	Zasedanje 7	2021-07-15	-	COVID	English	Chairperson	MP	notMinister	HDZ	Hrvatska demokratska zajednica	Coalition	Centre-right	ReinerŽeljko	Reiner, Željko	M	1953	
ParlaMint-HR-en_2021-07-14-0	ParlaMint-HR_2021-07-14-0.u57348	Minutes of the National Assembly of the Republic of Croatia, Term 10, Session 7	2021-07-14	Unicameralism	10. mandat	-	Zasedanje 7	2021-07-15	-	COVID	English	Regular	MP	notMinister	SDP	Socijaldemokratska partija Hrvatske	Coalition	Centre-left	AhmetovićMirela	Ahmetović, Mirela	F	1981	
ParlaMint-HR-en_2021-07-14-0	ParlaMint-HR_2021-07-14-0.u57349	Minutes of the National Assembly of the Republic of Croatia, Term 10, Session 7	2021-07-14	Unicameralism	10. mandat	-	Zasedanje 7	2021-07-15	-	COVID	English	Chairperson	MP	notMinister	HDZ	Hrvatska demokratska zajednica	Coalition	Centre-right	ReinerŽeljko	Reiner, Željko	M	1953	
ParlaMint-HR-en_2021-07-14-0	ParlaMint-HR_2021-07-14-0.u57350	Minutes of the National Assembly of the Republic of Croatia, Term 10, Session 7	2021-07-14	Unicameralism	10. mandat	-	Zasedanje 7	2021-07-15	-	COVID	English	Regular	MP	notMinister	SDP	Socijaldemokratska partija Hrvatske	Coalition	Centre-left	AhmetovićMirela	Ahmetović, Mirela	F	1981	
ParlaMint-HR-en_2021-07-14-0	ParlaMint-HR_2021-07-14-0.u57351	Minutes of the National Assembly of the Republic of Croatia, Term 10, Session 7	2021-07-14	Unicameralism	10. mandat	-	Zasedanje 7	2021-07-15	-	COVID	English	Chairperson	MP	notMinister	HDZ	Hrvatska demokratska zajednica	Coalition	Centre-right	ReinerŽeljko	Reiner, Željko	M	1953	
ParlaMint-HR-en_2021-07-14-0	ParlaMint-HR_2021-07-14-0.u57352	Minutes of the National Assembly of the Republic of Croatia, Term 10, Session 7	2021-07-14	Unicameralism	10. mandat	-	Zasedanje 7	2021-07-15	-	COVID	English	Regular	notMP	notMinister	-	-	-	-	HorvatMile	Horvat, Mile	M	1959	
ParlaMint-HR-en_2021-07-14-0	ParlaMint-HR_2021-07-14-0.u57353	Minutes of the National Assembly of the Republic of Croatia, Term 10, Session 7	2021-07-14	Unicameralism	10. mandat	-	Zasedanje 7	2021-07-15	-	COVID	English	Chairperson	MP	notMinister	HDZ	Hrvatska demokratska zajednica	Coalition	Centre-right	ReinerŽeljko	Reiner, Željko	M	1953	
ParlaMint-HR-en_2021-07-14-0	ParlaMint-HR_2021-07-14-0.u57354	Minutes of the National Assembly of the Republic of Croatia, Term 10, Session 7	2021-07-14	Unicameralism	10. mandat	-	Zasedanje 7	2021-07-15	-	COVID	English	Regular	MP	notMinister	IDS	Istarski demokratski sabor	Coalition	Centre to centre-left	NemetKatarina	Nemet, Katarina	F	1976	
ParlaMint-HR-en_2021-07-14-0	ParlaMint-HR_2021-07-14-0.u57355	Minutes of the National Assembly of the Republic of Croatia, Term 10, Session 7	2021-07-14	Unicameralism	10. mandat	-	Zasedanje 7	2021-07-15	-	COVID	English	Chairperson	MP	notMinister	HDZ	Hrvatska demokratska zajednica	Coalition	Centre-right	ReinerŽeljko	Reiner, Željko	M	1953	
ParlaMint-HR-en_2021-07-14-0	ParlaMint-HR_2021-07-14-0.u57356	Minutes of the National Assembly of the Republic of Croatia, Term 10, Session 7	2021-07-14	Unicameralism	10. mandat	-	Zasedanje 7	2021-07-15	-	COVID	English	Regular	notMP	notMinister	-	-	-	-	HorvatMile	Horvat, Mile	M	1959	
ParlaMint-HR-en_2021-07-14-0	ParlaMint-HR_2021-07-14-0.u57357	Minutes of the National Assembly of the Republic of Croatia, Term 10, Session 7	2021-07-14	Unicameralism	10. mandat	-	Zasedanje 7	2021-07-15	-	COVID	English	Chairperson	MP	notMinister	HDZ	Hrvatska demokratska zajednica	Coalition	Centre-right	ReinerŽeljko	Reiner, Željko	M	1953	
ParlaMint-HR-en_2021-07-14-0	ParlaMint-HR_2021-07-14-0.u57358	Minutes of the National Assembly of the Republic of Croatia, Term 10, Session 7	2021-07-14	Unicameralism	10. mandat	-	Zasedanje 7	2021-07-15	-	COVID	English	Regular	MP	notMinister	IDS	Istarski demokratski sabor	Coalition	Centre to centre-left	NemetKatarina	Nemet, Katarina	F	1976	
ParlaMint-HR-en_2021-07-14-0	ParlaMint-HR_2021-07-14-0.u57359	Minutes of the National Assembly of the Republic of Croatia, Term 10, Session 7	2021-07-14	Unicameralism	10. mandat	-	Zasedanje 7	2021-07-15	-	COVID	English	Chairperson	MP	notMinister	HDZ	Hrvatska demokratska zajednica	Coalition	Centre-right	ReinerŽeljko	Reiner, Željko	M	1953	
ParlaMint-HR-en_2021-07-14-0	ParlaMint-HR_2021-07-14-0.u57360	Minutes of the National Assembly of the Republic of Croatia, Term 10, Session 7	2021-07-14	Unicameralism	10. mandat	-	Zasedanje 7	2021-07-15	-	COVID	English	Regular	notMP	notMinister	-	-	-	-	HorvatMile	Horvat, Mile	M	1959	
ParlaMint-HR-en_2021-07-14-0	ParlaMint-HR_2021-07-14-0.u57361	Minutes of the National Assembly of the Republic of Croatia, Term 10, Session 7	2021-07-14	Unicameralism	10. mandat	-	Zasedanje 7	2021-07-15	-	COVID	English	Chairperson	MP	notMinister	HDZ	Hrvatska demokratska zajednica	Coalition	Centre-right	ReinerŽeljko	Reiner, Željko	M	1953	
ParlaMint-HR-en_2021-07-14-0	ParlaMint-HR_2021-07-14-0.u57362	Minutes of the National Assembly of the Republic of Croatia, Term 10, Session 7	2021-07-14	Unicameralism	10. mandat	-	Zasedanje 7	2021-07-15	-	COVID	English	Regular	MP	notMinister	HDZ	Hrvatska demokratska zajednica	Coalition	Centre-right	ĐakićJosip	Đakić, Josip	M	1960	
ParlaMint-HR-en_2021-07-14-0	ParlaMint-HR_2021-07-14-0.u57363	Minutes of the National Assembly of the Republic of Croatia, Term 10, Session 7	2021-07-14	Unicameralism	10. mandat	-	Zasedanje 7	2021-07-15	-	COVID	English	Chairperson	MP	notMinister	HDZ	Hrvatska demokratska zajednica	Coalition	Centre-right	ReinerŽeljko	Reiner, Željko	M	1953	
ParlaMint-HR-en_2021-07-14-0	ParlaMint-HR_2021-07-14-0.u57631	Minutes of the National Assembly of the Republic of Croatia, Term 10, Session 7	2021-07-14	Unicameralism	10. mandat	-	Zasedanje 7	2021-07-15	-	COVID	English	Regular	notMP	notMinister	-	-	-	-	MilatićIvo	Milatić, Ivo	U	-	
ParlaMint-HR-en_2021-07-14-0	ParlaMint-HR_2021-07-14-0.u57632	Minutes of the National Assembly of the Republic of Croatia, Term 10, Session 7	2021-07-14	Unicameralism	10. mandat	-	Zasedanje 7	2021-07-15	-	COVID	English	Chairperson	MP	notMinister	HDZ	Hrvatska demokratska zajednica	Coalition	Centre-right	ReinerŽeljko	Reiner, Željko	M	1953	
ParlaMint-HR-en_2021-07-14-0	ParlaMint-HR_2021-07-14-0.u57633	Minutes of the National Assembly of the Republic of Croatia, Term 10, Session 7	2021-07-14	Unicameralism	10. mandat	-	Zasedanje 7	2021-07-15	-	COVID	English	Regular	MP	notMinister	IDS	Istarski demokratski sabor	Coalition	Centre to centre-left	DausEmil	Daus, Emil	M	1977	
ParlaMint-HR-en_2021-07-14-0	ParlaMint-HR_2021-07-14-0.u57634	Minutes of the National Assembly of the Republic of Croatia, Term 10, Session 7	2021-07-14	Unicameralism	10. mandat	-	Zasedanje 7	2021-07-15	-	COVID	English	Chairperson	MP	notMinister	HDZ	Hrvatska demokratska zajednica	Coalition	Centre-right	ReinerŽeljko	Reiner, Željko	M	1953	
ParlaMint-HR-en_2021-07-14-0	ParlaMint-HR_2021-07-14-0.u57635	Minutes of the National Assembly of the Republic of Croatia, Term 10, Session 7	2021-07-14	Unicameralism	10. mandat	-	Zasedanje 7	2021-07-15	-	COVID	English	Regular	notMP	notMinister	-	-	-	-	MilatićIvo	Milatić, Ivo	U	-	
ParlaMint-HR-en_2021-07-14-0	ParlaMint-HR_2021-07-14-0.u57636	Minutes of the National Assembly of the Republic of Croatia, Term 10, Session 7	2021-07-14	Unicameralism	10. mandat	-	Zasedanje 7	2021-07-15	-	COVID	English	Chairperson	MP	notMinister	HDZ	Hrvatska demokratska zajednica	Coalition	Centre-right	ReinerŽeljko	Reiner, Željko	M	1953	
ParlaMint-HR-en_2021-07-14-0	ParlaMint-HR_2021-07-14-0.u57637	Minutes of the National Assembly of the Republic of Croatia, Term 10, Session 7	2021-07-14	Unicameralism	10. mandat	-	Zasedanje 7	2021-07-15	-	COVID	English	Regular	MP	notMinister	SDP	Socijaldemokratska partija Hrvatske	Coalition	Centre-left	AhmetovićMirela	Ahmetović, Mirela	F	1981	
ParlaMint-HR-en_2021-07-14-0	ParlaMint-HR_2021-07-14-0.u57638	Minutes of the National Assembly of the Republic of Croatia, Term 10, Session 7	2021-07-14	Unicameralism	10. mandat	-	Zasedanje 7	2021-07-15	-	COVID	English	Chairperson	MP	notMinister	HDZ	Hrvatska demokratska zajednica	Coalition	Centre-right	ReinerŽeljko	Reiner, Željko	M	1953	
ParlaMint-HR-en_2021-07-14-0	ParlaMint-HR_2021-07-14-0.u57639	Minutes of the National Assembly of the Republic of Croatia, Term 10, Session 7	2021-07-14	Unicameralism	10. mandat	-	Zasedanje 7	2021-07-15	-	COVID	English	Regular	notMP	notMinister	-	-	-	-	MilatićIvo	Milatić, Ivo	U	-	
ParlaMint-HR-en_2021-07-14-0	ParlaMint-HR_2021-07-14-0.u57640	Minutes of the National Assembly of the Republic of Croatia, Term 10, Session 7	2021-07-14	Unicameralism	10. mandat	-	Zasedanje 7	2021-07-15	-	COVID	English	Chairperson	MP	notMinister	HDZ	Hrvatska demokratska zajednica	Coalition	Centre-right	ReinerŽeljko	Reiner, Željko	M	1953	
ParlaMint-HR-en_2021-07-14-0	ParlaMint-HR_2021-07-14-0.u57641	Minutes of the National Assembly of the Republic of Croatia, Term 10, Session 7	2021-07-14	Unicameralism	10. mandat	-	Zasedanje 7	2021-07-15	-	COVID	English	Regular	MP	notMinister	HDZ	Hrvatska demokratska zajednica	Coalition	Centre-right	TotgergeliMiro	Totgergeli, Miro	M	1971	
ParlaMint-HR-en_2021-07-14-0	ParlaMint-HR_2021-07-14-0.u57642	Minutes of the National Assembly of the Republic of Croatia, Term 10, Session 7	2021-07-14	Unicameralism	10. mandat	-	Zasedanje 7	2021-07-15	-	COVID	English	Chairperson	MP	notMinister	HDZ	Hrvatska demokratska zajednica	Coalition	Centre-right	ReinerŽeljko	Reiner, Željko	M	1953	
ParlaMint-HR-en_2021-07-14-0	ParlaMint-HR_2021-07-14-0.u57643	Minutes of the National Assembly of the Republic of Croatia, Term 10, Session 7	2021-07-14	Unicameralism	10. mandat	-	Zasedanje 7	2021-07-15	-	COVID	English	Regular	notMP	notMinister	-	-	-	-	MilatićIvo	Milatić, Ivo	U	-	
ParlaMint-HR-en_2021-07-14-0	ParlaMint-HR_2021-07-14-0.u57644	Minutes of the National Assembly of the Republic of Croatia, Term 10, Session 7	2021-07-14	Unicameralism	10. mandat	-	Zasedanje 7	2021-07-15	-	COVID	English	Chairperson	MP	notMinister	HDZ	Hrvatska demokratska zajednica	Coalition	Centre-right	ReinerŽeljko	Reiner, Željko	M	1953	
ParlaMint-HR-en_2021-07-14-0	ParlaMint-HR_2021-07-14-0.u57645	Minutes of the National Assembly of the Republic of Croatia, Term 10, Session 7	2021-07-14	Unicameralism	10. mandat	-	Zasedanje 7	2021-07-15	-	COVID	English	Regular	MP	notMinister	nezavisni	nezavisni	-	-	PavićŽeljko	Pavić, Željko	M	1963	
ParlaMint-HR-en_2021-07-14-0	ParlaMint-HR_2021-07-14-0.u57646	Minutes of the National Assembly of the Republic of Croatia, Term 10, Session 7	2021-07-14	Unicameralism	10. mandat	-	Zasedanje 7	2021-07-15	-	COVID	English	Chairperson	MP	notMinister	HDZ	Hrvatska demokratska zajednica	Coalition	Centre-right	ReinerŽeljko	Reiner, Željko	M	1953	
ParlaMint-HR-en_2021-07-14-0	ParlaMint-HR_2021-07-14-0.u57647	Minutes of the National Assembly of the Republic of Croatia, Term 10, Session 7	2021-07-14	Unicameralism	10. mandat	-	Zasedanje 7	2021-07-15	-	COVID	English	Regular	notMP	notMinister	-	-	-	-	MilatićIvo	Milatić, Ivo	U	-	
ParlaMint-HR-en_2021-07-14-0	ParlaMint-HR_2021-07-14-0.u57648	Minutes of the National Assembly of the Republic of Croatia, Term 10, Session 7	2021-07-14	Unicameralism	10. mandat	-	Zasedanje 7	2021-07-15	-	COVID	English	Chairperson	MP	notMinister	HDZ	Hrvatska demokratska zajednica	Coalition	Centre-right	ReinerŽeljko	Reiner, Željko	M	1953	
ParlaMint-HR-en_2021-07-14-0	ParlaMint-HR_2021-07-14-0.u57649	Minutes of the National Assembly of the Republic of Croatia, Term 10, Session 7	2021-07-14	Unicameralism	10. mandat	-	Zasedanje 7	2021-07-15	-	COVID	English	Regular	MP	notMinister	HDZ	Hrvatska demokratska zajednica	Coalition	Centre-right	BrkanJure	Brkan, Jure	M	1979	
ParlaMint-HR-en_2021-07-14-0	ParlaMint-HR_2021-07-14-0.u57650	Minutes of the National Assembly of the Republic of Croatia, Term 10, Session 7	2021-07-14	Unicameralism	10. mandat	-	Zasedanje 7	2021-07-15	-	COVID	English	Chairperson	MP	notMinister	HDZ	Hrvatska demokratska zajednica	Coalition	Centre-right	ReinerŽeljko	Reiner, Željko	M	1953	
ParlaMint-HR-en_2021-07-14-0	ParlaMint-HR_2021-07-14-0.u57651	Minutes of the National Assembly of the Republic of Croatia, Term 10, Session 7	2021-07-14	Unicameralism	10. mandat	-	Zasedanje 7	2021-07-15	-	COVID	English	Regular	notMP	notMinister	-	-	-	-	MilatićIvo	Milatić, Ivo	U	-	
ParlaMint-HR-en_2021-07-14-0	ParlaMint-HR_2021-07-14-0.u57652	Minutes of the National Assembly of the Republic of Croatia, Term 10, Session 7	2021-07-14	Unicameralism	10. mandat	-	Zasedanje 7	2021-07-15	-	COVID	English	Chairperson	MP	notMinister	HDZ	Hrvatska demokratska zajednica	Coalition	Centre-right	ReinerŽeljko	Reiner, Željko	M	1953	
ParlaMint-HR-en_2021-07-14-0	ParlaMint-HR_2021-07-14-0.u57653	Minutes of the National Assembly of the Republic of Croatia, Term 10, Session 7	2021-07-14	Unicameralism	10. mandat	-	Zasedanje 7	2021-07-15	-	COVID	English	Regular	MP	notMinister	IDS	Istarski demokratski sabor	Coalition	Centre to centre-left	DausEmil	Daus, Emil	M	1977	
ParlaMint-HR-en_2021-07-14-0	ParlaMint-HR_2021-07-14-0.u57654	Minutes of the National Assembly of the Republic of Croatia, Term 10, Session 7	2021-07-14	Unicameralism	10. mandat	-	Zasedanje 7	2021-07-15	-	COVID	English	Chairperson	MP	notMinister	HDZ	Hrvatska demokratska zajednica	Coalition	Centre-right	ReinerŽeljko	Reiner, Željko	M	1953	
ParlaMint-HR-en_2021-07-14-0	ParlaMint-HR_2021-07-14-0.u57655	Minutes of the National Assembly of the Republic of Croatia, Term 10, Session 7	2021-07-14	Unicameralism	10. mandat	-	Zasedanje 7	2021-07-15	-	COVID	English	Regular	MP	notMinister	SDP	Socijaldemokratska partija Hrvatske	Coalition	Centre-left	AhmetovićMirela	Ahmetović, Mirela	F	1981	
ParlaMint-HR-en_2021-07-14-0	ParlaMint-HR_2021-07-14-0.u57656	Minutes of the National Assembly of the Republic of Croatia, Term 10, Session 7	2021-07-14	Unicameralism	10. mandat	-	Zasedanje 7	2021-07-15	-	COVID	English	Chairperson	MP	notMinister	HDZ	Hrvatska demokratska zajednica	Coalition	Centre-right	ReinerŽeljko	Reiner, Željko	M	1953	
ParlaMint-HR-en_2021-07-14-0	ParlaMint-HR_2021-07-14-0.u57657	Minutes of the National Assembly of the Republic of Croatia, Term 10, Session 7	2021-07-14	Unicameralism	10. mandat	-	Zasedanje 7	2021-07-15	-	COVID	English	Regular	MP	notMinister	HDZ	Hrvatska demokratska zajednica	Coalition	Centre-right	TotgergeliMiro	Totgergeli, Miro	M	1971	
ParlaMint-HR-en_2021-07-14-0	ParlaMint-HR_2021-07-14-0.u57658	Minutes of the National Assembly of the Republic of Croatia, Term 10, Session 7	2021-07-14	Unicameralism	10. mandat	-	Zasedanje 7	2021-07-15	-	COVID	English	Chairperson	MP	notMinister	HDZ	Hrvatska demokratska zajednica	Coalition	Centre-right	ReinerŽeljko	Reiner, Željko	M	1953	
ParlaMint-HR-en_2021-07-14-0	ParlaMint-HR_2021-07-14-0.u57659	Minutes of the National Assembly of the Republic of Croatia, Term 10, Session 7	2021-07-14	Unicameralism	10. mandat	-	Zasedanje 7	2021-07-15	-	COVID	English	Regular	MP	notMinister	nezavisni	nezavisni	-	-	BernardićDavor	Bernardić, Davor	M	1980	
ParlaMint-HR-en_2021-07-14-0	ParlaMint-HR_2021-07-14-0.u57660	Minutes of the National Assembly of the Republic of Croatia, Term 10, Session 7	2021-07-14	Unicameralism	10. mandat	-	Zasedanje 7	2021-07-15	-	COVID	English	Chairperson	MP	notMinister	HDZ	Hrvatska demokratska zajednica	Coalition	Centre-right	ReinerŽeljko	Reiner, Željko	M	1953	
ParlaMint-HR-en_2021-07-14-0	ParlaMint-HR_2021-07-14-0.u57661	Minutes of the National Assembly of the Republic of Croatia, Term 10, Session 7	2021-07-14	Unicameralism	10. mandat	-	Zasedanje 7	2021-07-15	-	COVID	English	Regular	MP	notMinister	MOST	Most nezavisnih lista	Opposition	Centre-right to right	GrmojaNikola	Grmoja, Nikola	M	1981	
ParlaMint-HR-en_2021-07-14-0	ParlaMint-HR_2021-07-14-0.u57662	Minutes of the National Assembly of the Republic of Croatia, Term 10, Session 7	2021-07-14	Unicameralism	10. mandat	-	Zasedanje 7	2021-07-15	-	COVID	English	Chairperson	MP	notMinister	HDZ	Hrvatska demokratska zajednica	Coalition	Centre-right	ReinerŽeljko	Reiner, Željko	M	1953	
ParlaMint-HR-en_2021-07-14-0	ParlaMint-HR_2021-07-14-0.u57663	Minutes of the National Assembly of the Republic of Croatia, Term 10, Session 7	2021-07-14	Unicameralism	10. mandat	-	Zasedanje 7	2021-07-15	-	COVID	English	Regular	MP	notMinister	nezavisni	nezavisni	-	-	BernardićDavor	Bernardić, Davor	M	1980	
ParlaMint-HR-en_2021-07-14-0	ParlaMint-HR_2021-07-14-0.u57664	Minutes of the National Assembly of the Republic of Croatia, Term 10, Session 7	2021-07-14	Unicameralism	10. mandat	-	Zasedanje 7	2021-07-15	-	COVID	English	Chairperson	MP	notMinister	HDZ	Hrvatska demokratska zajednica	Coalition	Centre-right	ReinerŽeljko	Reiner, Željko	M	1953	
ParlaMint-HR-en_2021-07-14-0	ParlaMint-HR_2021-07-14-0.u57665	Minutes of the National Assembly of the Republic of Croatia, Term 10, Session 7	2021-07-14	Unicameralism	10. mandat	-	Zasedanje 7	2021-07-15	-	COVID	English	Regular	MP	notMinister	nezavisni	nezavisni	-	-	PavićŽeljko	Pavić, Željko	M	1963	
ParlaMint-HR-en_2021-07-14-0	ParlaMint-HR_2021-07-14-0.u57666	Minutes of the National Assembly of the Republic of Croatia, Term 10, Session 7	2021-07-14	Unicameralism	10. mandat	-	Zasedanje 7	2021-07-15	-	COVID	English	Chairperson	MP	notMinister	HDZ	Hrvatska demokratska zajednica	Coalition	Centre-right	ReinerŽeljko	Reiner, Željko	M	1953	
ParlaMint-HR-en_2021-07-14-0	ParlaMint-HR_2021-07-14-0.u57667	Minutes of the National Assembly of the Republic of Croatia, Term 10, Session 7	2021-07-14	Unicameralism	10. mandat	-	Zasedanje 7	2021-07-15	-	COVID	English	Regular	MP	notMinister	nezavisni	nezavisni	-	-	BernardićDavor	Bernardić, Davor	M	1980	
ParlaMint-HR-en_2021-07-14-0	ParlaMint-HR_2021-07-14-0.u57668	Minutes of the National Assembly of the Republic of Croatia, Term 10, Session 7	2021-07-14	Unicameralism	10. mandat	-	Zasedanje 7	2021-07-15	-	COVID	English	Chairperson	MP	notMinister	HDZ	Hrvatska demokratska zajednica	Coalition	Centre-right	ReinerŽeljko	Reiner, Željko	M	1953	
ParlaMint-HR-en_2021-07-14-0	ParlaMint-HR_2021-07-14-0.u57669	Minutes of the National Assembly of the Republic of Croatia, Term 10, Session 7	2021-07-14	Unicameralism	10. mandat	-	Zasedanje 7	2021-07-15	-	COVID	English	Regular	MP	notMinister	HDZ	Hrvatska demokratska zajednica	Coalition	Centre-right	TotgergeliMiro	Totgergeli, Miro	M	1971	
ParlaMint-HR-en_2021-07-14-0	ParlaMint-HR_2021-07-14-0.u57670	Minutes of the National Assembly of the Republic of Croatia, Term 10, Session 7	2021-07-14	Unicameralism	10. mandat	-	Zasedanje 7	2021-07-15	-	COVID	English	Chairperson	MP	notMinister	HDZ	Hrvatska demokratska zajednica	Coalition	Centre-right	ReinerŽeljko	Reiner, Željko	M	1953	
ParlaMint-HR-en_2021-07-14-0	ParlaMint-HR_2021-07-14-0.u57671	Minutes of the National Assembly of the Republic of Croatia, Term 10, Session 7	2021-07-14	Unicameralism	10. mandat	-	Zasedanje 7	2021-07-15	-	COVID	English	Regular	MP	notMinister	HSS	Hrvatska seljačka stranka	Coalition	Centre to centre-right	LenartŽeljko	Lenart, Željko	M	1968	
ParlaMint-HR-en_2021-07-14-0	ParlaMint-HR_2021-07-14-0.u57672	Minutes of the National Assembly of the Republic of Croatia, Term 10, Session 7	2021-07-14	Unicameralism	10. mandat	-	Zasedanje 7	2021-07-15	-	COVID	English	Chairperson	MP	notMinister	HDZ	Hrvatska demokratska zajednica	Coalition	Centre-right	ReinerŽeljko	Reiner, Željko	M	1953	
ParlaMint-HR-en_2021-07-14-0	ParlaMint-HR_2021-07-14-0.u57673	Minutes of the National Assembly of the Republic of Croatia, Term 10, Session 7	2021-07-14	Unicameralism	10. mandat	-	Zasedanje 7	2021-07-15	-	COVID	English	Regular	MP	notMinister	HDZ	Hrvatska demokratska zajednica	Coalition	Centre-right	TotgergeliMiro	Totgergeli, Miro	M	1971	
ParlaMint-HR-en_2021-07-14-0	ParlaMint-HR_2021-07-14-0.u57674	Minutes of the National Assembly of the Republic of Croatia, Term 10, Session 7	2021-07-14	Unicameralism	10. mandat	-	Zasedanje 7	2021-07-15	-	COVID	English	Chairperson	MP	notMinister	HDZ	Hrvatska demokratska zajednica	Coalition	Centre-right	ReinerŽeljko	Reiner, Željko	M	1953	
ParlaMint-HR-en_2021-07-14-0	ParlaMint-HR_2021-07-14-0.u57675	Minutes of the National Assembly of the Republic of Croatia, Term 10, Session 7	2021-07-14	Unicameralism	10. mandat	-	Zasedanje 7	2021-07-15	-	COVID	English	Regular	MP	notMinister	nezavisni	nezavisni	-	-	PavićŽeljko	Pavić, Željko	M	1963	
ParlaMint-HR-en_2021-07-14-0	ParlaMint-HR_2021-07-14-0.u57676	Minutes of the National Assembly of the Republic of Croatia, Term 10, Session 7	2021-07-14	Unicameralism	10. mandat	-	Zasedanje 7	2021-07-15	-	COVID	English	Chairperson	MP	notMinister	HDZ	Hrvatska demokratska zajednica	Coalition	Centre-right	ReinerŽeljko	Reiner, Željko	M	1953	
ParlaMint-HR-en_2021-07-14-0	ParlaMint-HR_2021-07-14-0.u57677	Minutes of the National Assembly of the Republic of Croatia, Term 10, Session 7	2021-07-14	Unicameralism	10. mandat	-	Zasedanje 7	2021-07-15	-	COVID	English	Regular	MP	notMinister	HDZ	Hrvatska demokratska zajednica	Coalition	Centre-right	TotgergeliMiro	Totgergeli, Miro	M	1971	
ParlaMint-HR-en_2021-07-14-0	ParlaMint-HR_2021-07-14-0.u57678	Minutes of the National Assembly of the Republic of Croatia, Term 10, Session 7	2021-07-14	Unicameralism	10. mandat	-	Zasedanje 7	2021-07-15	-	COVID	English	Chairperson	MP	notMinister	HDZ	Hrvatska demokratska zajednica	Coalition	Centre-right	ReinerŽeljko	Reiner, Željko	M	1953	
ParlaMint-HR-en_2021-07-14-0	ParlaMint-HR_2021-07-14-0.u57679	Minutes of the National Assembly of the Republic of Croatia, Term 10, Session 7	2021-07-14	Unicameralism	10. mandat	-	Zasedanje 7	2021-07-15	-	COVID	English	Regular	MP	notMinister	SDP	Socijaldemokratska partija Hrvatske	Coalition	Centre-left	AhmetovićMirela	Ahmetović, Mirela	F	1981	
ParlaMint-HR-en_2021-07-14-0	ParlaMint-HR_2021-07-14-0.u57680	Minutes of the National Assembly of the Republic of Croatia, Term 10, Session 7	2021-07-14	Unicameralism	10. mandat	-	Zasedanje 7	2021-07-15	-	COVID	English	Chairperson	MP	notMinister	HDZ	Hrvatska demokratska zajednica	Coalition	Centre-right	ReinerŽeljko	Reiner, Željko	M	1953	
ParlaMint-HR-en_2021-07-14-0	ParlaMint-HR_2021-07-14-0.u57682	Minutes of the National Assembly of the Republic of Croatia, Term 10, Session 7	2021-07-14	Unicameralism	10. mandat	-	Zasedanje 7	2021-07-15	-	COVID	English	Regular	MP	notMinister	HDZ	Hrvatska demokratska zajednica	Coalition	Centre-right	TotgergeliMiro	Totgergeli, Miro	M	1971	
ParlaMint-HR-en_2021-07-14-0	ParlaMint-HR_2021-07-14-0.u57683	Minutes of the National Assembly of the Republic of Croatia, Term 10, Session 7	2021-07-14	Unicameralism	10. mandat	-	Zasedanje 7	2021-07-15	-	COVID	English	Chairperson	MP	notMinister	HDZ	Hrvatska demokratska zajednica	Coalition	Centre-right	ReinerŽeljko	Reiner, Željko	M	1953	
ParlaMint-HR-en_2021-07-14-0	ParlaMint-HR_2021-07-14-0.u57684	Minutes of the National Assembly of the Republic of Croatia, Term 10, Session 7	2021-07-14	Unicameralism	10. mandat	-	Zasedanje 7	2021-07-15	-	COVID	English	Regular	MP	notMinister	SDP	Socijaldemokratska partija Hrvatske	Coalition	Centre-left	AhmetovićMirela	Ahmetović, Mirela	F	1981	
ParlaMint-HR-en_2021-07-14-0	ParlaMint-HR_2021-07-14-0.u57685	Minutes of the National Assembly of the Republic of Croatia, Term 10, Session 7	2021-07-14	Unicameralism	10. mandat	-	Zasedanje 7	2021-07-15	-	COVID	English	Chairperson	MP	notMinister	HDZ	Hrvatska demokratska zajednica	Coalition	Centre-right	ReinerŽeljko	Reiner, Željko	M	1953	
ParlaMint-HR-en_2021-07-14-0	ParlaMint-HR_2021-07-14-0.u57686	Minutes of the National Assembly of the Republic of Croatia, Term 10, Session 7	2021-07-14	Unicameralism	10. mandat	-	Zasedanje 7	2021-07-15	-	COVID	English	Regular	MP	notMinister	HDZ	Hrvatska demokratska zajednica	Coalition	Centre-right	TotgergeliMiro	Totgergeli, Miro	M	1971	
ParlaMint-HR-en_2021-07-14-0	ParlaMint-HR_2021-07-14-0.u57687	Minutes of the National Assembly of the Republic of Croatia, Term 10, Session 7	2021-07-14	Unicameralism	10. mandat	-	Zasedanje 7	2021-07-15	-	COVID	English	Chairperson	MP	notMinister	HDZ	Hrvatska demokratska zajednica	Coalition	Centre-right	ReinerŽeljko	Reiner, Željko	M	1953	
ParlaMint-HR-en_2021-07-14-0	ParlaMint-HR_2021-07-14-0.u57688	Minutes of the National Assembly of the Republic of Croatia, Term 10, Session 7	2021-07-14	Unicameralism	10. mandat	-	Zasedanje 7	2021-07-15	-	COVID	English	Regular	MP	notMinister	SDP	Socijaldemokratska partija Hrvatske	Coalition	Centre-left	AhmetovićMirela	Ahmetović, Mirela	F	1981	
ParlaMint-HR-en_2021-07-14-0	ParlaMint-HR_2021-07-14-0.u57689	Minutes of the National Assembly of the Republic of Croatia, Term 10, Session 7	2021-07-14	Unicameralism	10. mandat	-	Zasedanje 7	2021-07-15	-	COVID	English	Chairperson	MP	notMinister	HDZ	Hrvatska demokratska zajednica	Coalition	Centre-right	ReinerŽeljko	Reiner, Željko	M	1953	
ParlaMint-HR-en_2021-07-14-0	ParlaMint-HR_2021-07-14-0.u57690	Minutes of the National Assembly of the Republic of Croatia, Term 10, Session 7	2021-07-14	Unicameralism	10. mandat	-	Zasedanje 7	2021-07-15	-	COVID	English	Regular	notMP	notMinister	-	-	-	-	MilatićIvo	Milatić, Ivo	U	-	
ParlaMint-HR-en_2021-07-14-0	ParlaMint-HR_2021-07-14-0.u57691	Minutes of the National Assembly of the Republic of Croatia, Term 10, Session 7	2021-07-14	Unicameralism	10. mandat	-	Zasedanje 7	2021-07-15	-	COVID	English	Chairperson	MP	notMinister	HDZ	Hrvatska demokratska zajednica	Coalition	Centre-right	ReinerŽeljko	Reiner, Željko	M	1953	
ParlaMint-HR-en_2021-07-14-0	ParlaMint-HR_2021-07-14-0.u57692	Minutes of the National Assembly of the Republic of Croatia, Term 10, Session 7	2021-07-14	Unicameralism	10. mandat	-	Zasedanje 7	2021-07-15	-	COVID	English	Regular	MP	notMinister	SDP	Socijaldemokratska partija Hrvatske	Coalition	Centre-left	AhmetovićMirela	Ahmetović, Mirela	F	1981	
ParlaMint-HR-en_2021-07-14-0	ParlaMint-HR_2021-07-14-0.u57693	Minutes of the National Assembly of the Republic of Croatia, Term 10, Session 7	2021-07-14	Unicameralism	10. mandat	-	Zasedanje 7	2021-07-15	-	COVID	English	Chairperson	MP	notMinister	HDZ	Hrvatska demokratska zajednica	Coalition	Centre-right	ReinerŽeljko	Reiner, Željko	M	1953	
ParlaMint-HR-en_2021-07-14-0	ParlaMint-HR_2021-07-14-0.u57694	Minutes of the National Assembly of the Republic of Croatia, Term 10, Session 7	2021-07-14	Unicameralism	10. mandat	-	Zasedanje 7	2021-07-15	-	COVID	English	Regular	notMP	notMinister	-	-	-	-	MilatićIvo	Milatić, Ivo	U	-	
ParlaMint-HR-en_2021-07-14-0	ParlaMint-HR_2021-07-14-0.u57695	Minutes of the National Assembly of the Republic of Croatia, Term 10, Session 7	2021-07-14	Unicameralism	10. mandat	-	Zasedanje 7	2021-07-15	-	COVID	English	Chairperson	MP	notMinister	HDZ	Hrvatska demokratska zajednica	Coalition	Centre-right	ReinerŽeljko	Reiner, Željko	M	1953	
ParlaMint-HR-en_2021-07-14-0	ParlaMint-HR_2021-07-14-0.u57696	Minutes of the National Assembly of the Republic of Croatia, Term 10, Session 7	2021-07-14	Unicameralism	10. mandat	-	Zasedanje 7	2021-07-15	-	COVID	English	Regular	MP	notMinister	HDZ	Hrvatska demokratska zajednica	Coalition	Centre-right	TotgergeliMiro	Totgergeli, Miro	M	1971	
ParlaMint-HR-en_2021-07-14-0	ParlaMint-HR_2021-07-14-0.u57697	Minutes of the National Assembly of the Republic of Croatia, Term 10, Session 7	2021-07-14	Unicameralism	10. mandat	-	Zasedanje 7	2021-07-15	-	COVID	English	Chairperson	MP	notMinister	HDZ	Hrvatska demokratska zajednica	Coalition	Centre-right	ReinerŽeljko	Reiner, Željko	M	1953	
ParlaMint-HR-en_2021-07-14-0	ParlaMint-HR_2021-07-14-0.u57698	Minutes of the National Assembly of the Republic of Croatia, Term 10, Session 7	2021-07-14	Unicameralism	10. mandat	-	Zasedanje 7	2021-07-15	-	COVID	English	Regular	notMP	notMinister	-	-	-	-	MilatićIvo	Milatić, Ivo	U	-	
ParlaMint-HR-en_2021-07-14-0	ParlaMint-HR_2021-07-14-0.u57699	Minutes of the National Assembly of the Republic of Croatia, Term 10, Session 7	2021-07-14	Unicameralism	10. mandat	-	Zasedanje 7	2021-07-15	-	COVID	English	Chairperson	MP	notMinister	HDZ	Hrvatska demokratska zajednica	Coalition	Centre-right	ReinerŽeljko	Reiner, Željko	M	1953	
ParlaMint-HR-en_2021-07-14-0	ParlaMint-HR_2021-07-14-0.u57700	Minutes of the National Assembly of the Republic of Croatia, Term 10, Session 7	2021-07-14	Unicameralism	10. mandat	-	Zasedanje 7	2021-07-15	-	COVID	English	Regular	MP	notMinister	HDZ	Hrvatska demokratska zajednica	Coalition	Centre-right	BrkanJure	Brkan, Jure	M	1979	
ParlaMint-HR-en_2021-07-14-0	ParlaMint-HR_2021-07-14-0.u57701	Minutes of the National Assembly of the Republic of Croatia, Term 10, Session 7	2021-07-14	Unicameralism	10. mandat	-	Zasedanje 7	2021-07-15	-	COVID	English	Chairperson	MP	notMinister	HDZ	Hrvatska demokratska zajednica	Coalition	Centre-right	ReinerŽeljko	Reiner, Željko	M	1953	
ParlaMint-HR-en_2021-07-14-0	ParlaMint-HR_2021-07-14-0.u57702	Minutes of the National Assembly of the Republic of Croatia, Term 10, Session 7	2021-07-14	Unicameralism	10. mandat	-	Zasedanje 7	2021-07-15	-	COVID	English	Regular	notMP	notMinister	-	-	-	-	MilatićIvo	Milatić, Ivo	U	-	
ParlaMint-HR-en_2021-07-14-0	ParlaMint-HR_2021-07-14-0.u57703	Minutes of the National Assembly of the Republic of Croatia, Term 10, Session 7	2021-07-14	Unicameralism	10. mandat	-	Zasedanje 7	2021-07-15	-	COVID	English	Chairperson	MP	notMinister	HDZ	Hrvatska demokratska zajednica	Coalition	Centre-right	ReinerŽeljko	Reiner, Željko	M	1953	
