Text_ID	ID	Title	Date	Body	Term	Session	Meeting	Sitting	Agenda	Subcorpus	Lang	Speaker_role	Speaker_MP	Speaker_minister	Speaker_party	Speaker_party_name	Party_status	Party_orientation	Speaker_ID	Speaker_name	Speaker_gender	Speaker_birth
ParlaMint-HR-en_2006-10-20-0	ParlaMint-HR_2006-10-20-0.u74676	Minutes of the National Assembly of the Republic of Croatia, Term 5, Session 22	2006-10-20	Unicameralism	5. mandat	-	Zasedanje 22	2006-10-20	-	Reference	English	Regular	MP	notMinister	SDP	Socijaldemokratska partija Hrvatske	Coalition	Centre-left	LučinŠime	Lučin, Šime	M	1958	
ParlaMint-HR-en_2006-10-20-0	ParlaMint-HR_2006-10-20-0.u74677	Minutes of the National Assembly of the Republic of Croatia, Term 5, Session 22	2006-10-20	Unicameralism	5. mandat	-	Zasedanje 22	2006-10-20	-	Reference	English	Chairperson	MP	notMinister	HDZ	Hrvatska demokratska zajednica	Opposition	Centre-right	ŠeksVladimir	Šeks, Vladimir	M	1943	
ParlaMint-HR-en_2006-10-20-0	ParlaMint-HR_2006-10-20-0.u74678	Minutes of the National Assembly of the Republic of Croatia, Term 5, Session 22	2006-10-20	Unicameralism	5. mandat	-	Zasedanje 22	2006-10-20	-	Reference	English	Regular	MP	notMinister	HDZ	Hrvatska demokratska zajednica	Opposition	Centre-right	BošnjakovićDražen	Bošnjaković, Dražen	M	1961	
ParlaMint-HR-en_2006-10-20-0	ParlaMint-HR_2006-10-20-0.u74679	Minutes of the National Assembly of the Republic of Croatia, Term 5, Session 22	2006-10-20	Unicameralism	5. mandat	-	Zasedanje 22	2006-10-20	-	Reference	English	Chairperson	MP	notMinister	HDZ	Hrvatska demokratska zajednica	Opposition	Centre-right	ŠeksVladimir	Šeks, Vladimir	M	1943	
ParlaMint-HR-en_2006-10-20-0	ParlaMint-HR_2006-10-20-0.u74680	Minutes of the National Assembly of the Republic of Croatia, Term 5, Session 22	2006-10-20	Unicameralism	5. mandat	-	Zasedanje 22	2006-10-20	-	Reference	English	Regular	notMP	notMinister	-	-	-	-	MartinčevićJagodaMajska	Martinčević, Jagoda Majska	U	-	
ParlaMint-HR-en_2006-10-20-0	ParlaMint-HR_2006-10-20-0.u74681	Minutes of the National Assembly of the Republic of Croatia, Term 5, Session 22	2006-10-20	Unicameralism	5. mandat	-	Zasedanje 22	2006-10-20	-	Reference	English	Chairperson	MP	notMinister	HDZ	Hrvatska demokratska zajednica	Opposition	Centre-right	ŠeksVladimir	Šeks, Vladimir	M	1943	
ParlaMint-HR-en_2006-10-20-0	ParlaMint-HR_2006-10-20-0.u74682	Minutes of the National Assembly of the Republic of Croatia, Term 5, Session 22	2006-10-20	Unicameralism	5. mandat	-	Zasedanje 22	2006-10-20	-	Reference	English	Regular	MP	notMinister	HSP	Hrvatska stranka prava	Coalition	Far-right	KovačevićPero	Kovačević, Pero	M	1957	
ParlaMint-HR-en_2006-10-20-0	ParlaMint-HR_2006-10-20-0.u74683	Minutes of the National Assembly of the Republic of Croatia, Term 5, Session 22	2006-10-20	Unicameralism	5. mandat	-	Zasedanje 22	2006-10-20	-	Reference	English	Chairperson	MP	notMinister	HDZ	Hrvatska demokratska zajednica	Opposition	Centre-right	ŠeksVladimir	Šeks, Vladimir	M	1943	
ParlaMint-HR-en_2006-10-20-0	ParlaMint-HR_2006-10-20-0.u74684	Minutes of the National Assembly of the Republic of Croatia, Term 5, Session 22	2006-10-20	Unicameralism	5. mandat	-	Zasedanje 22	2006-10-20	-	Reference	English	Regular	MP	notMinister	SDP	Socijaldemokratska partija Hrvatske	Coalition	Centre-left	StazićNenad	Stazić, Nenad	M	1957	
ParlaMint-HR-en_2006-10-20-0	ParlaMint-HR_2006-10-20-0.u74685	Minutes of the National Assembly of the Republic of Croatia, Term 5, Session 22	2006-10-20	Unicameralism	5. mandat	-	Zasedanje 22	2006-10-20	-	Reference	English	Chairperson	MP	notMinister	HDZ	Hrvatska demokratska zajednica	Opposition	Centre-right	ŠeksVladimir	Šeks, Vladimir	M	1943	
ParlaMint-HR-en_2006-10-20-0	ParlaMint-HR_2006-10-20-0.u74686	Minutes of the National Assembly of the Republic of Croatia, Term 5, Session 22	2006-10-20	Unicameralism	5. mandat	-	Zasedanje 22	2006-10-20	-	Reference	English	Regular	MP	notMinister	HDZ	Hrvatska demokratska zajednica	Opposition	Centre-right	BagarićIvan	Bagarić, Ivan	M	1961	
ParlaMint-HR-en_2006-10-20-0	ParlaMint-HR_2006-10-20-0.u74687	Minutes of the National Assembly of the Republic of Croatia, Term 5, Session 22	2006-10-20	Unicameralism	5. mandat	-	Zasedanje 22	2006-10-20	-	Reference	English	Chairperson	MP	notMinister	HDZ	Hrvatska demokratska zajednica	Opposition	Centre-right	ŠeksVladimir	Šeks, Vladimir	M	1943	
ParlaMint-HR-en_2006-10-20-0	ParlaMint-HR_2006-10-20-0.u74688	Minutes of the National Assembly of the Republic of Croatia, Term 5, Session 22	2006-10-20	Unicameralism	5. mandat	-	Zasedanje 22	2006-10-20	-	Reference	English	Regular	MP	notMinister	HSLS	Hrvatska socijalno-liberalna stranka	Coalition	Centre to centre-right	KramarićZlatko	Kramarić, Zlatko	M	1956	
ParlaMint-HR-en_2006-10-20-0	ParlaMint-HR_2006-10-20-0.u74689	Minutes of the National Assembly of the Republic of Croatia, Term 5, Session 22	2006-10-20	Unicameralism	5. mandat	-	Zasedanje 22	2006-10-20	-	Reference	English	Chairperson	MP	notMinister	HDZ	Hrvatska demokratska zajednica	Opposition	Centre-right	ŠeksVladimir	Šeks, Vladimir	M	1943	
ParlaMint-HR-en_2006-10-20-0	ParlaMint-HR_2006-10-20-0.u74690	Minutes of the National Assembly of the Republic of Croatia, Term 5, Session 22	2006-10-20	Unicameralism	5. mandat	-	Zasedanje 22	2006-10-20	-	Reference	English	Regular	MP	notMinister	SDP	Socijaldemokratska partija Hrvatske	Coalition	Centre-left	CrkvenacMato	Crkvenac, Mato	M	1945	
ParlaMint-HR-en_2006-10-20-0	ParlaMint-HR_2006-10-20-0.u74691	Minutes of the National Assembly of the Republic of Croatia, Term 5, Session 22	2006-10-20	Unicameralism	5. mandat	-	Zasedanje 22	2006-10-20	-	Reference	English	Chairperson	MP	notMinister	HDZ	Hrvatska demokratska zajednica	Opposition	Centre-right	MilinovićDarko	Milinović, Darko	M	1963	
ParlaMint-HR-en_2006-10-20-0	ParlaMint-HR_2006-10-20-0.u74692	Minutes of the National Assembly of the Republic of Croatia, Term 5, Session 22	2006-10-20	Unicameralism	5. mandat	-	Zasedanje 22	2006-10-20	-	Reference	English	Regular	MP	notMinister	SDP	Socijaldemokratska partija Hrvatske	Coalition	Centre-left	ArlovićMato	Arlović, Mato	M	1952	
ParlaMint-HR-en_2006-10-20-0	ParlaMint-HR_2006-10-20-0.u74693	Minutes of the National Assembly of the Republic of Croatia, Term 5, Session 22	2006-10-20	Unicameralism	5. mandat	-	Zasedanje 22	2006-10-20	-	Reference	English	Chairperson	MP	notMinister	HDZ	Hrvatska demokratska zajednica	Opposition	Centre-right	MilinovićDarko	Milinović, Darko	M	1963	
ParlaMint-HR-en_2006-10-20-0	ParlaMint-HR_2006-10-20-0.u74694	Minutes of the National Assembly of the Republic of Croatia, Term 5, Session 22	2006-10-20	Unicameralism	5. mandat	-	Zasedanje 22	2006-10-20	-	Reference	English	Regular	MP	notMinister	SDP	Socijaldemokratska partija Hrvatske	Coalition	Centre-left	CrkvenacMato	Crkvenac, Mato	M	1945	
ParlaMint-HR-en_2006-10-20-0	ParlaMint-HR_2006-10-20-0.u74695	Minutes of the National Assembly of the Republic of Croatia, Term 5, Session 22	2006-10-20	Unicameralism	5. mandat	-	Zasedanje 22	2006-10-20	-	Reference	English	Chairperson	MP	notMinister	HDZ	Hrvatska demokratska zajednica	Opposition	Centre-right	MilinovićDarko	Milinović, Darko	M	1963	
ParlaMint-HR-en_2006-10-20-0	ParlaMint-HR_2006-10-20-0.u74696	Minutes of the National Assembly of the Republic of Croatia, Term 5, Session 22	2006-10-20	Unicameralism	5. mandat	-	Zasedanje 22	2006-10-20	-	Reference	English	Regular	MP	notMinister	SDP	Socijaldemokratska partija Hrvatske	Coalition	Centre-left	ArlovićMato	Arlović, Mato	M	1952	
ParlaMint-HR-en_2006-10-20-0	ParlaMint-HR_2006-10-20-0.u74697	Minutes of the National Assembly of the Republic of Croatia, Term 5, Session 22	2006-10-20	Unicameralism	5. mandat	-	Zasedanje 22	2006-10-20	-	Reference	English	Chairperson	MP	notMinister	HDZ	Hrvatska demokratska zajednica	Opposition	Centre-right	MilinovićDarko	Milinović, Darko	M	1963	
ParlaMint-HR-en_2006-10-20-0	ParlaMint-HR_2006-10-20-0.u74698	Minutes of the National Assembly of the Republic of Croatia, Term 5, Session 22	2006-10-20	Unicameralism	5. mandat	-	Zasedanje 22	2006-10-20	-	Reference	English	Regular	MP	notMinister	SDP	Socijaldemokratska partija Hrvatske	Coalition	Centre-left	LekoJosip	Leko, Josip	M	1948	
ParlaMint-HR-en_2006-10-20-0	ParlaMint-HR_2006-10-20-0.u74699	Minutes of the National Assembly of the Republic of Croatia, Term 5, Session 22	2006-10-20	Unicameralism	5. mandat	-	Zasedanje 22	2006-10-20	-	Reference	English	Chairperson	MP	notMinister	HDZ	Hrvatska demokratska zajednica	Opposition	Centre-right	MilinovićDarko	Milinović, Darko	M	1963	
ParlaMint-HR-en_2006-10-20-0	ParlaMint-HR_2006-10-20-0.u74700	Minutes of the National Assembly of the Republic of Croatia, Term 5, Session 22	2006-10-20	Unicameralism	5. mandat	-	Zasedanje 22	2006-10-20	-	Reference	English	Regular	MP	notMinister	SDP	Socijaldemokratska partija Hrvatske	Coalition	Centre-left	KorenikaMiroslav	Korenika, Miroslav	M	1959	
ParlaMint-HR-en_2006-10-20-0	ParlaMint-HR_2006-10-20-0.u74701	Minutes of the National Assembly of the Republic of Croatia, Term 5, Session 22	2006-10-20	Unicameralism	5. mandat	-	Zasedanje 22	2006-10-20	-	Reference	English	Chairperson	MP	notMinister	HDZ	Hrvatska demokratska zajednica	Opposition	Centre-right	MilinovićDarko	Milinović, Darko	M	1963	
ParlaMint-HR-en_2006-10-20-0	ParlaMint-HR_2006-10-20-0.u74702	Minutes of the National Assembly of the Republic of Croatia, Term 5, Session 22	2006-10-20	Unicameralism	5. mandat	-	Zasedanje 22	2006-10-20	-	Reference	English	Regular	MP	notMinister	SDP	Socijaldemokratska partija Hrvatske	Coalition	Centre-left	LekoJosip	Leko, Josip	M	1948	
ParlaMint-HR-en_2006-10-20-0	ParlaMint-HR_2006-10-20-0.u74703	Minutes of the National Assembly of the Republic of Croatia, Term 5, Session 22	2006-10-20	Unicameralism	5. mandat	-	Zasedanje 22	2006-10-20	-	Reference	English	Chairperson	MP	notMinister	HDZ	Hrvatska demokratska zajednica	Opposition	Centre-right	MilinovićDarko	Milinović, Darko	M	1963	
ParlaMint-HR-en_2006-10-20-0	ParlaMint-HR_2006-10-20-0.u74704	Minutes of the National Assembly of the Republic of Croatia, Term 5, Session 22	2006-10-20	Unicameralism	5. mandat	-	Zasedanje 22	2006-10-20	-	Reference	English	Regular	MP	notMinister	HSP	Hrvatska stranka prava	Coalition	Far-right	KovačevićPero	Kovačević, Pero	M	1957	
ParlaMint-HR-en_2006-10-20-0	ParlaMint-HR_2006-10-20-0.u74705	Minutes of the National Assembly of the Republic of Croatia, Term 5, Session 22	2006-10-20	Unicameralism	5. mandat	-	Zasedanje 22	2006-10-20	-	Reference	English	Chairperson	MP	notMinister	HDZ	Hrvatska demokratska zajednica	Opposition	Centre-right	MilinovićDarko	Milinović, Darko	M	1963	
ParlaMint-HR-en_2006-10-20-0	ParlaMint-HR_2006-10-20-0.u74706	Minutes of the National Assembly of the Republic of Croatia, Term 5, Session 22	2006-10-20	Unicameralism	5. mandat	-	Zasedanje 22	2006-10-20	-	Reference	English	Regular	MP	notMinister	SDP	Socijaldemokratska partija Hrvatske	Coalition	Centre-left	LekoJosip	Leko, Josip	M	1948	
ParlaMint-HR-en_2006-10-20-0	ParlaMint-HR_2006-10-20-0.u74707	Minutes of the National Assembly of the Republic of Croatia, Term 5, Session 22	2006-10-20	Unicameralism	5. mandat	-	Zasedanje 22	2006-10-20	-	Reference	English	Chairperson	MP	notMinister	HDZ	Hrvatska demokratska zajednica	Opposition	Centre-right	MilinovićDarko	Milinović, Darko	M	1963	
ParlaMint-HR-en_2006-10-20-0	ParlaMint-HR_2006-10-20-0.u74708	Minutes of the National Assembly of the Republic of Croatia, Term 5, Session 22	2006-10-20	Unicameralism	5. mandat	-	Zasedanje 22	2006-10-20	-	Reference	English	Regular	MP	notMinister	SDP	Socijaldemokratska partija Hrvatske	Coalition	Centre-left	CrkvenacMato	Crkvenac, Mato	M	1945	
ParlaMint-HR-en_2006-10-20-0	ParlaMint-HR_2006-10-20-0.u74709	Minutes of the National Assembly of the Republic of Croatia, Term 5, Session 22	2006-10-20	Unicameralism	5. mandat	-	Zasedanje 22	2006-10-20	-	Reference	English	Chairperson	MP	notMinister	HDZ	Hrvatska demokratska zajednica	Opposition	Centre-right	MilinovićDarko	Milinović, Darko	M	1963	
ParlaMint-HR-en_2006-10-20-0	ParlaMint-HR_2006-10-20-0.u74710	Minutes of the National Assembly of the Republic of Croatia, Term 5, Session 22	2006-10-20	Unicameralism	5. mandat	-	Zasedanje 22	2006-10-20	-	Reference	English	Regular	MP	notMinister	SDP	Socijaldemokratska partija Hrvatske	Coalition	Centre-left	LekoJosip	Leko, Josip	M	1948	
ParlaMint-HR-en_2006-10-20-0	ParlaMint-HR_2006-10-20-0.u74711	Minutes of the National Assembly of the Republic of Croatia, Term 5, Session 22	2006-10-20	Unicameralism	5. mandat	-	Zasedanje 22	2006-10-20	-	Reference	English	Chairperson	MP	notMinister	HDZ	Hrvatska demokratska zajednica	Opposition	Centre-right	MilinovićDarko	Milinović, Darko	M	1963	
ParlaMint-HR-en_2006-10-20-0	ParlaMint-HR_2006-10-20-0.u74712	Minutes of the National Assembly of the Republic of Croatia, Term 5, Session 22	2006-10-20	Unicameralism	5. mandat	-	Zasedanje 22	2006-10-20	-	Reference	English	Regular	MP	notMinister	SDP	Socijaldemokratska partija Hrvatske	Coalition	Centre-left	PeruškoAnton	Peruško, Anton	M	1944	
ParlaMint-HR-en_2006-10-20-0	ParlaMint-HR_2006-10-20-0.u74713	Minutes of the National Assembly of the Republic of Croatia, Term 5, Session 22	2006-10-20	Unicameralism	5. mandat	-	Zasedanje 22	2006-10-20	-	Reference	English	Chairperson	MP	notMinister	HDZ	Hrvatska demokratska zajednica	Opposition	Centre-right	MilinovićDarko	Milinović, Darko	M	1963	
ParlaMint-HR-en_2006-10-20-0	ParlaMint-HR_2006-10-20-0.u74714	Minutes of the National Assembly of the Republic of Croatia, Term 5, Session 22	2006-10-20	Unicameralism	5. mandat	-	Zasedanje 22	2006-10-20	-	Reference	English	Regular	MP	notMinister	SDP	Socijaldemokratska partija Hrvatske	Coalition	Centre-left	StazićNenad	Stazić, Nenad	M	1957	
ParlaMint-HR-en_2006-10-20-0	ParlaMint-HR_2006-10-20-0.u74715	Minutes of the National Assembly of the Republic of Croatia, Term 5, Session 22	2006-10-20	Unicameralism	5. mandat	-	Zasedanje 22	2006-10-20	-	Reference	English	Chairperson	MP	notMinister	HDZ	Hrvatska demokratska zajednica	Opposition	Centre-right	MilinovićDarko	Milinović, Darko	M	1963	
ParlaMint-HR-en_2006-10-20-0	ParlaMint-HR_2006-10-20-0.u74716	Minutes of the National Assembly of the Republic of Croatia, Term 5, Session 22	2006-10-20	Unicameralism	5. mandat	-	Zasedanje 22	2006-10-20	-	Reference	English	Regular	MP	notMinister	SDP	Socijaldemokratska partija Hrvatske	Coalition	Centre-left	PeruškoAnton	Peruško, Anton	M	1944	
ParlaMint-HR-en_2006-10-20-0	ParlaMint-HR_2006-10-20-0.u74717	Minutes of the National Assembly of the Republic of Croatia, Term 5, Session 22	2006-10-20	Unicameralism	5. mandat	-	Zasedanje 22	2006-10-20	-	Reference	English	Chairperson	MP	notMinister	HDZ	Hrvatska demokratska zajednica	Opposition	Centre-right	MilinovićDarko	Milinović, Darko	M	1963	
ParlaMint-HR-en_2006-10-20-0	ParlaMint-HR_2006-10-20-0.u74718	Minutes of the National Assembly of the Republic of Croatia, Term 5, Session 22	2006-10-20	Unicameralism	5. mandat	-	Zasedanje 22	2006-10-20	-	Reference	English	Regular	MP	notMinister	HNS	Hrvatska narodna stranka	Coalition	Centre to centre-left	KapraljevićAntun	Kapraljević, Antun	M	1960	
ParlaMint-HR-en_2006-10-20-0	ParlaMint-HR_2006-10-20-0.u74719	Minutes of the National Assembly of the Republic of Croatia, Term 5, Session 22	2006-10-20	Unicameralism	5. mandat	-	Zasedanje 22	2006-10-20	-	Reference	English	Chairperson	MP	notMinister	HDZ	Hrvatska demokratska zajednica	Opposition	Centre-right	MilinovićDarko	Milinović, Darko	M	1963	
ParlaMint-HR-en_2006-10-20-0	ParlaMint-HR_2006-10-20-0.u74720	Minutes of the National Assembly of the Republic of Croatia, Term 5, Session 22	2006-10-20	Unicameralism	5. mandat	-	Zasedanje 22	2006-10-20	-	Reference	English	Regular	notMP	notMinister	-	-	-	-	MartinčevićJagodaMajska	Martinčević, Jagoda Majska	U	-	
ParlaMint-HR-en_2006-10-20-0	ParlaMint-HR_2006-10-20-0.u74721	Minutes of the National Assembly of the Republic of Croatia, Term 5, Session 22	2006-10-20	Unicameralism	5. mandat	-	Zasedanje 22	2006-10-20	-	Reference	English	Chairperson	MP	notMinister	HDZ	Hrvatska demokratska zajednica	Opposition	Centre-right	MilinovićDarko	Milinović, Darko	M	1963	
ParlaMint-HR-en_2006-10-20-0	ParlaMint-HR_2006-10-20-0.u74722	Minutes of the National Assembly of the Republic of Croatia, Term 5, Session 22	2006-10-20	Unicameralism	5. mandat	-	Zasedanje 22	2006-10-20	-	Reference	English	Regular	notMP	notMinister	-	-	-	-	LesarDragutin	Lesar, Dragutin	M	1956	
ParlaMint-HR-en_2006-10-20-0	ParlaMint-HR_2006-10-20-0.u74723	Minutes of the National Assembly of the Republic of Croatia, Term 5, Session 22	2006-10-20	Unicameralism	5. mandat	-	Zasedanje 22	2006-10-20	-	Reference	English	Chairperson	MP	notMinister	HDZ	Hrvatska demokratska zajednica	Opposition	Centre-right	MilinovićDarko	Milinović, Darko	M	1963	
ParlaMint-HR-en_2006-10-20-0	ParlaMint-HR_2006-10-20-0.u74724	Minutes of the National Assembly of the Republic of Croatia, Term 5, Session 22	2006-10-20	Unicameralism	5. mandat	-	Zasedanje 22	2006-10-20	-	Reference	English	Regular	MP	notMinister	HNS	Hrvatska narodna stranka	Coalition	Centre to centre-left	KapraljevićAntun	Kapraljević, Antun	M	1960	
ParlaMint-HR-en_2006-10-20-0	ParlaMint-HR_2006-10-20-0.u74725	Minutes of the National Assembly of the Republic of Croatia, Term 5, Session 22	2006-10-20	Unicameralism	5. mandat	-	Zasedanje 22	2006-10-20	-	Reference	English	Chairperson	MP	notMinister	HDZ	Hrvatska demokratska zajednica	Opposition	Centre-right	MilinovićDarko	Milinović, Darko	M	1963	
ParlaMint-HR-en_2006-10-20-0	ParlaMint-HR_2006-10-20-0.u74726	Minutes of the National Assembly of the Republic of Croatia, Term 5, Session 22	2006-10-20	Unicameralism	5. mandat	-	Zasedanje 22	2006-10-20	-	Reference	English	Regular	MP	notMinister	SDP	Socijaldemokratska partija Hrvatske	Coalition	Centre-left	StazićNenad	Stazić, Nenad	M	1957	
ParlaMint-HR-en_2006-10-20-0	ParlaMint-HR_2006-10-20-0.u74727	Minutes of the National Assembly of the Republic of Croatia, Term 5, Session 22	2006-10-20	Unicameralism	5. mandat	-	Zasedanje 22	2006-10-20	-	Reference	English	Chairperson	MP	notMinister	HDZ	Hrvatska demokratska zajednica	Opposition	Centre-right	MilinovićDarko	Milinović, Darko	M	1963	
ParlaMint-HR-en_2006-10-20-0	ParlaMint-HR_2006-10-20-0.u74728	Minutes of the National Assembly of the Republic of Croatia, Term 5, Session 22	2006-10-20	Unicameralism	5. mandat	-	Zasedanje 22	2006-10-20	-	Reference	English	Regular	MP	notMinister	HNS	Hrvatska narodna stranka	Coalition	Centre to centre-left	KapraljevićAntun	Kapraljević, Antun	M	1960	
ParlaMint-HR-en_2006-10-20-0	ParlaMint-HR_2006-10-20-0.u74729	Minutes of the National Assembly of the Republic of Croatia, Term 5, Session 22	2006-10-20	Unicameralism	5. mandat	-	Zasedanje 22	2006-10-20	-	Reference	English	Chairperson	MP	notMinister	HDZ	Hrvatska demokratska zajednica	Opposition	Centre-right	MilinovićDarko	Milinović, Darko	M	1963	
ParlaMint-HR-en_2006-10-20-0	ParlaMint-HR_2006-10-20-0.u74730	Minutes of the National Assembly of the Republic of Croatia, Term 5, Session 22	2006-10-20	Unicameralism	5. mandat	-	Zasedanje 22	2006-10-20	-	Reference	English	Regular	MP	notMinister	HNS	Hrvatska narodna stranka	Coalition	Centre to centre-left	DorićMiljenko	Dorić, Miljenko	M	1950	
ParlaMint-HR-en_2006-10-20-0	ParlaMint-HR_2006-10-20-0.u74731	Minutes of the National Assembly of the Republic of Croatia, Term 5, Session 22	2006-10-20	Unicameralism	5. mandat	-	Zasedanje 22	2006-10-20	-	Reference	English	Chairperson	MP	notMinister	HDZ	Hrvatska demokratska zajednica	Opposition	Centre-right	MilinovićDarko	Milinović, Darko	M	1963	
ParlaMint-HR-en_2006-10-20-0	ParlaMint-HR_2006-10-20-0.u74732	Minutes of the National Assembly of the Republic of Croatia, Term 5, Session 22	2006-10-20	Unicameralism	5. mandat	-	Zasedanje 22	2006-10-20	-	Reference	English	Regular	MP	notMinister	HNS	Hrvatska narodna stranka	Coalition	Centre to centre-left	KapraljevićAntun	Kapraljević, Antun	M	1960	
ParlaMint-HR-en_2006-10-20-0	ParlaMint-HR_2006-10-20-0.u74733	Minutes of the National Assembly of the Republic of Croatia, Term 5, Session 22	2006-10-20	Unicameralism	5. mandat	-	Zasedanje 22	2006-10-20	-	Reference	English	Chairperson	MP	notMinister	HDZ	Hrvatska demokratska zajednica	Opposition	Centre-right	MilinovićDarko	Milinović, Darko	M	1963	
ParlaMint-HR-en_2006-10-20-0	ParlaMint-HR_2006-10-20-0.u74734	Minutes of the National Assembly of the Republic of Croatia, Term 5, Session 22	2006-10-20	Unicameralism	5. mandat	-	Zasedanje 22	2006-10-20	-	Reference	English	Regular	MP	notMinister	HNS	Hrvatska narodna stranka	Coalition	Centre to centre-left	VuljanićNikola	Vuljanić, Nikola	M	1949	
ParlaMint-HR-en_2006-10-20-0	ParlaMint-HR_2006-10-20-0.u74735	Minutes of the National Assembly of the Republic of Croatia, Term 5, Session 22	2006-10-20	Unicameralism	5. mandat	-	Zasedanje 22	2006-10-20	-	Reference	English	Chairperson	MP	notMinister	HDZ	Hrvatska demokratska zajednica	Opposition	Centre-right	MilinovićDarko	Milinović, Darko	M	1963	
ParlaMint-HR-en_2006-10-20-0	ParlaMint-HR_2006-10-20-0.u74736	Minutes of the National Assembly of the Republic of Croatia, Term 5, Session 22	2006-10-20	Unicameralism	5. mandat	-	Zasedanje 22	2006-10-20	-	Reference	English	Regular	MP	notMinister	HSP	Hrvatska stranka prava	Coalition	Far-right	KovačevićPero	Kovačević, Pero	M	1957	
ParlaMint-HR-en_2006-10-20-0	ParlaMint-HR_2006-10-20-0.u74737	Minutes of the National Assembly of the Republic of Croatia, Term 5, Session 22	2006-10-20	Unicameralism	5. mandat	-	Zasedanje 22	2006-10-20	-	Reference	English	Chairperson	MP	notMinister	HDZ	Hrvatska demokratska zajednica	Opposition	Centre-right	MilinovićDarko	Milinović, Darko	M	1963	
ParlaMint-HR-en_2006-10-20-0	ParlaMint-HR_2006-10-20-0.u74738	Minutes of the National Assembly of the Republic of Croatia, Term 5, Session 22	2006-10-20	Unicameralism	5. mandat	-	Zasedanje 22	2006-10-20	-	Reference	English	Regular	MP	notMinister	HNS	Hrvatska narodna stranka	Coalition	Centre to centre-left	KapraljevićAntun	Kapraljević, Antun	M	1960	
ParlaMint-HR-en_2006-10-20-0	ParlaMint-HR_2006-10-20-0.u74739	Minutes of the National Assembly of the Republic of Croatia, Term 5, Session 22	2006-10-20	Unicameralism	5. mandat	-	Zasedanje 22	2006-10-20	-	Reference	English	Chairperson	MP	notMinister	HDZ	Hrvatska demokratska zajednica	Opposition	Centre-right	MilinovićDarko	Milinović, Darko	M	1963	
ParlaMint-HR-en_2006-10-20-0	ParlaMint-HR_2006-10-20-0.u74740	Minutes of the National Assembly of the Republic of Croatia, Term 5, Session 22	2006-10-20	Unicameralism	5. mandat	-	Zasedanje 22	2006-10-20	-	Reference	English	Regular	MP	notMinister	SDP	Socijaldemokratska partija Hrvatske	Coalition	Centre-left	CrkvenacMato	Crkvenac, Mato	M	1945	
ParlaMint-HR-en_2006-10-20-0	ParlaMint-HR_2006-10-20-0.u74741	Minutes of the National Assembly of the Republic of Croatia, Term 5, Session 22	2006-10-20	Unicameralism	5. mandat	-	Zasedanje 22	2006-10-20	-	Reference	English	Chairperson	MP	notMinister	HDZ	Hrvatska demokratska zajednica	Opposition	Centre-right	MilinovićDarko	Milinović, Darko	M	1963	
ParlaMint-HR-en_2006-10-20-0	ParlaMint-HR_2006-10-20-0.u74742	Minutes of the National Assembly of the Republic of Croatia, Term 5, Session 22	2006-10-20	Unicameralism	5. mandat	-	Zasedanje 22	2006-10-20	-	Reference	English	Regular	MP	notMinister	HNS	Hrvatska narodna stranka	Coalition	Centre to centre-left	KapraljevićAntun	Kapraljević, Antun	M	1960	
ParlaMint-HR-en_2006-10-20-0	ParlaMint-HR_2006-10-20-0.u74743	Minutes of the National Assembly of the Republic of Croatia, Term 5, Session 22	2006-10-20	Unicameralism	5. mandat	-	Zasedanje 22	2006-10-20	-	Reference	English	Chairperson	MP	notMinister	HDZ	Hrvatska demokratska zajednica	Opposition	Centre-right	MilinovićDarko	Milinović, Darko	M	1963	
ParlaMint-HR-en_2006-10-20-0	ParlaMint-HR_2006-10-20-0.u74744	Minutes of the National Assembly of the Republic of Croatia, Term 5, Session 22	2006-10-20	Unicameralism	5. mandat	-	Zasedanje 22	2006-10-20	-	Reference	English	Regular	MP	notMinister	HDZ	Hrvatska demokratska zajednica	Opposition	Centre-right	TomljanovićEmil	Tomljanović, Emil	M	1963	
ParlaMint-HR-en_2006-10-20-0	ParlaMint-HR_2006-10-20-0.u74745	Minutes of the National Assembly of the Republic of Croatia, Term 5, Session 22	2006-10-20	Unicameralism	5. mandat	-	Zasedanje 22	2006-10-20	-	Reference	English	Chairperson	MP	notMinister	HDZ	Hrvatska demokratska zajednica	Opposition	Centre-right	MilinovićDarko	Milinović, Darko	M	1963	
ParlaMint-HR-en_2006-10-20-0	ParlaMint-HR_2006-10-20-0.u74746	Minutes of the National Assembly of the Republic of Croatia, Term 5, Session 22	2006-10-20	Unicameralism	5. mandat	-	Zasedanje 22	2006-10-20	-	Reference	English	Regular	MP	notMinister	HNS	Hrvatska narodna stranka	Coalition	Centre to centre-left	KapraljevićAntun	Kapraljević, Antun	M	1960	
ParlaMint-HR-en_2006-10-20-0	ParlaMint-HR_2006-10-20-0.u74747	Minutes of the National Assembly of the Republic of Croatia, Term 5, Session 22	2006-10-20	Unicameralism	5. mandat	-	Zasedanje 22	2006-10-20	-	Reference	English	Chairperson	MP	notMinister	HDZ	Hrvatska demokratska zajednica	Opposition	Centre-right	MilinovićDarko	Milinović, Darko	M	1963	
ParlaMint-HR-en_2006-10-20-0	ParlaMint-HR_2006-10-20-0.u74748	Minutes of the National Assembly of the Republic of Croatia, Term 5, Session 22	2006-10-20	Unicameralism	5. mandat	-	Zasedanje 22	2006-10-20	-	Reference	English	Regular	MP	notMinister	SDP	Socijaldemokratska partija Hrvatske	Coalition	Centre-left	LučinŠime	Lučin, Šime	M	1958	
ParlaMint-HR-en_2006-10-20-0	ParlaMint-HR_2006-10-20-0.u74749	Minutes of the National Assembly of the Republic of Croatia, Term 5, Session 22	2006-10-20	Unicameralism	5. mandat	-	Zasedanje 22	2006-10-20	-	Reference	English	Chairperson	MP	notMinister	HDZ	Hrvatska demokratska zajednica	Opposition	Centre-right	MilinovićDarko	Milinović, Darko	M	1963	
ParlaMint-HR-en_2006-10-20-0	ParlaMint-HR_2006-10-20-0.u74750	Minutes of the National Assembly of the Republic of Croatia, Term 5, Session 22	2006-10-20	Unicameralism	5. mandat	-	Zasedanje 22	2006-10-20	-	Reference	English	Regular	MP	notMinister	HDZ	Hrvatska demokratska zajednica	Opposition	Centre-right	MarkovinovićKrunoslav	Markovinović, Krunoslav	M	1945	
ParlaMint-HR-en_2006-10-20-0	ParlaMint-HR_2006-10-20-0.u74751	Minutes of the National Assembly of the Republic of Croatia, Term 5, Session 22	2006-10-20	Unicameralism	5. mandat	-	Zasedanje 22	2006-10-20	-	Reference	English	Chairperson	MP	notMinister	HDZ	Hrvatska demokratska zajednica	Opposition	Centre-right	MilinovićDarko	Milinović, Darko	M	1963	
ParlaMint-HR-en_2006-10-20-0	ParlaMint-HR_2006-10-20-0.u74752	Minutes of the National Assembly of the Republic of Croatia, Term 5, Session 22	2006-10-20	Unicameralism	5. mandat	-	Zasedanje 22	2006-10-20	-	Reference	English	Regular	MP	notMinister	HDZ	Hrvatska demokratska zajednica	Opposition	Centre-right	BagarićIvan	Bagarić, Ivan	M	1961	
ParlaMint-HR-en_2006-10-20-0	ParlaMint-HR_2006-10-20-0.u74753	Minutes of the National Assembly of the Republic of Croatia, Term 5, Session 22	2006-10-20	Unicameralism	5. mandat	-	Zasedanje 22	2006-10-20	-	Reference	English	Chairperson	MP	notMinister	HDZ	Hrvatska demokratska zajednica	Opposition	Centre-right	MilinovićDarko	Milinović, Darko	M	1963	
ParlaMint-HR-en_2006-10-20-0	ParlaMint-HR_2006-10-20-0.u74754	Minutes of the National Assembly of the Republic of Croatia, Term 5, Session 22	2006-10-20	Unicameralism	5. mandat	-	Zasedanje 22	2006-10-20	-	Reference	English	Regular	MP	notMinister	HDZ	Hrvatska demokratska zajednica	Opposition	Centre-right	MatušićFrano	Matušić, Frano	M	1961	
ParlaMint-HR-en_2006-10-20-0	ParlaMint-HR_2006-10-20-0.u74755	Minutes of the National Assembly of the Republic of Croatia, Term 5, Session 22	2006-10-20	Unicameralism	5. mandat	-	Zasedanje 22	2006-10-20	-	Reference	English	Chairperson	MP	notMinister	HDZ	Hrvatska demokratska zajednica	Opposition	Centre-right	MilinovićDarko	Milinović, Darko	M	1963	
ParlaMint-HR-en_2006-10-20-0	ParlaMint-HR_2006-10-20-0.u74756	Minutes of the National Assembly of the Republic of Croatia, Term 5, Session 22	2006-10-20	Unicameralism	5. mandat	-	Zasedanje 22	2006-10-20	-	Reference	English	Regular	MP	notMinister	HDZ	Hrvatska demokratska zajednica	Opposition	Centre-right	BagarićIvan	Bagarić, Ivan	M	1961	
ParlaMint-HR-en_2006-10-20-0	ParlaMint-HR_2006-10-20-0.u74757	Minutes of the National Assembly of the Republic of Croatia, Term 5, Session 22	2006-10-20	Unicameralism	5. mandat	-	Zasedanje 22	2006-10-20	-	Reference	English	Chairperson	MP	notMinister	HDZ	Hrvatska demokratska zajednica	Opposition	Centre-right	MilinovićDarko	Milinović, Darko	M	1963	
ParlaMint-HR-en_2006-10-20-0	ParlaMint-HR_2006-10-20-0.u74758	Minutes of the National Assembly of the Republic of Croatia, Term 5, Session 22	2006-10-20	Unicameralism	5. mandat	-	Zasedanje 22	2006-10-20	-	Reference	English	Regular	MP	notMinister	SDP	Socijaldemokratska partija Hrvatske	Coalition	Centre-left	LučinŠime	Lučin, Šime	M	1958	
ParlaMint-HR-en_2006-10-20-0	ParlaMint-HR_2006-10-20-0.u74759	Minutes of the National Assembly of the Republic of Croatia, Term 5, Session 22	2006-10-20	Unicameralism	5. mandat	-	Zasedanje 22	2006-10-20	-	Reference	English	Chairperson	MP	notMinister	HDZ	Hrvatska demokratska zajednica	Opposition	Centre-right	MilinovićDarko	Milinović, Darko	M	1963	
ParlaMint-HR-en_2006-10-20-0	ParlaMint-HR_2006-10-20-0.u74760	Minutes of the National Assembly of the Republic of Croatia, Term 5, Session 22	2006-10-20	Unicameralism	5. mandat	-	Zasedanje 22	2006-10-20	-	Reference	English	Regular	MP	notMinister	HDZ	Hrvatska demokratska zajednica	Opposition	Centre-right	BagarićIvan	Bagarić, Ivan	M	1961	
ParlaMint-HR-en_2006-10-20-0	ParlaMint-HR_2006-10-20-0.u74761	Minutes of the National Assembly of the Republic of Croatia, Term 5, Session 22	2006-10-20	Unicameralism	5. mandat	-	Zasedanje 22	2006-10-20	-	Reference	English	Chairperson	MP	notMinister	HDZ	Hrvatska demokratska zajednica	Opposition	Centre-right	MilinovićDarko	Milinović, Darko	M	1963	
ParlaMint-HR-en_2006-10-20-0	ParlaMint-HR_2006-10-20-0.u74762	Minutes of the National Assembly of the Republic of Croatia, Term 5, Session 22	2006-10-20	Unicameralism	5. mandat	-	Zasedanje 22	2006-10-20	-	Reference	English	Regular	notMP	notMinister	-	-	-	-	MartinčevićJagodaMajska	Martinčević, Jagoda Majska	U	-	
ParlaMint-HR-en_2006-10-20-0	ParlaMint-HR_2006-10-20-0.u74763	Minutes of the National Assembly of the Republic of Croatia, Term 5, Session 22	2006-10-20	Unicameralism	5. mandat	-	Zasedanje 22	2006-10-20	-	Reference	English	Chairperson	MP	notMinister	HDZ	Hrvatska demokratska zajednica	Opposition	Centre-right	MilinovićDarko	Milinović, Darko	M	1963	
ParlaMint-HR-en_2006-10-20-0	ParlaMint-HR_2006-10-20-0.u74764	Minutes of the National Assembly of the Republic of Croatia, Term 5, Session 22	2006-10-20	Unicameralism	5. mandat	-	Zasedanje 22	2006-10-20	-	Reference	English	Regular	MP	notMinister	HDZ	Hrvatska demokratska zajednica	Opposition	Centre-right	BagarićIvan	Bagarić, Ivan	M	1961	
ParlaMint-HR-en_2006-10-20-0	ParlaMint-HR_2006-10-20-0.u74765	Minutes of the National Assembly of the Republic of Croatia, Term 5, Session 22	2006-10-20	Unicameralism	5. mandat	-	Zasedanje 22	2006-10-20	-	Reference	English	Chairperson	MP	notMinister	HDZ	Hrvatska demokratska zajednica	Opposition	Centre-right	MilinovićDarko	Milinović, Darko	M	1963	
ParlaMint-HR-en_2006-10-20-0	ParlaMint-HR_2006-10-20-0.u74766	Minutes of the National Assembly of the Republic of Croatia, Term 5, Session 22	2006-10-20	Unicameralism	5. mandat	-	Zasedanje 22	2006-10-20	-	Reference	English	Regular	MP	notMinister	HNS	Hrvatska narodna stranka	Coalition	Centre to centre-left	KapraljevićAntun	Kapraljević, Antun	M	1960	
ParlaMint-HR-en_2006-10-20-0	ParlaMint-HR_2006-10-20-0.u74767	Minutes of the National Assembly of the Republic of Croatia, Term 5, Session 22	2006-10-20	Unicameralism	5. mandat	-	Zasedanje 22	2006-10-20	-	Reference	English	Chairperson	MP	notMinister	HDZ	Hrvatska demokratska zajednica	Opposition	Centre-right	MilinovićDarko	Milinović, Darko	M	1963	
ParlaMint-HR-en_2006-10-20-0	ParlaMint-HR_2006-10-20-0.u74768	Minutes of the National Assembly of the Republic of Croatia, Term 5, Session 22	2006-10-20	Unicameralism	5. mandat	-	Zasedanje 22	2006-10-20	-	Reference	English	Regular	MP	notMinister	HNS	Hrvatska narodna stranka	Coalition	Centre to centre-left	KapraljevićAntun	Kapraljević, Antun	M	1960	
ParlaMint-HR-en_2006-10-20-0	ParlaMint-HR_2006-10-20-0.u74769	Minutes of the National Assembly of the Republic of Croatia, Term 5, Session 22	2006-10-20	Unicameralism	5. mandat	-	Zasedanje 22	2006-10-20	-	Reference	English	Chairperson	MP	notMinister	HDZ	Hrvatska demokratska zajednica	Opposition	Centre-right	MilinovićDarko	Milinović, Darko	M	1963	
ParlaMint-HR-en_2006-10-20-0	ParlaMint-HR_2006-10-20-0.u74770	Minutes of the National Assembly of the Republic of Croatia, Term 5, Session 22	2006-10-20	Unicameralism	5. mandat	-	Zasedanje 22	2006-10-20	-	Reference	English	Regular	MP	notMinister	HDZ	Hrvatska demokratska zajednica	Opposition	Centre-right	BagarićIvan	Bagarić, Ivan	M	1961	
ParlaMint-HR-en_2006-10-20-0	ParlaMint-HR_2006-10-20-0.u74771	Minutes of the National Assembly of the Republic of Croatia, Term 5, Session 22	2006-10-20	Unicameralism	5. mandat	-	Zasedanje 22	2006-10-20	-	Reference	English	Chairperson	MP	notMinister	HDZ	Hrvatska demokratska zajednica	Opposition	Centre-right	MilinovićDarko	Milinović, Darko	M	1963	
ParlaMint-HR-en_2006-10-20-0	ParlaMint-HR_2006-10-20-0.u74772	Minutes of the National Assembly of the Republic of Croatia, Term 5, Session 22	2006-10-20	Unicameralism	5. mandat	-	Zasedanje 22	2006-10-20	-	Reference	English	Regular	MP	notMinister	HDZ	Hrvatska demokratska zajednica	Opposition	Centre-right	BitunjacJure	Bitunjac, Jure	M	1951	
ParlaMint-HR-en_2006-10-20-0	ParlaMint-HR_2006-10-20-0.u74773	Minutes of the National Assembly of the Republic of Croatia, Term 5, Session 22	2006-10-20	Unicameralism	5. mandat	-	Zasedanje 22	2006-10-20	-	Reference	English	Chairperson	MP	notMinister	HDZ	Hrvatska demokratska zajednica	Opposition	Centre-right	MilinovićDarko	Milinović, Darko	M	1963	
ParlaMint-HR-en_2006-10-20-0	ParlaMint-HR_2006-10-20-0.u74774	Minutes of the National Assembly of the Republic of Croatia, Term 5, Session 22	2006-10-20	Unicameralism	5. mandat	-	Zasedanje 22	2006-10-20	-	Reference	English	Regular	MP	notMinister	HDZ	Hrvatska demokratska zajednica	Opposition	Centre-right	BitunjacJure	Bitunjac, Jure	M	1951	
ParlaMint-HR-en_2006-10-20-0	ParlaMint-HR_2006-10-20-0.u74775	Minutes of the National Assembly of the Republic of Croatia, Term 5, Session 22	2006-10-20	Unicameralism	5. mandat	-	Zasedanje 22	2006-10-20	-	Reference	English	Regular	MP	notMinister	HDZ	Hrvatska demokratska zajednica	Opposition	Centre-right	BagarićIvan	Bagarić, Ivan	M	1961	
ParlaMint-HR-en_2006-10-20-0	ParlaMint-HR_2006-10-20-0.u74776	Minutes of the National Assembly of the Republic of Croatia, Term 5, Session 22	2006-10-20	Unicameralism	5. mandat	-	Zasedanje 22	2006-10-20	-	Reference	English	Chairperson	MP	notMinister	HDZ	Hrvatska demokratska zajednica	Opposition	Centre-right	MilinovićDarko	Milinović, Darko	M	1963	
ParlaMint-HR-en_2006-10-20-0	ParlaMint-HR_2006-10-20-0.u74777	Minutes of the National Assembly of the Republic of Croatia, Term 5, Session 22	2006-10-20	Unicameralism	5. mandat	-	Zasedanje 22	2006-10-20	-	Reference	English	Regular	MP	notMinister	HDZ	Hrvatska demokratska zajednica	Opposition	Centre-right	MarkovinovićKrunoslav	Markovinović, Krunoslav	M	1945	
ParlaMint-HR-en_2006-10-20-0	ParlaMint-HR_2006-10-20-0.u74778	Minutes of the National Assembly of the Republic of Croatia, Term 5, Session 22	2006-10-20	Unicameralism	5. mandat	-	Zasedanje 22	2006-10-20	-	Reference	English	Chairperson	MP	notMinister	HDZ	Hrvatska demokratska zajednica	Opposition	Centre-right	MilinovićDarko	Milinović, Darko	M	1963	
ParlaMint-HR-en_2006-10-20-0	ParlaMint-HR_2006-10-20-0.u74779	Minutes of the National Assembly of the Republic of Croatia, Term 5, Session 22	2006-10-20	Unicameralism	5. mandat	-	Zasedanje 22	2006-10-20	-	Reference	English	Regular	MP	notMinister	HDZ	Hrvatska demokratska zajednica	Opposition	Centre-right	BagarićIvan	Bagarić, Ivan	M	1961	
ParlaMint-HR-en_2006-10-20-0	ParlaMint-HR_2006-10-20-0.u74780	Minutes of the National Assembly of the Republic of Croatia, Term 5, Session 22	2006-10-20	Unicameralism	5. mandat	-	Zasedanje 22	2006-10-20	-	Reference	English	Chairperson	MP	notMinister	HDZ	Hrvatska demokratska zajednica	Opposition	Centre-right	MilinovićDarko	Milinović, Darko	M	1963	
ParlaMint-HR-en_2006-10-20-0	ParlaMint-HR_2006-10-20-0.u74781	Minutes of the National Assembly of the Republic of Croatia, Term 5, Session 22	2006-10-20	Unicameralism	5. mandat	-	Zasedanje 22	2006-10-20	-	Reference	English	Regular	MP	notMinister	SDP	Socijaldemokratska partija Hrvatske	Coalition	Centre-left	BrdarićLjubica	Brdarić, Ljubica	F	1959	
ParlaMint-HR-en_2006-10-20-0	ParlaMint-HR_2006-10-20-0.u74782	Minutes of the National Assembly of the Republic of Croatia, Term 5, Session 22	2006-10-20	Unicameralism	5. mandat	-	Zasedanje 22	2006-10-20	-	Reference	English	Chairperson	MP	notMinister	HDZ	Hrvatska demokratska zajednica	Opposition	Centre-right	MilinovićDarko	Milinović, Darko	M	1963	
ParlaMint-HR-en_2006-10-20-0	ParlaMint-HR_2006-10-20-0.u74783	Minutes of the National Assembly of the Republic of Croatia, Term 5, Session 22	2006-10-20	Unicameralism	5. mandat	-	Zasedanje 22	2006-10-20	-	Reference	English	Regular	MP	notMinister	SDP	Socijaldemokratska partija Hrvatske	Coalition	Centre-left	BrdarićLjubica	Brdarić, Ljubica	F	1959	
ParlaMint-HR-en_2006-10-20-0	ParlaMint-HR_2006-10-20-0.u74784	Minutes of the National Assembly of the Republic of Croatia, Term 5, Session 22	2006-10-20	Unicameralism	5. mandat	-	Zasedanje 22	2006-10-20	-	Reference	English	Chairperson	MP	notMinister	HDZ	Hrvatska demokratska zajednica	Opposition	Centre-right	MilinovićDarko	Milinović, Darko	M	1963	
ParlaMint-HR-en_2006-10-20-0	ParlaMint-HR_2006-10-20-0.u74785	Minutes of the National Assembly of the Republic of Croatia, Term 5, Session 22	2006-10-20	Unicameralism	5. mandat	-	Zasedanje 22	2006-10-20	-	Reference	English	Regular	MP	notMinister	HDZ	Hrvatska demokratska zajednica	Opposition	Centre-right	BagarićIvan	Bagarić, Ivan	M	1961	
ParlaMint-HR-en_2006-10-20-0	ParlaMint-HR_2006-10-20-0.u74786	Minutes of the National Assembly of the Republic of Croatia, Term 5, Session 22	2006-10-20	Unicameralism	5. mandat	-	Zasedanje 22	2006-10-20	-	Reference	English	Regular	MP	notMinister	HNS	Hrvatska narodna stranka	Coalition	Centre to centre-left	DorićMiljenko	Dorić, Miljenko	M	1950	
ParlaMint-HR-en_2006-10-20-0	ParlaMint-HR_2006-10-20-0.u74787	Minutes of the National Assembly of the Republic of Croatia, Term 5, Session 22	2006-10-20	Unicameralism	5. mandat	-	Zasedanje 22	2006-10-20	-	Reference	English	Chairperson	MP	notMinister	HDZ	Hrvatska demokratska zajednica	Opposition	Centre-right	MilinovićDarko	Milinović, Darko	M	1963	
ParlaMint-HR-en_2006-10-20-0	ParlaMint-HR_2006-10-20-0.u74788	Minutes of the National Assembly of the Republic of Croatia, Term 5, Session 22	2006-10-20	Unicameralism	5. mandat	-	Zasedanje 22	2006-10-20	-	Reference	English	Regular	MP	notMinister	HDZ	Hrvatska demokratska zajednica	Opposition	Centre-right	BagarićIvan	Bagarić, Ivan	M	1961	
ParlaMint-HR-en_2006-10-20-0	ParlaMint-HR_2006-10-20-0.u74789	Minutes of the National Assembly of the Republic of Croatia, Term 5, Session 22	2006-10-20	Unicameralism	5. mandat	-	Zasedanje 22	2006-10-20	-	Reference	English	Chairperson	MP	notMinister	HDZ	Hrvatska demokratska zajednica	Opposition	Centre-right	MilinovićDarko	Milinović, Darko	M	1963	
ParlaMint-HR-en_2006-10-20-0	ParlaMint-HR_2006-10-20-0.u74790	Minutes of the National Assembly of the Republic of Croatia, Term 5, Session 22	2006-10-20	Unicameralism	5. mandat	-	Zasedanje 22	2006-10-20	-	Reference	English	Regular	notMP	notMinister	-	-	-	-	PalarićAntun	Palarić, Antun	U	-	
ParlaMint-HR-en_2006-10-20-0	ParlaMint-HR_2006-10-20-0.u74791	Minutes of the National Assembly of the Republic of Croatia, Term 5, Session 22	2006-10-20	Unicameralism	5. mandat	-	Zasedanje 22	2006-10-20	-	Reference	English	Chairperson	MP	notMinister	HDZ	Hrvatska demokratska zajednica	Opposition	Centre-right	ŠeksVladimir	Šeks, Vladimir	M	1943	
ParlaMint-HR-en_2006-10-20-0	ParlaMint-HR_2006-10-20-0.u74792	Minutes of the National Assembly of the Republic of Croatia, Term 5, Session 22	2006-10-20	Unicameralism	5. mandat	-	Zasedanje 22	2006-10-20	-	Reference	English	Regular	MP	notMinister	HNS	Hrvatska narodna stranka	Coalition	Centre to centre-left	KapraljevićAntun	Kapraljević, Antun	M	1960	
ParlaMint-HR-en_2006-10-20-0	ParlaMint-HR_2006-10-20-0.u74793	Minutes of the National Assembly of the Republic of Croatia, Term 5, Session 22	2006-10-20	Unicameralism	5. mandat	-	Zasedanje 22	2006-10-20	-	Reference	English	Chairperson	MP	notMinister	HDZ	Hrvatska demokratska zajednica	Opposition	Centre-right	ŠeksVladimir	Šeks, Vladimir	M	1943	
ParlaMint-HR-en_2006-10-20-0	ParlaMint-HR_2006-10-20-0.u74794	Minutes of the National Assembly of the Republic of Croatia, Term 5, Session 22	2006-10-20	Unicameralism	5. mandat	-	Zasedanje 22	2006-10-20	-	Reference	English	Regular	MP	notMinister	nezavisni	nezavisni	-	-	LeticaSlaven	Letica, Slaven	M	1947	
ParlaMint-HR-en_2006-10-20-0	ParlaMint-HR_2006-10-20-0.u74795	Minutes of the National Assembly of the Republic of Croatia, Term 5, Session 22	2006-10-20	Unicameralism	5. mandat	-	Zasedanje 22	2006-10-20	-	Reference	English	Chairperson	MP	notMinister	HDZ	Hrvatska demokratska zajednica	Opposition	Centre-right	ŠeksVladimir	Šeks, Vladimir	M	1943	
ParlaMint-HR-en_2006-10-20-0	ParlaMint-HR_2006-10-20-0.u74796	Minutes of the National Assembly of the Republic of Croatia, Term 5, Session 22	2006-10-20	Unicameralism	5. mandat	-	Zasedanje 22	2006-10-20	-	Reference	English	Regular	MP	notMinister	HNS	Hrvatska narodna stranka	Coalition	Centre to centre-left	DorićMiljenko	Dorić, Miljenko	M	1950	
ParlaMint-HR-en_2006-10-20-0	ParlaMint-HR_2006-10-20-0.u74797	Minutes of the National Assembly of the Republic of Croatia, Term 5, Session 22	2006-10-20	Unicameralism	5. mandat	-	Zasedanje 22	2006-10-20	-	Reference	English	Chairperson	MP	notMinister	HDZ	Hrvatska demokratska zajednica	Opposition	Centre-right	ŠeksVladimir	Šeks, Vladimir	M	1943	
ParlaMint-HR-en_2006-10-20-0	ParlaMint-HR_2006-10-20-0.u74798	Minutes of the National Assembly of the Republic of Croatia, Term 5, Session 22	2006-10-20	Unicameralism	5. mandat	-	Zasedanje 22	2006-10-20	-	Reference	English	Regular	MP	notMinister	HSP	Hrvatska stranka prava	Coalition	Far-right	KovačevićPero	Kovačević, Pero	M	1957	
ParlaMint-HR-en_2006-10-20-0	ParlaMint-HR_2006-10-20-0.u74799	Minutes of the National Assembly of the Republic of Croatia, Term 5, Session 22	2006-10-20	Unicameralism	5. mandat	-	Zasedanje 22	2006-10-20	-	Reference	English	Chairperson	MP	notMinister	HDZ	Hrvatska demokratska zajednica	Opposition	Centre-right	ŠeksVladimir	Šeks, Vladimir	M	1943	
ParlaMint-HR-en_2006-10-20-0	ParlaMint-HR_2006-10-20-0.u74800	Minutes of the National Assembly of the Republic of Croatia, Term 5, Session 22	2006-10-20	Unicameralism	5. mandat	-	Zasedanje 22	2006-10-20	-	Reference	English	Regular	MP	notMinister	SDP	Socijaldemokratska partija Hrvatske	Coalition	Centre-left	StazićNenad	Stazić, Nenad	M	1957	
ParlaMint-HR-en_2006-10-20-0	ParlaMint-HR_2006-10-20-0.u74801	Minutes of the National Assembly of the Republic of Croatia, Term 5, Session 22	2006-10-20	Unicameralism	5. mandat	-	Zasedanje 22	2006-10-20	-	Reference	English	Chairperson	MP	notMinister	HDZ	Hrvatska demokratska zajednica	Opposition	Centre-right	ŠeksVladimir	Šeks, Vladimir	M	1943	
ParlaMint-HR-en_2006-10-20-0	ParlaMint-HR_2006-10-20-0.u74804	Minutes of the National Assembly of the Republic of Croatia, Term 5, Session 22	2006-10-20	Unicameralism	5. mandat	-	Zasedanje 22	2006-10-20	-	Reference	English	Regular	MP	notMinister	HNS	Hrvatska narodna stranka	Coalition	Centre to centre-left	VuljanićNikola	Vuljanić, Nikola	M	1949	
ParlaMint-HR-en_2006-10-20-0	ParlaMint-HR_2006-10-20-0.u74805	Minutes of the National Assembly of the Republic of Croatia, Term 5, Session 22	2006-10-20	Unicameralism	5. mandat	-	Zasedanje 22	2006-10-20	-	Reference	English	Chairperson	MP	notMinister	HDZ	Hrvatska demokratska zajednica	Opposition	Centre-right	ŠeksVladimir	Šeks, Vladimir	M	1943	
ParlaMint-HR-en_2006-10-20-0	ParlaMint-HR_2006-10-20-0.u74806	Minutes of the National Assembly of the Republic of Croatia, Term 5, Session 22	2006-10-20	Unicameralism	5. mandat	-	Zasedanje 22	2006-10-20	-	Reference	English	Regular	notMP	notMinister	-	-	-	-	PalarićAntun	Palarić, Antun	U	-	
ParlaMint-HR-en_2006-10-20-0	ParlaMint-HR_2006-10-20-0.u74807	Minutes of the National Assembly of the Republic of Croatia, Term 5, Session 22	2006-10-20	Unicameralism	5. mandat	-	Zasedanje 22	2006-10-20	-	Reference	English	Chairperson	MP	notMinister	HDZ	Hrvatska demokratska zajednica	Opposition	Centre-right	ŠeksVladimir	Šeks, Vladimir	M	1943	
ParlaMint-HR-en_2006-10-20-0	ParlaMint-HR_2006-10-20-0.u74808	Minutes of the National Assembly of the Republic of Croatia, Term 5, Session 22	2006-10-20	Unicameralism	5. mandat	-	Zasedanje 22	2006-10-20	-	Reference	English	Regular	MP	notMinister	SDP	Socijaldemokratska partija Hrvatske	Coalition	Centre-left	LekoJosip	Leko, Josip	M	1948	
ParlaMint-HR-en_2006-10-20-0	ParlaMint-HR_2006-10-20-0.u74809	Minutes of the National Assembly of the Republic of Croatia, Term 5, Session 22	2006-10-20	Unicameralism	5. mandat	-	Zasedanje 22	2006-10-20	-	Reference	English	Chairperson	MP	notMinister	HDZ	Hrvatska demokratska zajednica	Opposition	Centre-right	ŠeksVladimir	Šeks, Vladimir	M	1943	
ParlaMint-HR-en_2006-10-20-0	ParlaMint-HR_2006-10-20-0.u74810	Minutes of the National Assembly of the Republic of Croatia, Term 5, Session 22	2006-10-20	Unicameralism	5. mandat	-	Zasedanje 22	2006-10-20	-	Reference	English	Regular	MP	notMinister	SDP	Socijaldemokratska partija Hrvatske	Coalition	Centre-left	JurjevićMarin	Jurjević, Marin	M	1952	
ParlaMint-HR-en_2006-10-20-0	ParlaMint-HR_2006-10-20-0.u74811	Minutes of the National Assembly of the Republic of Croatia, Term 5, Session 22	2006-10-20	Unicameralism	5. mandat	-	Zasedanje 22	2006-10-20	-	Reference	English	Chairperson	MP	notMinister	HDZ	Hrvatska demokratska zajednica	Opposition	Centre-right	ŠeksVladimir	Šeks, Vladimir	M	1943	
ParlaMint-HR-en_2006-10-20-0	ParlaMint-HR_2006-10-20-0.u74812	Minutes of the National Assembly of the Republic of Croatia, Term 5, Session 22	2006-10-20	Unicameralism	5. mandat	-	Zasedanje 22	2006-10-20	-	Reference	English	Regular	notMP	notMinister	-	-	-	-	LesarDragutin	Lesar, Dragutin	M	1956	
ParlaMint-HR-en_2006-10-20-0	ParlaMint-HR_2006-10-20-0.u74813	Minutes of the National Assembly of the Republic of Croatia, Term 5, Session 22	2006-10-20	Unicameralism	5. mandat	-	Zasedanje 22	2006-10-20	-	Reference	English	Chairperson	MP	notMinister	HDZ	Hrvatska demokratska zajednica	Opposition	Centre-right	ŠeksVladimir	Šeks, Vladimir	M	1943	
ParlaMint-HR-en_2006-10-20-0	ParlaMint-HR_2006-10-20-0.u74814	Minutes of the National Assembly of the Republic of Croatia, Term 5, Session 22	2006-10-20	Unicameralism	5. mandat	-	Zasedanje 22	2006-10-20	-	Reference	English	Regular	MP	notMinister	MDS	Međimurski demokratski savez	Coalition	-	PavlicŽeljko	Pavlic, Željko	M	1962	
ParlaMint-HR-en_2006-10-20-0	ParlaMint-HR_2006-10-20-0.u74815	Minutes of the National Assembly of the Republic of Croatia, Term 5, Session 22	2006-10-20	Unicameralism	5. mandat	-	Zasedanje 22	2006-10-20	-	Reference	English	Chairperson	MP	notMinister	HDZ	Hrvatska demokratska zajednica	Opposition	Centre-right	ŠeksVladimir	Šeks, Vladimir	M	1943	
ParlaMint-HR-en_2006-10-20-0	ParlaMint-HR_2006-10-20-0.u74816	Minutes of the National Assembly of the Republic of Croatia, Term 5, Session 22	2006-10-20	Unicameralism	5. mandat	-	Zasedanje 22	2006-10-20	-	Reference	English	Regular	MP	notMinister	HDZ	Hrvatska demokratska zajednica	Opposition	Centre-right	BabićPetričevićZdenka	Babić-Petričević, Zdenka	F	1948	
ParlaMint-HR-en_2006-10-20-0	ParlaMint-HR_2006-10-20-0.u74817	Minutes of the National Assembly of the Republic of Croatia, Term 5, Session 22	2006-10-20	Unicameralism	5. mandat	-	Zasedanje 22	2006-10-20	-	Reference	English	Chairperson	MP	notMinister	HDZ	Hrvatska demokratska zajednica	Opposition	Centre-right	ŠeksVladimir	Šeks, Vladimir	M	1943	
ParlaMint-HR-en_2006-10-20-0	ParlaMint-HR_2006-10-20-0.u74818	Minutes of the National Assembly of the Republic of Croatia, Term 5, Session 22	2006-10-20	Unicameralism	5. mandat	-	Zasedanje 22	2006-10-20	-	Reference	English	Regular	MP	notMinister	HDZ	Hrvatska demokratska zajednica	Opposition	Centre-right	MarkovinovićKrunoslav	Markovinović, Krunoslav	M	1945	
ParlaMint-HR-en_2006-10-20-0	ParlaMint-HR_2006-10-20-0.u74819	Minutes of the National Assembly of the Republic of Croatia, Term 5, Session 22	2006-10-20	Unicameralism	5. mandat	-	Zasedanje 22	2006-10-20	-	Reference	English	Chairperson	MP	notMinister	HDZ	Hrvatska demokratska zajednica	Opposition	Centre-right	ŠeksVladimir	Šeks, Vladimir	M	1943	
ParlaMint-HR-en_2006-10-20-0	ParlaMint-HR_2006-10-20-0.u74820	Minutes of the National Assembly of the Republic of Croatia, Term 5, Session 22	2006-10-20	Unicameralism	5. mandat	-	Zasedanje 22	2006-10-20	-	Reference	English	Regular	MP	notMinister	HNS	Hrvatska narodna stranka	Coalition	Centre to centre-left	VuljanićNikola	Vuljanić, Nikola	M	1949	
ParlaMint-HR-en_2006-10-20-0	ParlaMint-HR_2006-10-20-0.u74821	Minutes of the National Assembly of the Republic of Croatia, Term 5, Session 22	2006-10-20	Unicameralism	5. mandat	-	Zasedanje 22	2006-10-20	-	Reference	English	Chairperson	MP	notMinister	HDZ	Hrvatska demokratska zajednica	Opposition	Centre-right	ŠeksVladimir	Šeks, Vladimir	M	1943	
ParlaMint-HR-en_2006-10-20-0	ParlaMint-HR_2006-10-20-0.u74822	Minutes of the National Assembly of the Republic of Croatia, Term 5, Session 22	2006-10-20	Unicameralism	5. mandat	-	Zasedanje 22	2006-10-20	-	Reference	English	Regular	MP	notMinister	SDP	Socijaldemokratska partija Hrvatske	Coalition	Centre-left	LekoJosip	Leko, Josip	M	1948	
ParlaMint-HR-en_2006-10-20-0	ParlaMint-HR_2006-10-20-0.u74823	Minutes of the National Assembly of the Republic of Croatia, Term 5, Session 22	2006-10-20	Unicameralism	5. mandat	-	Zasedanje 22	2006-10-20	-	Reference	English	Chairperson	MP	notMinister	HDZ	Hrvatska demokratska zajednica	Opposition	Centre-right	ŠeksVladimir	Šeks, Vladimir	M	1943	
ParlaMint-HR-en_2006-10-20-0	ParlaMint-HR_2006-10-20-0.u74824	Minutes of the National Assembly of the Republic of Croatia, Term 5, Session 22	2006-10-20	Unicameralism	5. mandat	-	Zasedanje 22	2006-10-20	-	Reference	English	Regular	MP	notMinister	HDZ	Hrvatska demokratska zajednica	Opposition	Centre-right	MarkovinovićKrunoslav	Markovinović, Krunoslav	M	1945	
ParlaMint-HR-en_2006-10-20-0	ParlaMint-HR_2006-10-20-0.u74825	Minutes of the National Assembly of the Republic of Croatia, Term 5, Session 22	2006-10-20	Unicameralism	5. mandat	-	Zasedanje 22	2006-10-20	-	Reference	English	Chairperson	MP	notMinister	HDZ	Hrvatska demokratska zajednica	Opposition	Centre-right	ŠeksVladimir	Šeks, Vladimir	M	1943	
ParlaMint-HR-en_2006-10-20-0	ParlaMint-HR_2006-10-20-0.u74826	Minutes of the National Assembly of the Republic of Croatia, Term 5, Session 22	2006-10-20	Unicameralism	5. mandat	-	Zasedanje 22	2006-10-20	-	Reference	English	Regular	MP	notMinister	HDZ	Hrvatska demokratska zajednica	Opposition	Centre-right	BabićPetričevićZdenka	Babić-Petričević, Zdenka	F	1948	
ParlaMint-HR-en_2006-10-20-0	ParlaMint-HR_2006-10-20-0.u74827	Minutes of the National Assembly of the Republic of Croatia, Term 5, Session 22	2006-10-20	Unicameralism	5. mandat	-	Zasedanje 22	2006-10-20	-	Reference	English	Chairperson	MP	notMinister	HDZ	Hrvatska demokratska zajednica	Opposition	Centre-right	ŠeksVladimir	Šeks, Vladimir	M	1943	
ParlaMint-HR-en_2006-10-20-0	ParlaMint-HR_2006-10-20-0.u74828	Minutes of the National Assembly of the Republic of Croatia, Term 5, Session 22	2006-10-20	Unicameralism	5. mandat	-	Zasedanje 22	2006-10-20	-	Reference	English	Regular	MP	notMinister	SDP	Socijaldemokratska partija Hrvatske	Coalition	Centre-left	LekoJosip	Leko, Josip	M	1948	
ParlaMint-HR-en_2006-10-20-0	ParlaMint-HR_2006-10-20-0.u74829	Minutes of the National Assembly of the Republic of Croatia, Term 5, Session 22	2006-10-20	Unicameralism	5. mandat	-	Zasedanje 22	2006-10-20	-	Reference	English	Chairperson	MP	notMinister	HDZ	Hrvatska demokratska zajednica	Opposition	Centre-right	ŠeksVladimir	Šeks, Vladimir	M	1943	
ParlaMint-HR-en_2006-10-20-0	ParlaMint-HR_2006-10-20-0.u74830	Minutes of the National Assembly of the Republic of Croatia, Term 5, Session 22	2006-10-20	Unicameralism	5. mandat	-	Zasedanje 22	2006-10-20	-	Reference	English	Regular	MP	notMinister	nezavisni	nezavisni	-	-	LeticaSlaven	Letica, Slaven	M	1947	
ParlaMint-HR-en_2006-10-20-0	ParlaMint-HR_2006-10-20-0.u74831	Minutes of the National Assembly of the Republic of Croatia, Term 5, Session 22	2006-10-20	Unicameralism	5. mandat	-	Zasedanje 22	2006-10-20	-	Reference	English	Chairperson	MP	notMinister	HDZ	Hrvatska demokratska zajednica	Opposition	Centre-right	ŠeksVladimir	Šeks, Vladimir	M	1943	
ParlaMint-HR-en_2006-10-20-0	ParlaMint-HR_2006-10-20-0.u74832	Minutes of the National Assembly of the Republic of Croatia, Term 5, Session 22	2006-10-20	Unicameralism	5. mandat	-	Zasedanje 22	2006-10-20	-	Reference	English	Regular	MP	notMinister	HSP	Hrvatska stranka prava	Coalition	Far-right	KovačevićPero	Kovačević, Pero	M	1957	
ParlaMint-HR-en_2006-10-20-0	ParlaMint-HR_2006-10-20-0.u74833	Minutes of the National Assembly of the Republic of Croatia, Term 5, Session 22	2006-10-20	Unicameralism	5. mandat	-	Zasedanje 22	2006-10-20	-	Reference	English	Chairperson	MP	notMinister	HDZ	Hrvatska demokratska zajednica	Opposition	Centre-right	ŠeksVladimir	Šeks, Vladimir	M	1943	
ParlaMint-HR-en_2006-10-20-0	ParlaMint-HR_2006-10-20-0.u74834	Minutes of the National Assembly of the Republic of Croatia, Term 5, Session 22	2006-10-20	Unicameralism	5. mandat	-	Zasedanje 22	2006-10-20	-	Reference	English	Regular	MP	notMinister	nezavisni	nezavisni	-	-	LeticaSlaven	Letica, Slaven	M	1947	
ParlaMint-HR-en_2006-10-20-0	ParlaMint-HR_2006-10-20-0.u74835	Minutes of the National Assembly of the Republic of Croatia, Term 5, Session 22	2006-10-20	Unicameralism	5. mandat	-	Zasedanje 22	2006-10-20	-	Reference	English	Chairperson	MP	notMinister	HDZ	Hrvatska demokratska zajednica	Opposition	Centre-right	ŠeksVladimir	Šeks, Vladimir	M	1943	
ParlaMint-HR-en_2006-10-20-0	ParlaMint-HR_2006-10-20-0.u74836	Minutes of the National Assembly of the Republic of Croatia, Term 5, Session 22	2006-10-20	Unicameralism	5. mandat	-	Zasedanje 22	2006-10-20	-	Reference	English	Regular	MP	notMinister	HNS	Hrvatska narodna stranka	Coalition	Centre to centre-left	VuljanićNikola	Vuljanić, Nikola	M	1949	
ParlaMint-HR-en_2006-10-20-0	ParlaMint-HR_2006-10-20-0.u74837	Minutes of the National Assembly of the Republic of Croatia, Term 5, Session 22	2006-10-20	Unicameralism	5. mandat	-	Zasedanje 22	2006-10-20	-	Reference	English	Chairperson	MP	notMinister	HDZ	Hrvatska demokratska zajednica	Opposition	Centre-right	ŠeksVladimir	Šeks, Vladimir	M	1943	
