Text_ID	ID	Title	Date	Body	Term	Session	Meeting	Sitting	Agenda	Subcorpus	Lang	Speaker_role	Speaker_MP	Speaker_minister	Speaker_party	Speaker_party_name	Party_status	Party_orientation	Speaker_ID	Speaker_name	Speaker_gender	Speaker_birth
ParlaMint-GB-en_2022-03-31-commons	ParlaMint-GB_2022-03-31-commons.u1	Minutes of the House of Commons, Daily Session 2022-03-31	2022-03-31	Lower house	58	-	2022-03-31	2022-03-31	-	COVID,War	English	Regular	MP	notMinister	SNP	Scottish National Party	-	Centre-left	StuartMcDonald	McDonald, Stuart Campbell	M	-	
ParlaMint-GB-en_2022-03-31-commons	ParlaMint-GB_2022-03-31-commons.u2	Minutes of the House of Commons, Daily Session 2022-03-31	2022-03-31	Lower house	58	-	2022-03-31	2022-03-31	-	COVID,War	English	Regular	MP	notMinister	CON	Conservative	-	Centre-right	LeeAnderson	Anderson, Lee	M	-	
ParlaMint-GB-en_2022-03-31-commons	ParlaMint-GB_2022-03-31-commons.u3	Minutes of the House of Commons, Daily Session 2022-03-31	2022-03-31	Lower house	58	-	2022-03-31	2022-03-31	-	COVID,War	English	Regular	MP	notMinister	CON	Conservative	-	Centre-right	StephenBarclay	Barclay, Stephen Paul	M	-	
ParlaMint-GB-en_2022-03-31-commons	ParlaMint-GB_2022-03-31-commons.u4	Minutes of the House of Commons, Daily Session 2022-03-31	2022-03-31	Lower house	58	-	2022-03-31	2022-03-31	-	COVID,War	English	Regular	MP	notMinister	SNP	Scottish National Party	-	Centre-left	StuartMcDonald	McDonald, Stuart Campbell	M	-	
ParlaMint-GB-en_2022-03-31-commons	ParlaMint-GB_2022-03-31-commons.u5	Minutes of the House of Commons, Daily Session 2022-03-31	2022-03-31	Lower house	58	-	2022-03-31	2022-03-31	-	COVID,War	English	Regular	MP	notMinister	CON	Conservative	-	Centre-right	StephenBarclay	Barclay, Stephen Paul	M	-	
ParlaMint-GB-en_2022-03-31-commons	ParlaMint-GB_2022-03-31-commons.u6	Minutes of the House of Commons, Daily Session 2022-03-31	2022-03-31	Lower house	58	-	2022-03-31	2022-03-31	-	COVID,War	English	Regular	MP	notMinister	CON	Conservative	-	Centre-right	LeeAnderson	Anderson, Lee	M	-	
ParlaMint-GB-en_2022-03-31-commons	ParlaMint-GB_2022-03-31-commons.u7	Minutes of the House of Commons, Daily Session 2022-03-31	2022-03-31	Lower house	58	-	2022-03-31	2022-03-31	-	COVID,War	English	Regular	MP	notMinister	CON	Conservative	-	Centre-right	StephenBarclay	Barclay, Stephen Paul	M	-	
ParlaMint-GB-en_2022-03-31-commons	ParlaMint-GB_2022-03-31-commons.u8	Minutes of the House of Commons, Daily Session 2022-03-31	2022-03-31	Lower house	58	-	2022-03-31	2022-03-31	-	COVID,War	English	Chairperson	MP	notMinister	LAB	Labour	Opposition	Centre-left	LindsayHoyle	Hoyle, Lindsay Harvey	M	-	
ParlaMint-GB-en_2022-03-31-commons	ParlaMint-GB_2022-03-31-commons.u9	Minutes of the House of Commons, Daily Session 2022-03-31	2022-03-31	Lower house	58	-	2022-03-31	2022-03-31	-	COVID,War	English	Regular	MP	notMinister	LAB	Labour	Opposition	Centre-left	RachelHopkins	Hopkins, Rachel Louise	F	-	
ParlaMint-GB-en_2022-03-31-commons	ParlaMint-GB_2022-03-31-commons.u10	Minutes of the House of Commons, Daily Session 2022-03-31	2022-03-31	Lower house	58	-	2022-03-31	2022-03-31	-	COVID,War	English	Regular	MP	notMinister	CON	Conservative	-	Centre-right	StephenBarclay	Barclay, Stephen Paul	M	-	
ParlaMint-GB-en_2022-03-31-commons	ParlaMint-GB_2022-03-31-commons.u11	Minutes of the House of Commons, Daily Session 2022-03-31	2022-03-31	Lower house	58	-	2022-03-31	2022-03-31	-	COVID,War	English	Regular	MP	notMinister	SNP;PAUB	Scottish National Party;Alba Party	-	Centre-left	JamesNealeHanvey	Hanvey, James Neale	M	-	
ParlaMint-GB-en_2022-03-31-commons	ParlaMint-GB_2022-03-31-commons.u12	Minutes of the House of Commons, Daily Session 2022-03-31	2022-03-31	Lower house	58	-	2022-03-31	2022-03-31	-	COVID,War	English	Regular	MP	notMinister	CON	Conservative	-	Centre-right	JacobReesMogg	Rees-Mogg, Jacob William	M	-	
ParlaMint-GB-en_2022-03-31-commons	ParlaMint-GB_2022-03-31-commons.u13	Minutes of the House of Commons, Daily Session 2022-03-31	2022-03-31	Lower house	58	-	2022-03-31	2022-03-31	-	COVID,War	English	Regular	MP	notMinister	SNP;PAUB	Scottish National Party;Alba Party	-	Centre-left	JamesNealeHanvey	Hanvey, James Neale	M	-	
ParlaMint-GB-en_2022-03-31-commons	ParlaMint-GB_2022-03-31-commons.u14	Minutes of the House of Commons, Daily Session 2022-03-31	2022-03-31	Lower house	58	-	2022-03-31	2022-03-31	-	COVID,War	English	Regular	MP	notMinister	CON	Conservative	-	Centre-right	JacobReesMogg	Rees-Mogg, Jacob William	M	-	
ParlaMint-GB-en_2022-03-31-commons	ParlaMint-GB_2022-03-31-commons.u15	Minutes of the House of Commons, Daily Session 2022-03-31	2022-03-31	Lower house	58	-	2022-03-31	2022-03-31	-	COVID,War	English	Chairperson	MP	notMinister	LAB	Labour	Opposition	Centre-left	LindsayHoyle	Hoyle, Lindsay Harvey	M	-	
ParlaMint-GB-en_2022-03-31-commons	ParlaMint-GB_2022-03-31-commons.u16	Minutes of the House of Commons, Daily Session 2022-03-31	2022-03-31	Lower house	58	-	2022-03-31	2022-03-31	-	COVID,War	English	Regular	MP	notMinister	LAB	Labour	Opposition	Centre-left	RachelHopkins	Hopkins, Rachel Louise	F	-	
ParlaMint-GB-en_2022-03-31-commons	ParlaMint-GB_2022-03-31-commons.u17	Minutes of the House of Commons, Daily Session 2022-03-31	2022-03-31	Lower house	58	-	2022-03-31	2022-03-31	-	COVID,War	English	Regular	MP	notMinister	CON	Conservative	-	Centre-right	JacobReesMogg	Rees-Mogg, Jacob William	M	-	
ParlaMint-GB-en_2022-03-31-commons	ParlaMint-GB_2022-03-31-commons.u18	Minutes of the House of Commons, Daily Session 2022-03-31	2022-03-31	Lower house	58	-	2022-03-31	2022-03-31	-	COVID,War	English	Regular	MP	notMinister	LAB	Labour	Opposition	Centre-left	JeffreySmith	Smith, Jeffrey	M	-	
ParlaMint-GB-en_2022-03-31-commons	ParlaMint-GB_2022-03-31-commons.u19	Minutes of the House of Commons, Daily Session 2022-03-31	2022-03-31	Lower house	58	-	2022-03-31	2022-03-31	-	COVID,War	English	Regular	MP	notMinister	CON	Conservative	-	Centre-right	HeatherWheeler	Wheeler, Heather Kay	F	-	
ParlaMint-GB-en_2022-03-31-commons	ParlaMint-GB_2022-03-31-commons.u20	Minutes of the House of Commons, Daily Session 2022-03-31	2022-03-31	Lower house	58	-	2022-03-31	2022-03-31	-	COVID,War	English	Regular	MP	notMinister	LAB	Labour	Opposition	Centre-left	JeffreySmith	Smith, Jeffrey	M	-	
ParlaMint-GB-en_2022-03-31-commons	ParlaMint-GB_2022-03-31-commons.u21	Minutes of the House of Commons, Daily Session 2022-03-31	2022-03-31	Lower house	58	-	2022-03-31	2022-03-31	-	COVID,War	English	Regular	MP	notMinister	CON	Conservative	-	Centre-right	HeatherWheeler	Wheeler, Heather Kay	F	-	
ParlaMint-GB-en_2022-03-31-commons	ParlaMint-GB_2022-03-31-commons.u22	Minutes of the House of Commons, Daily Session 2022-03-31	2022-03-31	Lower house	58	-	2022-03-31	2022-03-31	-	COVID,War	English	Chairperson	MP	notMinister	LAB	Labour	Opposition	Centre-left	LindsayHoyle	Hoyle, Lindsay Harvey	M	-	
ParlaMint-GB-en_2022-03-31-commons	ParlaMint-GB_2022-03-31-commons.u23	Minutes of the House of Commons, Daily Session 2022-03-31	2022-03-31	Lower house	58	-	2022-03-31	2022-03-31	-	COVID,War	English	Regular	MP	notMinister	LAB	Labour	Opposition	Centre-left	RachelHopkins	Hopkins, Rachel Louise	F	-	
ParlaMint-GB-en_2022-03-31-commons	ParlaMint-GB_2022-03-31-commons.u24	Minutes of the House of Commons, Daily Session 2022-03-31	2022-03-31	Lower house	58	-	2022-03-31	2022-03-31	-	COVID,War	English	Regular	MP	notMinister	CON	Conservative	-	Centre-right	HeatherWheeler	Wheeler, Heather Kay	F	-	
ParlaMint-GB-en_2022-03-31-commons	ParlaMint-GB_2022-03-31-commons.u25	Minutes of the House of Commons, Daily Session 2022-03-31	2022-03-31	Lower house	58	-	2022-03-31	2022-03-31	-	COVID,War	English	Regular	MP	notMinister	SNP	Scottish National Party	-	Centre-left	PhilippaWhitford	Whitford, Philippa	F	-	
ParlaMint-GB-en_2022-03-31-commons	ParlaMint-GB_2022-03-31-commons.u26	Minutes of the House of Commons, Daily Session 2022-03-31	2022-03-31	Lower house	58	-	2022-03-31	2022-03-31	-	COVID,War	English	Regular	MP	notMinister	CON	Conservative	-	Centre-right	MichaelEllis	Ellis, Michael Tyrone	M	-	
ParlaMint-GB-en_2022-03-31-commons	ParlaMint-GB_2022-03-31-commons.u27	Minutes of the House of Commons, Daily Session 2022-03-31	2022-03-31	Lower house	58	-	2022-03-31	2022-03-31	-	COVID,War	English	Regular	MP	notMinister	SNP	Scottish National Party	-	Centre-left	PhilippaWhitford	Whitford, Philippa	F	-	
ParlaMint-GB-en_2022-03-31-commons	ParlaMint-GB_2022-03-31-commons.u28	Minutes of the House of Commons, Daily Session 2022-03-31	2022-03-31	Lower house	58	-	2022-03-31	2022-03-31	-	COVID,War	English	Regular	MP	notMinister	CON	Conservative	-	Centre-right	MichaelEllis	Ellis, Michael Tyrone	M	-	
ParlaMint-GB-en_2022-03-31-commons	ParlaMint-GB_2022-03-31-commons.u29	Minutes of the House of Commons, Daily Session 2022-03-31	2022-03-31	Lower house	58	-	2022-03-31	2022-03-31	-	COVID,War	English	Regular	MP	notMinister	CON	Conservative	-	Centre-right	ChristopherChope	Chope, Christopher Robert	M	-	
ParlaMint-GB-en_2022-03-31-commons	ParlaMint-GB_2022-03-31-commons.u30	Minutes of the House of Commons, Daily Session 2022-03-31	2022-03-31	Lower house	58	-	2022-03-31	2022-03-31	-	COVID,War	English	Chairperson	MP	notMinister	LAB	Labour	Opposition	Centre-left	LindsayHoyle	Hoyle, Lindsay Harvey	M	-	
ParlaMint-GB-en_2022-03-31-commons	ParlaMint-GB_2022-03-31-commons.u31	Minutes of the House of Commons, Daily Session 2022-03-31	2022-03-31	Lower house	58	-	2022-03-31	2022-03-31	-	COVID,War	English	Regular	MP	notMinister	LAB	Labour	Opposition	Centre-left	KateOsamor	Osamor, Kate Ofunne	F	-	
ParlaMint-GB-en_2022-03-31-commons	ParlaMint-GB_2022-03-31-commons.u32	Minutes of the House of Commons, Daily Session 2022-03-31	2022-03-31	Lower house	58	-	2022-03-31	2022-03-31	-	COVID,War	English	Regular	MP	notMinister	CON	Conservative	-	Centre-right	MichaelEllis	Ellis, Michael Tyrone	M	-	
ParlaMint-GB-en_2022-03-31-commons	ParlaMint-GB_2022-03-31-commons.u33	Minutes of the House of Commons, Daily Session 2022-03-31	2022-03-31	Lower house	58	-	2022-03-31	2022-03-31	-	COVID,War	English	Regular	MP	notMinister	LAB	Labour	Opposition	Centre-left	KateOsamor	Osamor, Kate Ofunne	F	-	
ParlaMint-GB-en_2022-03-31-commons	ParlaMint-GB_2022-03-31-commons.u34	Minutes of the House of Commons, Daily Session 2022-03-31	2022-03-31	Lower house	58	-	2022-03-31	2022-03-31	-	COVID,War	English	Regular	MP	notMinister	CON	Conservative	-	Centre-right	MichaelEllis	Ellis, Michael Tyrone	M	-	
ParlaMint-GB-en_2022-03-31-commons	ParlaMint-GB_2022-03-31-commons.u35	Minutes of the House of Commons, Daily Session 2022-03-31	2022-03-31	Lower house	58	-	2022-03-31	2022-03-31	-	COVID,War	English	Regular	MP	notMinister	LAB	Labour	Opposition	Centre-left	FleurAnderson	Anderson, Fleur	F	-	
ParlaMint-GB-en_2022-03-31-commons	ParlaMint-GB_2022-03-31-commons.u36	Minutes of the House of Commons, Daily Session 2022-03-31	2022-03-31	Lower house	58	-	2022-03-31	2022-03-31	-	COVID,War	English	Regular	MP	notMinister	CON	Conservative	-	Centre-right	MichaelEllis	Ellis, Michael Tyrone	M	-	
ParlaMint-GB-en_2022-03-31-commons	ParlaMint-GB_2022-03-31-commons.u37	Minutes of the House of Commons, Daily Session 2022-03-31	2022-03-31	Lower house	58	-	2022-03-31	2022-03-31	-	COVID,War	English	Regular	MP	notMinister	CON	Conservative	-	Centre-right	JamesSunderland	Sunderland, James	M	-	
ParlaMint-GB-en_2022-03-31-commons	ParlaMint-GB_2022-03-31-commons.u38	Minutes of the House of Commons, Daily Session 2022-03-31	2022-03-31	Lower house	58	-	2022-03-31	2022-03-31	-	COVID,War	English	Regular	MP	notMinister	I;CON	Independent;Conservative	-	Centre-right	StephenHammond	Hammond, Stephen William	M	-	
ParlaMint-GB-en_2022-03-31-commons	ParlaMint-GB_2022-03-31-commons.u39	Minutes of the House of Commons, Daily Session 2022-03-31	2022-03-31	Lower house	58	-	2022-03-31	2022-03-31	-	COVID,War	English	Regular	MP	notMinister	CON	Conservative	-	Centre-right	NigelAdams	Adams, Nigel	M	-	
ParlaMint-GB-en_2022-03-31-commons	ParlaMint-GB_2022-03-31-commons.u40	Minutes of the House of Commons, Daily Session 2022-03-31	2022-03-31	Lower house	58	-	2022-03-31	2022-03-31	-	COVID,War	English	Regular	MP	notMinister	CON	Conservative	-	Centre-right	JamesSunderland	Sunderland, James	M	-	
ParlaMint-GB-en_2022-03-31-commons	ParlaMint-GB_2022-03-31-commons.u41	Minutes of the House of Commons, Daily Session 2022-03-31	2022-03-31	Lower house	58	-	2022-03-31	2022-03-31	-	COVID,War	English	Regular	MP	notMinister	CON	Conservative	-	Centre-right	NigelAdams	Adams, Nigel	M	-	
ParlaMint-GB-en_2022-03-31-commons	ParlaMint-GB_2022-03-31-commons.u42	Minutes of the House of Commons, Daily Session 2022-03-31	2022-03-31	Lower house	58	-	2022-03-31	2022-03-31	-	COVID,War	English	Regular	MP	notMinister	I;CON	Independent;Conservative	-	Centre-right	StephenHammond	Hammond, Stephen William	M	-	
ParlaMint-GB-en_2022-03-31-commons	ParlaMint-GB_2022-03-31-commons.u43	Minutes of the House of Commons, Daily Session 2022-03-31	2022-03-31	Lower house	58	-	2022-03-31	2022-03-31	-	COVID,War	English	Regular	MP	notMinister	CON	Conservative	-	Centre-right	NigelAdams	Adams, Nigel	M	-	
ParlaMint-GB-en_2022-03-31-commons	ParlaMint-GB_2022-03-31-commons.u44	Minutes of the House of Commons, Daily Session 2022-03-31	2022-03-31	Lower house	58	-	2022-03-31	2022-03-31	-	COVID,War	English	Regular	MP	notMinister	CON	Conservative	-	Centre-right	AndrewLewer	Lewer, Andrew Iain	M	-	
ParlaMint-GB-en_2022-03-31-commons	ParlaMint-GB_2022-03-31-commons.u45	Minutes of the House of Commons, Daily Session 2022-03-31	2022-03-31	Lower house	58	-	2022-03-31	2022-03-31	-	COVID,War	English	Regular	MP	notMinister	CON	Conservative	-	Centre-right	NeilParish	Parish, Neil Quentin Gordon	M	-	
ParlaMint-GB-en_2022-03-31-commons	ParlaMint-GB_2022-03-31-commons.u46	Minutes of the House of Commons, Daily Session 2022-03-31	2022-03-31	Lower house	58	-	2022-03-31	2022-03-31	-	COVID,War	English	Regular	MP	notMinister	CON	Conservative	-	Centre-right	RobertBlackman	Blackman, Robert John	M	-	
ParlaMint-GB-en_2022-03-31-commons	ParlaMint-GB_2022-03-31-commons.u47	Minutes of the House of Commons, Daily Session 2022-03-31	2022-03-31	Lower house	58	-	2022-03-31	2022-03-31	-	COVID,War	English	Regular	MP	notMinister	CON	Conservative	-	Centre-right	StephenBarclay	Barclay, Stephen Paul	M	-	
ParlaMint-GB-en_2022-03-31-commons	ParlaMint-GB_2022-03-31-commons.u48	Minutes of the House of Commons, Daily Session 2022-03-31	2022-03-31	Lower house	58	-	2022-03-31	2022-03-31	-	COVID,War	English	Regular	MP	notMinister	CON	Conservative	-	Centre-right	AndrewLewer	Lewer, Andrew Iain	M	-	
ParlaMint-GB-en_2022-03-31-commons	ParlaMint-GB_2022-03-31-commons.u49	Minutes of the House of Commons, Daily Session 2022-03-31	2022-03-31	Lower house	58	-	2022-03-31	2022-03-31	-	COVID,War	English	Regular	MP	notMinister	CON	Conservative	-	Centre-right	StephenBarclay	Barclay, Stephen Paul	M	-	
ParlaMint-GB-en_2022-03-31-commons	ParlaMint-GB_2022-03-31-commons.u50	Minutes of the House of Commons, Daily Session 2022-03-31	2022-03-31	Lower house	58	-	2022-03-31	2022-03-31	-	COVID,War	English	Regular	MP	notMinister	CON	Conservative	-	Centre-right	NeilParish	Parish, Neil Quentin Gordon	M	-	
ParlaMint-GB-en_2022-03-31-commons	ParlaMint-GB_2022-03-31-commons.u51	Minutes of the House of Commons, Daily Session 2022-03-31	2022-03-31	Lower house	58	-	2022-03-31	2022-03-31	-	COVID,War	English	Regular	MP	notMinister	CON	Conservative	-	Centre-right	StephenBarclay	Barclay, Stephen Paul	M	-	
ParlaMint-GB-en_2022-03-31-commons	ParlaMint-GB_2022-03-31-commons.u52	Minutes of the House of Commons, Daily Session 2022-03-31	2022-03-31	Lower house	58	-	2022-03-31	2022-03-31	-	COVID,War	English	Regular	MP	notMinister	CON	Conservative	-	Centre-right	RobertBlackman	Blackman, Robert John	M	-	
ParlaMint-GB-en_2022-03-31-commons	ParlaMint-GB_2022-03-31-commons.u53	Minutes of the House of Commons, Daily Session 2022-03-31	2022-03-31	Lower house	58	-	2022-03-31	2022-03-31	-	COVID,War	English	Regular	MP	notMinister	CON	Conservative	-	Centre-right	StephenBarclay	Barclay, Stephen Paul	M	-	
ParlaMint-GB-en_2022-03-31-commons	ParlaMint-GB_2022-03-31-commons.u54	Minutes of the House of Commons, Daily Session 2022-03-31	2022-03-31	Lower house	58	-	2022-03-31	2022-03-31	-	COVID,War	English	Regular	MP	notMinister	LAB	Labour	Opposition	Centre-left	AndrewGwynne	Gwynne, Andrew John	M	-	
ParlaMint-GB-en_2022-03-31-commons	ParlaMint-GB_2022-03-31-commons.u55	Minutes of the House of Commons, Daily Session 2022-03-31	2022-03-31	Lower house	58	-	2022-03-31	2022-03-31	-	COVID,War	English	Regular	MP	notMinister	CON	Conservative	-	Centre-right	StephenBarclay	Barclay, Stephen Paul	M	-	
ParlaMint-GB-en_2022-03-31-commons	ParlaMint-GB_2022-03-31-commons.u56	Minutes of the House of Commons, Daily Session 2022-03-31	2022-03-31	Lower house	58	-	2022-03-31	2022-03-31	-	COVID,War	English	Regular	MP	notMinister	DUP	Democratic Unionist Party	-	Right	RichardShannon	Shannon, Richard James	M	-	
ParlaMint-GB-en_2022-03-31-commons	ParlaMint-GB_2022-03-31-commons.u57	Minutes of the House of Commons, Daily Session 2022-03-31	2022-03-31	Lower house	58	-	2022-03-31	2022-03-31	-	COVID,War	English	Regular	MP	notMinister	CON	Conservative	-	Centre-right	StephenBarclay	Barclay, Stephen Paul	M	-	
ParlaMint-GB-en_2022-03-31-commons	ParlaMint-GB_2022-03-31-commons.u58	Minutes of the House of Commons, Daily Session 2022-03-31	2022-03-31	Lower house	58	-	2022-03-31	2022-03-31	-	COVID,War	English	Regular	MP	notMinister	SNP	Scottish National Party	-	Centre-left	ChristopherStephens	Stephens, Christopher Charles	M	-	
ParlaMint-GB-en_2022-03-31-commons	ParlaMint-GB_2022-03-31-commons.u59	Minutes of the House of Commons, Daily Session 2022-03-31	2022-03-31	Lower house	58	-	2022-03-31	2022-03-31	-	COVID,War	English	Regular	MP	notMinister	CON	Conservative	-	Centre-right	TheresaVilliers	Villiers, Theresa Anne	F	-	
ParlaMint-GB-en_2022-03-31-commons	ParlaMint-GB_2022-03-31-commons.u60	Minutes of the House of Commons, Daily Session 2022-03-31	2022-03-31	Lower house	58	-	2022-03-31	2022-03-31	-	COVID,War	English	Regular	MP	notMinister	CON	Conservative	-	Centre-right	PeterAldous	Aldous, Peter James Guy	M	-	
ParlaMint-GB-en_2022-03-31-commons	ParlaMint-GB_2022-03-31-commons.u61	Minutes of the House of Commons, Daily Session 2022-03-31	2022-03-31	Lower house	58	-	2022-03-31	2022-03-31	-	COVID,War	English	Regular	MP	notMinister	CON	Conservative	-	Centre-right	JacobReesMogg	Rees-Mogg, Jacob William	M	-	
ParlaMint-GB-en_2022-03-31-commons	ParlaMint-GB_2022-03-31-commons.u62	Minutes of the House of Commons, Daily Session 2022-03-31	2022-03-31	Lower house	58	-	2022-03-31	2022-03-31	-	COVID,War	English	Chairperson	MP	notMinister	LAB	Labour	Opposition	Centre-left	LindsayHoyle	Hoyle, Lindsay Harvey	M	-	
ParlaMint-GB-en_2022-03-31-commons	ParlaMint-GB_2022-03-31-commons.u63	Minutes of the House of Commons, Daily Session 2022-03-31	2022-03-31	Lower house	58	-	2022-03-31	2022-03-31	-	COVID,War	English	Regular	MP	notMinister	CON	Conservative	-	Centre-right	TheresaVilliers	Villiers, Theresa Anne	F	-	
ParlaMint-GB-en_2022-03-31-commons	ParlaMint-GB_2022-03-31-commons.u64	Minutes of the House of Commons, Daily Session 2022-03-31	2022-03-31	Lower house	58	-	2022-03-31	2022-03-31	-	COVID,War	English	Regular	MP	notMinister	CON	Conservative	-	Centre-right	JacobReesMogg	Rees-Mogg, Jacob William	M	-	
ParlaMint-GB-en_2022-03-31-commons	ParlaMint-GB_2022-03-31-commons.u65	Minutes of the House of Commons, Daily Session 2022-03-31	2022-03-31	Lower house	58	-	2022-03-31	2022-03-31	-	COVID,War	English	Regular	MP	notMinister	CON	Conservative	-	Centre-right	PeterAldous	Aldous, Peter James Guy	M	-	
ParlaMint-GB-en_2022-03-31-commons	ParlaMint-GB_2022-03-31-commons.u66	Minutes of the House of Commons, Daily Session 2022-03-31	2022-03-31	Lower house	58	-	2022-03-31	2022-03-31	-	COVID,War	English	Regular	MP	notMinister	CON	Conservative	-	Centre-right	JacobReesMogg	Rees-Mogg, Jacob William	M	-	
ParlaMint-GB-en_2022-03-31-commons	ParlaMint-GB_2022-03-31-commons.u67	Minutes of the House of Commons, Daily Session 2022-03-31	2022-03-31	Lower house	58	-	2022-03-31	2022-03-31	-	COVID,War	English	Regular	MP	notMinister	SNP	Scottish National Party	-	Centre-left	PeterGrant	Grant, Peter	M	-	
ParlaMint-GB-en_2022-03-31-commons	ParlaMint-GB_2022-03-31-commons.u68	Minutes of the House of Commons, Daily Session 2022-03-31	2022-03-31	Lower house	58	-	2022-03-31	2022-03-31	-	COVID,War	English	Regular	MP	notMinister	CON	Conservative	-	Centre-right	JacobReesMogg	Rees-Mogg, Jacob William	M	-	
ParlaMint-GB-en_2022-03-31-commons	ParlaMint-GB_2022-03-31-commons.u69	Minutes of the House of Commons, Daily Session 2022-03-31	2022-03-31	Lower house	58	-	2022-03-31	2022-03-31	-	COVID,War	English	Chairperson	MP	notMinister	LAB	Labour	Opposition	Centre-left	LindsayHoyle	Hoyle, Lindsay Harvey	M	-	
ParlaMint-GB-en_2022-03-31-commons	ParlaMint-GB_2022-03-31-commons.u70	Minutes of the House of Commons, Daily Session 2022-03-31	2022-03-31	Lower house	58	-	2022-03-31	2022-03-31	-	COVID,War	English	Regular	MP	notMinister	SNP	Scottish National Party	-	Centre-left	BrendanOHara	O'Hara, Brendan	M	-	
ParlaMint-GB-en_2022-03-31-commons	ParlaMint-GB_2022-03-31-commons.u71	Minutes of the House of Commons, Daily Session 2022-03-31	2022-03-31	Lower house	58	-	2022-03-31	2022-03-31	-	COVID,War	English	Regular	MP	notMinister	CON	Conservative	-	Centre-right	JacobReesMogg	Rees-Mogg, Jacob William	M	-	
ParlaMint-GB-en_2022-03-31-commons	ParlaMint-GB_2022-03-31-commons.u72	Minutes of the House of Commons, Daily Session 2022-03-31	2022-03-31	Lower house	58	-	2022-03-31	2022-03-31	-	COVID,War	English	Regular	MP	notMinister	SNP	Scottish National Party	-	Centre-left	BrendanOHara	O'Hara, Brendan	M	-	
ParlaMint-GB-en_2022-03-31-commons	ParlaMint-GB_2022-03-31-commons.u73	Minutes of the House of Commons, Daily Session 2022-03-31	2022-03-31	Lower house	58	-	2022-03-31	2022-03-31	-	COVID,War	English	Regular	MP	notMinister	CON	Conservative	-	Centre-right	JacobReesMogg	Rees-Mogg, Jacob William	M	-	
ParlaMint-GB-en_2022-03-31-commons	ParlaMint-GB_2022-03-31-commons.u74	Minutes of the House of Commons, Daily Session 2022-03-31	2022-03-31	Lower house	58	-	2022-03-31	2022-03-31	-	COVID,War	English	Regular	MP	notMinister	LD	Liberal Democrat	-	Centre to centre-left	WeraHobhouse	Hobhouse, Wera Benedicta	F	-	
ParlaMint-GB-en_2022-03-31-commons	ParlaMint-GB_2022-03-31-commons.u75	Minutes of the House of Commons, Daily Session 2022-03-31	2022-03-31	Lower house	58	-	2022-03-31	2022-03-31	-	COVID,War	English	Regular	MP	notMinister	CON	Conservative	-	Centre-right	StephenBarclay	Barclay, Stephen Paul	M	-	
ParlaMint-GB-en_2022-03-31-commons	ParlaMint-GB_2022-03-31-commons.u76	Minutes of the House of Commons, Daily Session 2022-03-31	2022-03-31	Lower house	58	-	2022-03-31	2022-03-31	-	COVID,War	English	Regular	MP	notMinister	LD	Liberal Democrat	-	Centre to centre-left	WeraHobhouse	Hobhouse, Wera Benedicta	F	-	
ParlaMint-GB-en_2022-03-31-commons	ParlaMint-GB_2022-03-31-commons.u77	Minutes of the House of Commons, Daily Session 2022-03-31	2022-03-31	Lower house	58	-	2022-03-31	2022-03-31	-	COVID,War	English	Regular	MP	notMinister	CON	Conservative	-	Centre-right	StephenBarclay	Barclay, Stephen Paul	M	-	
ParlaMint-GB-en_2022-03-31-commons	ParlaMint-GB_2022-03-31-commons.u78	Minutes of the House of Commons, Daily Session 2022-03-31	2022-03-31	Lower house	58	-	2022-03-31	2022-03-31	-	COVID,War	English	Regular	MP	notMinister	CON	Conservative	-	Centre-right	StevenBaker	Baker, Steven John	M	-	
ParlaMint-GB-en_2022-03-31-commons	ParlaMint-GB_2022-03-31-commons.u79	Minutes of the House of Commons, Daily Session 2022-03-31	2022-03-31	Lower house	58	-	2022-03-31	2022-03-31	-	COVID,War	English	Regular	MP	notMinister	CON	Conservative	-	Centre-right	StephenBarclay	Barclay, Stephen Paul	M	-	
ParlaMint-GB-en_2022-03-31-commons	ParlaMint-GB_2022-03-31-commons.u80	Minutes of the House of Commons, Daily Session 2022-03-31	2022-03-31	Lower house	58	-	2022-03-31	2022-03-31	-	COVID,War	English	Regular	MP	notMinister	CON	Conservative	-	Centre-right	StevenBaker	Baker, Steven John	M	-	
ParlaMint-GB-en_2022-03-31-commons	ParlaMint-GB_2022-03-31-commons.u81	Minutes of the House of Commons, Daily Session 2022-03-31	2022-03-31	Lower house	58	-	2022-03-31	2022-03-31	-	COVID,War	English	Regular	MP	notMinister	CON	Conservative	-	Centre-right	StephenBarclay	Barclay, Stephen Paul	M	-	
ParlaMint-GB-en_2022-03-31-commons	ParlaMint-GB_2022-03-31-commons.u82	Minutes of the House of Commons, Daily Session 2022-03-31	2022-03-31	Lower house	58	-	2022-03-31	2022-03-31	-	COVID,War	English	Chairperson	MP	notMinister	LAB	Labour	Opposition	Centre-left	LindsayHoyle	Hoyle, Lindsay Harvey	M	-	
ParlaMint-GB-en_2022-03-31-commons	ParlaMint-GB_2022-03-31-commons.u83	Minutes of the House of Commons, Daily Session 2022-03-31	2022-03-31	Lower house	58	-	2022-03-31	2022-03-31	-	COVID,War	English	Regular	MP	notMinister	CON	Conservative	-	Centre-right	JamesSunderland	Sunderland, James	M	-	
ParlaMint-GB-en_2022-03-31-commons	ParlaMint-GB_2022-03-31-commons.u84	Minutes of the House of Commons, Daily Session 2022-03-31	2022-03-31	Lower house	58	-	2022-03-31	2022-03-31	-	COVID,War	English	Regular	MP	notMinister	CON	Conservative	-	Centre-right	StephenBarclay	Barclay, Stephen Paul	M	-	
ParlaMint-GB-en_2022-03-31-commons	ParlaMint-GB_2022-03-31-commons.u85	Minutes of the House of Commons, Daily Session 2022-03-31	2022-03-31	Lower house	58	-	2022-03-31	2022-03-31	-	COVID,War	English	Regular	MP	notMinister	CON	Conservative	-	Centre-right	JamesSunderland	Sunderland, James	M	-	
ParlaMint-GB-en_2022-03-31-commons	ParlaMint-GB_2022-03-31-commons.u86	Minutes of the House of Commons, Daily Session 2022-03-31	2022-03-31	Lower house	58	-	2022-03-31	2022-03-31	-	COVID,War	English	Regular	MP	notMinister	CON	Conservative	-	Centre-right	StephenBarclay	Barclay, Stephen Paul	M	-	
ParlaMint-GB-en_2022-03-31-commons	ParlaMint-GB_2022-03-31-commons.u87	Minutes of the House of Commons, Daily Session 2022-03-31	2022-03-31	Lower house	58	-	2022-03-31	2022-03-31	-	COVID,War	English	Regular	MP	notMinister	LAB	Labour	Opposition	Centre-left	FleurAnderson	Anderson, Fleur	F	-	
ParlaMint-GB-en_2022-03-31-commons	ParlaMint-GB_2022-03-31-commons.u88	Minutes of the House of Commons, Daily Session 2022-03-31	2022-03-31	Lower house	58	-	2022-03-31	2022-03-31	-	COVID,War	English	Regular	MP	notMinister	CON	Conservative	-	Centre-right	StephenBarclay	Barclay, Stephen Paul	M	-	
ParlaMint-GB-en_2022-03-31-commons	ParlaMint-GB_2022-03-31-commons.u89	Minutes of the House of Commons, Daily Session 2022-03-31	2022-03-31	Lower house	58	-	2022-03-31	2022-03-31	-	COVID,War	English	Regular	MP	notMinister	LAB	Labour	Opposition	Centre-left	FleurAnderson	Anderson, Fleur	F	-	
ParlaMint-GB-en_2022-03-31-commons	ParlaMint-GB_2022-03-31-commons.u90	Minutes of the House of Commons, Daily Session 2022-03-31	2022-03-31	Lower house	58	-	2022-03-31	2022-03-31	-	COVID,War	English	Chairperson	MP	notMinister	LAB	Labour	Opposition	Centre-left	LindsayHoyle	Hoyle, Lindsay Harvey	M	-	
ParlaMint-GB-en_2022-03-31-commons	ParlaMint-GB_2022-03-31-commons.u91	Minutes of the House of Commons, Daily Session 2022-03-31	2022-03-31	Lower house	58	-	2022-03-31	2022-03-31	-	COVID,War	English	Regular	MP	notMinister	LAB	Labour	Opposition	Centre-left	FleurAnderson	Anderson, Fleur	F	-	
ParlaMint-GB-en_2022-03-31-commons	ParlaMint-GB_2022-03-31-commons.u92	Minutes of the House of Commons, Daily Session 2022-03-31	2022-03-31	Lower house	58	-	2022-03-31	2022-03-31	-	COVID,War	English	Chairperson	MP	notMinister	LAB	Labour	Opposition	Centre-left	LindsayHoyle	Hoyle, Lindsay Harvey	M	-	
ParlaMint-GB-en_2022-03-31-commons	ParlaMint-GB_2022-03-31-commons.u93	Minutes of the House of Commons, Daily Session 2022-03-31	2022-03-31	Lower house	58	-	2022-03-31	2022-03-31	-	COVID,War	English	Regular	MP	notMinister	LAB	Labour	Opposition	Centre-left	FleurAnderson	Anderson, Fleur	F	-	
ParlaMint-GB-en_2022-03-31-commons	ParlaMint-GB_2022-03-31-commons.u94	Minutes of the House of Commons, Daily Session 2022-03-31	2022-03-31	Lower house	58	-	2022-03-31	2022-03-31	-	COVID,War	English	Regular	MP	notMinister	CON	Conservative	-	Centre-right	StephenBarclay	Barclay, Stephen Paul	M	-	
ParlaMint-GB-en_2022-03-31-commons	ParlaMint-GB_2022-03-31-commons.u95	Minutes of the House of Commons, Daily Session 2022-03-31	2022-03-31	Lower house	58	-	2022-03-31	2022-03-31	-	COVID,War	English	Regular	MP	notMinister	CON	Conservative	-	Centre-right	ShaunBailey	Bailey, Shaun Stephen	M	-	
ParlaMint-GB-en_2022-03-31-commons	ParlaMint-GB_2022-03-31-commons.u96	Minutes of the House of Commons, Daily Session 2022-03-31	2022-03-31	Lower house	58	-	2022-03-31	2022-03-31	-	COVID,War	English	Regular	MP	notMinister	CON	Conservative	-	Centre-right	StephenBarclay	Barclay, Stephen Paul	M	-	
ParlaMint-GB-en_2022-03-31-commons	ParlaMint-GB_2022-03-31-commons.u97	Minutes of the House of Commons, Daily Session 2022-03-31	2022-03-31	Lower house	58	-	2022-03-31	2022-03-31	-	COVID,War	English	Regular	MP	notMinister	LAB	Labour	Opposition	Centre-left	MohammedKhan	Khan, Mohammed Afzal	M	-	
ParlaMint-GB-en_2022-03-31-commons	ParlaMint-GB_2022-03-31-commons.u98	Minutes of the House of Commons, Daily Session 2022-03-31	2022-03-31	Lower house	58	-	2022-03-31	2022-03-31	-	COVID,War	English	Regular	MP	notMinister	CON	Conservative	-	Centre-right	StephenBarclay	Barclay, Stephen Paul	M	-	
ParlaMint-GB-en_2022-03-31-commons	ParlaMint-GB_2022-03-31-commons.u99	Minutes of the House of Commons, Daily Session 2022-03-31	2022-03-31	Lower house	58	-	2022-03-31	2022-03-31	-	COVID,War	English	Regular	MP	notMinister	CON	Conservative	-	Centre-right	DamianCollins	Collins, Damian Noel Thomas	M	-	
ParlaMint-GB-en_2022-03-31-commons	ParlaMint-GB_2022-03-31-commons.u100	Minutes of the House of Commons, Daily Session 2022-03-31	2022-03-31	Lower house	58	-	2022-03-31	2022-03-31	-	COVID,War	English	Regular	MP	notMinister	CON	Conservative	-	Centre-right	StephenBarclay	Barclay, Stephen Paul	M	-	
ParlaMint-GB-en_2022-03-31-commons	ParlaMint-GB_2022-03-31-commons.u101	Minutes of the House of Commons, Daily Session 2022-03-31	2022-03-31	Lower house	58	-	2022-03-31	2022-03-31	-	COVID,War	English	Regular	MP	notMinister	SNP	Scottish National Party	-	Centre-left	AlisonThewliss	Thewliss, Alison Emily	F	-	
ParlaMint-GB-en_2022-03-31-commons	ParlaMint-GB_2022-03-31-commons.u102	Minutes of the House of Commons, Daily Session 2022-03-31	2022-03-31	Lower house	58	-	2022-03-31	2022-03-31	-	COVID,War	English	Regular	MP	notMinister	CON	Conservative	-	Centre-right	StephenBarclay	Barclay, Stephen Paul	M	-	
ParlaMint-GB-en_2022-03-31-commons	ParlaMint-GB_2022-03-31-commons.u103	Minutes of the House of Commons, Daily Session 2022-03-31	2022-03-31	Lower house	58	-	2022-03-31	2022-03-31	-	COVID,War	English	Regular	MP	notMinister	CON	Conservative	-	Centre-right	GregSmith	Smith, Greg	M	-	
ParlaMint-GB-en_2022-03-31-commons	ParlaMint-GB_2022-03-31-commons.u104	Minutes of the House of Commons, Daily Session 2022-03-31	2022-03-31	Lower house	58	-	2022-03-31	2022-03-31	-	COVID,War	English	Regular	MP	notMinister	CON	Conservative	-	Centre-right	JacobReesMogg	Rees-Mogg, Jacob William	M	-	
ParlaMint-GB-en_2022-03-31-commons	ParlaMint-GB_2022-03-31-commons.u105	Minutes of the House of Commons, Daily Session 2022-03-31	2022-03-31	Lower house	58	-	2022-03-31	2022-03-31	-	COVID,War	English	Regular	MP	notMinister	LAB	Labour	Opposition	Centre-left	AndrewGwynne	Gwynne, Andrew John	M	-	
ParlaMint-GB-en_2022-03-31-commons	ParlaMint-GB_2022-03-31-commons.u106	Minutes of the House of Commons, Daily Session 2022-03-31	2022-03-31	Lower house	58	-	2022-03-31	2022-03-31	-	COVID,War	English	Regular	MP	notMinister	CON	Conservative	-	Centre-right	StephenBarclay	Barclay, Stephen Paul	M	-	
ParlaMint-GB-en_2022-03-31-commons	ParlaMint-GB_2022-03-31-commons.u107	Minutes of the House of Commons, Daily Session 2022-03-31	2022-03-31	Lower house	58	-	2022-03-31	2022-03-31	-	COVID,War	English	Regular	MP	notMinister	CON	Conservative	-	Centre-right	DavidDuguid	Duguid, David James	M	-	
ParlaMint-GB-en_2022-03-31-commons	ParlaMint-GB_2022-03-31-commons.u108	Minutes of the House of Commons, Daily Session 2022-03-31	2022-03-31	Lower house	58	-	2022-03-31	2022-03-31	-	COVID,War	English	Regular	MP	notMinister	CON	Conservative	-	Centre-right	LeoDocherty	Docherty, Leo	M	-	
ParlaMint-GB-en_2022-03-31-commons	ParlaMint-GB_2022-03-31-commons.u109	Minutes of the House of Commons, Daily Session 2022-03-31	2022-03-31	Lower house	58	-	2022-03-31	2022-03-31	-	COVID,War	English	Chairperson	MP	notMinister	LAB	Labour	Opposition	Centre-left	LindsayHoyle	Hoyle, Lindsay Harvey	M	-	
ParlaMint-GB-en_2022-03-31-commons	ParlaMint-GB_2022-03-31-commons.u110	Minutes of the House of Commons, Daily Session 2022-03-31	2022-03-31	Lower house	58	-	2022-03-31	2022-03-31	-	COVID,War	English	Regular	MP	notMinister	SNP	Scottish National Party	-	Centre-left	PeterGrant	Grant, Peter	M	-	
ParlaMint-GB-en_2022-03-31-commons	ParlaMint-GB_2022-03-31-commons.u111	Minutes of the House of Commons, Daily Session 2022-03-31	2022-03-31	Lower house	58	-	2022-03-31	2022-03-31	-	COVID,War	English	Regular	MP	notMinister	CON	Conservative	-	Centre-right	StephenBarclay	Barclay, Stephen Paul	M	-	
ParlaMint-GB-en_2022-03-31-commons	ParlaMint-GB_2022-03-31-commons.u112	Minutes of the House of Commons, Daily Session 2022-03-31	2022-03-31	Lower house	58	-	2022-03-31	2022-03-31	-	COVID,War	English	Regular	MP	notMinister	CON	Conservative	-	Centre-right	GilesWatling	Watling, Giles Francis	M	-	
ParlaMint-GB-en_2022-03-31-commons	ParlaMint-GB_2022-03-31-commons.u113	Minutes of the House of Commons, Daily Session 2022-03-31	2022-03-31	Lower house	58	-	2022-03-31	2022-03-31	-	COVID,War	English	Regular	MP	notMinister	CON	Conservative	-	Centre-right	StephenBarclay	Barclay, Stephen Paul	M	-	
ParlaMint-GB-en_2022-03-31-commons	ParlaMint-GB_2022-03-31-commons.u114	Minutes of the House of Commons, Daily Session 2022-03-31	2022-03-31	Lower house	58	-	2022-03-31	2022-03-31	-	COVID,War	English	Chairperson	MP	notMinister	LAB	Labour	Opposition	Centre-left	LindsayHoyle	Hoyle, Lindsay Harvey	M	-	
ParlaMint-GB-en_2022-03-31-commons	ParlaMint-GB_2022-03-31-commons.u115	Minutes of the House of Commons, Daily Session 2022-03-31	2022-03-31	Lower house	58	-	2022-03-31	2022-03-31	-	COVID,War	English	Regular	MP	notMinister	DUP	Democratic Unionist Party	-	Right	RichardShannon	Shannon, Richard James	M	-	
ParlaMint-GB-en_2022-03-31-commons	ParlaMint-GB_2022-03-31-commons.u116	Minutes of the House of Commons, Daily Session 2022-03-31	2022-03-31	Lower house	58	-	2022-03-31	2022-03-31	-	COVID,War	English	Regular	MP	notMinister	CON	Conservative	-	Centre-right	StephenBarclay	Barclay, Stephen Paul	M	-	
ParlaMint-GB-en_2022-03-31-commons	ParlaMint-GB_2022-03-31-commons.u117	Minutes of the House of Commons, Daily Session 2022-03-31	2022-03-31	Lower house	58	-	2022-03-31	2022-03-31	-	COVID,War	English	Regular	MP	notMinister	CON	Conservative	-	Centre-right	RichardHolden	Holden, Richard John	M	-	
ParlaMint-GB-en_2022-03-31-commons	ParlaMint-GB_2022-03-31-commons.u118	Minutes of the House of Commons, Daily Session 2022-03-31	2022-03-31	Lower house	58	-	2022-03-31	2022-03-31	-	COVID,War	English	Regular	MP	notMinister	CON	Conservative	-	Centre-right	HeatherWheeler	Wheeler, Heather Kay	F	-	
ParlaMint-GB-en_2022-03-31-commons	ParlaMint-GB_2022-03-31-commons.u119	Minutes of the House of Commons, Daily Session 2022-03-31	2022-03-31	Lower house	58	-	2022-03-31	2022-03-31	-	COVID,War	English	Regular	MP	notMinister	CON	Conservative	-	Centre-right	DesmondSwayne	Swayne, Desmond Angus	M	-	
ParlaMint-GB-en_2022-03-31-commons	ParlaMint-GB_2022-03-31-commons.u120	Minutes of the House of Commons, Daily Session 2022-03-31	2022-03-31	Lower house	58	-	2022-03-31	2022-03-31	-	COVID,War	English	Regular	MP	notMinister	CON	Conservative	-	Centre-right	StephenBarclay	Barclay, Stephen Paul	M	-	
ParlaMint-GB-en_2022-03-31-commons	ParlaMint-GB_2022-03-31-commons.u121	Minutes of the House of Commons, Daily Session 2022-03-31	2022-03-31	Lower house	58	-	2022-03-31	2022-03-31	-	COVID,War	English	Regular	MP	notMinister	CON	Conservative	-	Centre-right	NeilParish	Parish, Neil Quentin Gordon	M	-	
ParlaMint-GB-en_2022-03-31-commons	ParlaMint-GB_2022-03-31-commons.u122	Minutes of the House of Commons, Daily Session 2022-03-31	2022-03-31	Lower house	58	-	2022-03-31	2022-03-31	-	COVID,War	English	Regular	MP	notMinister	CON	Conservative	-	Centre-right	NigelAdams	Adams, Nigel	M	-	
ParlaMint-GB-en_2022-03-31-commons	ParlaMint-GB_2022-03-31-commons.u123	Minutes of the House of Commons, Daily Session 2022-03-31	2022-03-31	Lower house	58	-	2022-03-31	2022-03-31	-	COVID,War	English	Regular	MP	notMinister	CON	Conservative	-	Centre-right	ChristopherChope	Chope, Christopher Robert	M	-	
ParlaMint-GB-en_2022-03-31-commons	ParlaMint-GB_2022-03-31-commons.u124	Minutes of the House of Commons, Daily Session 2022-03-31	2022-03-31	Lower house	58	-	2022-03-31	2022-03-31	-	COVID,War	English	Regular	MP	notMinister	CON	Conservative	-	Centre-right	JacobReesMogg	Rees-Mogg, Jacob William	M	-	
ParlaMint-GB-en_2022-03-31-commons	ParlaMint-GB_2022-03-31-commons.u125	Minutes of the House of Commons, Daily Session 2022-03-31	2022-03-31	Lower house	58	-	2022-03-31	2022-03-31	-	COVID,War	English	Chairperson	MP	notMinister	LAB	Labour	Opposition	Centre-left	LindsayHoyle	Hoyle, Lindsay Harvey	M	-	
ParlaMint-GB-en_2022-03-31-commons	ParlaMint-GB_2022-03-31-commons.u126	Minutes of the House of Commons, Daily Session 2022-03-31	2022-03-31	Lower house	58	-	2022-03-31	2022-03-31	-	COVID,War	English	Regular	MP	notMinister	CON	Conservative	-	Centre-right	AnthonyMangnall	Mangnall, Anthony James Holland	M	-	
ParlaMint-GB-en_2022-03-31-commons	ParlaMint-GB_2022-03-31-commons.u127	Minutes of the House of Commons, Daily Session 2022-03-31	2022-03-31	Lower house	58	-	2022-03-31	2022-03-31	-	COVID,War	English	Regular	MP	notMinister	CON	Conservative	-	Centre-right	VictoriaFord	Ford, Victoria Grace	F	-	
ParlaMint-GB-en_2022-03-31-commons	ParlaMint-GB_2022-03-31-commons.u128	Minutes of the House of Commons, Daily Session 2022-03-31	2022-03-31	Lower house	58	-	2022-03-31	2022-03-31	-	COVID,War	English	Regular	MP	notMinister	CON	Conservative	-	Centre-right	AnthonyMangnall	Mangnall, Anthony James Holland	M	-	
ParlaMint-GB-en_2022-03-31-commons	ParlaMint-GB_2022-03-31-commons.u129	Minutes of the House of Commons, Daily Session 2022-03-31	2022-03-31	Lower house	58	-	2022-03-31	2022-03-31	-	COVID,War	English	Regular	MP	notMinister	CON	Conservative	-	Centre-right	VictoriaFord	Ford, Victoria Grace	F	-	
ParlaMint-GB-en_2022-03-31-commons	ParlaMint-GB_2022-03-31-commons.u130	Minutes of the House of Commons, Daily Session 2022-03-31	2022-03-31	Lower house	58	-	2022-03-31	2022-03-31	-	COVID,War	English	Regular	MP	notMinister	LAB	Labour	Opposition	Centre-left	StephenDoughty	Doughty, Stephen John	M	-	
ParlaMint-GB-en_2022-03-31-commons	ParlaMint-GB_2022-03-31-commons.u131	Minutes of the House of Commons, Daily Session 2022-03-31	2022-03-31	Lower house	58	-	2022-03-31	2022-03-31	-	COVID,War	English	Regular	MP	notMinister	CON	Conservative	-	Centre-right	VictoriaFord	Ford, Victoria Grace	F	-	
ParlaMint-GB-en_2022-03-31-commons	ParlaMint-GB_2022-03-31-commons.u132	Minutes of the House of Commons, Daily Session 2022-03-31	2022-03-31	Lower house	58	-	2022-03-31	2022-03-31	-	COVID,War	English	Regular	MP	notMinister	CON	Conservative	-	Centre-right	HarriettBaldwin	Baldwin, Harriett Mary Morison	F	-	
ParlaMint-GB-en_2022-03-31-commons	ParlaMint-GB_2022-03-31-commons.u133	Minutes of the House of Commons, Daily Session 2022-03-31	2022-03-31	Lower house	58	-	2022-03-31	2022-03-31	-	COVID,War	English	Regular	MP	notMinister	CON	Conservative	-	Centre-right	VictoriaFord	Ford, Victoria Grace	F	-	
ParlaMint-GB-en_2022-03-31-commons	ParlaMint-GB_2022-03-31-commons.u134	Minutes of the House of Commons, Daily Session 2022-03-31	2022-03-31	Lower house	58	-	2022-03-31	2022-03-31	-	COVID,War	English	Chairperson	MP	notMinister	LAB	Labour	Opposition	Centre-left	LindsayHoyle	Hoyle, Lindsay Harvey	M	-	
ParlaMint-GB-en_2022-03-31-commons	ParlaMint-GB_2022-03-31-commons.u135	Minutes of the House of Commons, Daily Session 2022-03-31	2022-03-31	Lower house	58	-	2022-03-31	2022-03-31	-	COVID,War	English	Regular	MP	notMinister	SNP	Scottish National Party	-	Centre-left	AlynSmith	Smith, Alyn Edward	M	-	
ParlaMint-GB-en_2022-03-31-commons	ParlaMint-GB_2022-03-31-commons.u136	Minutes of the House of Commons, Daily Session 2022-03-31	2022-03-31	Lower house	58	-	2022-03-31	2022-03-31	-	COVID,War	English	Regular	MP	notMinister	CON	Conservative	-	Centre-right	VictoriaFord	Ford, Victoria Grace	F	-	
ParlaMint-GB-en_2022-03-31-commons	ParlaMint-GB_2022-03-31-commons.u137	Minutes of the House of Commons, Daily Session 2022-03-31	2022-03-31	Lower house	58	-	2022-03-31	2022-03-31	-	COVID,War	English	Regular	MP	notMinister	CON	Conservative	-	Centre-right	JamesSunderland	Sunderland, James	M	-	
ParlaMint-GB-en_2022-03-31-commons	ParlaMint-GB_2022-03-31-commons.u138	Minutes of the House of Commons, Daily Session 2022-03-31	2022-03-31	Lower house	58	-	2022-03-31	2022-03-31	-	COVID,War	English	Regular	MP	notMinister	CON	Conservative	-	Centre-right	VictoriaFord	Ford, Victoria Grace	F	-	
ParlaMint-GB-en_2022-03-31-commons	ParlaMint-GB_2022-03-31-commons.u139	Minutes of the House of Commons, Daily Session 2022-03-31	2022-03-31	Lower house	58	-	2022-03-31	2022-03-31	-	COVID,War	English	Regular	MP	notMinister	LAB	Labour	Opposition	Centre-left	AnnaMcMorrin	McMorrin, Anna Rhiannon	F	-	
ParlaMint-GB-en_2022-03-31-commons	ParlaMint-GB_2022-03-31-commons.u140	Minutes of the House of Commons, Daily Session 2022-03-31	2022-03-31	Lower house	58	-	2022-03-31	2022-03-31	-	COVID,War	English	Regular	MP	notMinister	CON	Conservative	-	Centre-right	VictoriaFord	Ford, Victoria Grace	F	-	
ParlaMint-GB-en_2022-03-31-commons	ParlaMint-GB_2022-03-31-commons.u141	Minutes of the House of Commons, Daily Session 2022-03-31	2022-03-31	Lower house	58	-	2022-03-31	2022-03-31	-	COVID,War	English	Regular	MP	notMinister	CON	Conservative	-	Centre-right	GarethDavies	Davies, Gareth Mark	M	-	
ParlaMint-GB-en_2022-03-31-commons	ParlaMint-GB_2022-03-31-commons.u142	Minutes of the House of Commons, Daily Session 2022-03-31	2022-03-31	Lower house	58	-	2022-03-31	2022-03-31	-	COVID,War	English	Regular	MP	notMinister	CON	Conservative	-	Centre-right	VictoriaFord	Ford, Victoria Grace	F	-	
ParlaMint-GB-en_2022-03-31-commons	ParlaMint-GB_2022-03-31-commons.u143	Minutes of the House of Commons, Daily Session 2022-03-31	2022-03-31	Lower house	58	-	2022-03-31	2022-03-31	-	COVID,War	English	Regular	MP	notMinister	LD	Liberal Democrat	-	Centre to centre-left	LaylaMoran	Moran, Layla Michelle	F	-	
ParlaMint-GB-en_2022-03-31-commons	ParlaMint-GB_2022-03-31-commons.u144	Minutes of the House of Commons, Daily Session 2022-03-31	2022-03-31	Lower house	58	-	2022-03-31	2022-03-31	-	COVID,War	English	Chairperson	MP	notMinister	LAB	Labour	Opposition	Centre-left	LindsayHoyle	Hoyle, Lindsay Harvey	M	-	
ParlaMint-GB-en_2022-03-31-commons	ParlaMint-GB_2022-03-31-commons.u145	Minutes of the House of Commons, Daily Session 2022-03-31	2022-03-31	Lower house	58	-	2022-03-31	2022-03-31	-	COVID,War	English	Regular	MP	notMinister	CON	Conservative	-	Centre-right	VictoriaFord	Ford, Victoria Grace	F	-	
ParlaMint-GB-en_2022-03-31-commons	ParlaMint-GB_2022-03-31-commons.u146	Minutes of the House of Commons, Daily Session 2022-03-31	2022-03-31	Lower house	58	-	2022-03-31	2022-03-31	-	COVID,War	English	Regular	MP	notMinister	LAB	Labour	Opposition	Centre-left	AnthonyLloyd2	Lloyd, Anthony Joseph	M	-	
ParlaMint-GB-en_2022-03-31-commons	ParlaMint-GB_2022-03-31-commons.u147	Minutes of the House of Commons, Daily Session 2022-03-31	2022-03-31	Lower house	58	-	2022-03-31	2022-03-31	-	COVID,War	English	Regular	MP	notMinister	CON	Conservative	-	Centre-right	VictoriaFord	Ford, Victoria Grace	F	-	
ParlaMint-GB-en_2022-03-31-commons	ParlaMint-GB_2022-03-31-commons.u148	Minutes of the House of Commons, Daily Session 2022-03-31	2022-03-31	Lower house	58	-	2022-03-31	2022-03-31	-	COVID,War	English	Regular	MP	notMinister	SNP	Scottish National Party	-	Centre-left	KirstyBlackman	Blackman, Kirsty Ann	F	-	
ParlaMint-GB-en_2022-03-31-commons	ParlaMint-GB_2022-03-31-commons.u149	Minutes of the House of Commons, Daily Session 2022-03-31	2022-03-31	Lower house	58	-	2022-03-31	2022-03-31	-	COVID,War	English	Regular	MP	notMinister	CON	Conservative	-	Centre-right	VictoriaFord	Ford, Victoria Grace	F	-	
ParlaMint-GB-en_2022-03-31-commons	ParlaMint-GB_2022-03-31-commons.u150	Minutes of the House of Commons, Daily Session 2022-03-31	2022-03-31	Lower house	58	-	2022-03-31	2022-03-31	-	COVID,War	English	Regular	MP	notMinister	LAB	Labour	Opposition	Centre-left	DianaJohnson	Johnson, Diana Ruth	F	-	
ParlaMint-GB-en_2022-03-31-commons	ParlaMint-GB_2022-03-31-commons.u151	Minutes of the House of Commons, Daily Session 2022-03-31	2022-03-31	Lower house	58	-	2022-03-31	2022-03-31	-	COVID,War	English	Regular	MP	notMinister	CON	Conservative	-	Centre-right	VictoriaFord	Ford, Victoria Grace	F	-	
ParlaMint-GB-en_2022-03-31-commons	ParlaMint-GB_2022-03-31-commons.u152	Minutes of the House of Commons, Daily Session 2022-03-31	2022-03-31	Lower house	58	-	2022-03-31	2022-03-31	-	COVID,War	English	Regular	MP	notMinister	SNP	Scottish National Party	-	Centre-left	KirstenOswald	Oswald, Kirsten Frances	F	-	
ParlaMint-GB-en_2022-03-31-commons	ParlaMint-GB_2022-03-31-commons.u153	Minutes of the House of Commons, Daily Session 2022-03-31	2022-03-31	Lower house	58	-	2022-03-31	2022-03-31	-	COVID,War	English	Regular	MP	notMinister	CON	Conservative	-	Centre-right	VictoriaFord	Ford, Victoria Grace	F	-	
ParlaMint-GB-en_2022-03-31-commons	ParlaMint-GB_2022-03-31-commons.u154	Minutes of the House of Commons, Daily Session 2022-03-31	2022-03-31	Lower house	58	-	2022-03-31	2022-03-31	-	COVID,War	English	Regular	MP	notMinister	LAB	Labour	Opposition	Centre-left	AndrewGwynne	Gwynne, Andrew John	M	-	
ParlaMint-GB-en_2022-03-31-commons	ParlaMint-GB_2022-03-31-commons.u155	Minutes of the House of Commons, Daily Session 2022-03-31	2022-03-31	Lower house	58	-	2022-03-31	2022-03-31	-	COVID,War	English	Regular	MP	notMinister	CON	Conservative	-	Centre-right	VictoriaFord	Ford, Victoria Grace	F	-	
ParlaMint-GB-en_2022-03-31-commons	ParlaMint-GB_2022-03-31-commons.u156	Minutes of the House of Commons, Daily Session 2022-03-31	2022-03-31	Lower house	58	-	2022-03-31	2022-03-31	-	COVID,War	English	Regular	MP	notMinister	LAB	Labour	Opposition	Centre-left	FleurAnderson	Anderson, Fleur	F	-	
ParlaMint-GB-en_2022-03-31-commons	ParlaMint-GB_2022-03-31-commons.u157	Minutes of the House of Commons, Daily Session 2022-03-31	2022-03-31	Lower house	58	-	2022-03-31	2022-03-31	-	COVID,War	English	Regular	MP	notMinister	CON	Conservative	-	Centre-right	VictoriaFord	Ford, Victoria Grace	F	-	
ParlaMint-GB-en_2022-03-31-commons	ParlaMint-GB_2022-03-31-commons.u158	Minutes of the House of Commons, Daily Session 2022-03-31	2022-03-31	Lower house	58	-	2022-03-31	2022-03-31	-	COVID,War	English	Regular	MP	notMinister	SNP	Scottish National Party	-	Centre-left	BrendanOHara	O'Hara, Brendan	M	-	
ParlaMint-GB-en_2022-03-31-commons	ParlaMint-GB_2022-03-31-commons.u159	Minutes of the House of Commons, Daily Session 2022-03-31	2022-03-31	Lower house	58	-	2022-03-31	2022-03-31	-	COVID,War	English	Regular	MP	notMinister	CON	Conservative	-	Centre-right	VictoriaFord	Ford, Victoria Grace	F	-	
ParlaMint-GB-en_2022-03-31-commons	ParlaMint-GB_2022-03-31-commons.u160	Minutes of the House of Commons, Daily Session 2022-03-31	2022-03-31	Lower house	58	-	2022-03-31	2022-03-31	-	COVID,War	English	Regular	MP	notMinister	SNP	Scottish National Party	-	Centre-left	PeterGrant	Grant, Peter	M	-	
ParlaMint-GB-en_2022-03-31-commons	ParlaMint-GB_2022-03-31-commons.u161	Minutes of the House of Commons, Daily Session 2022-03-31	2022-03-31	Lower house	58	-	2022-03-31	2022-03-31	-	COVID,War	English	Regular	MP	notMinister	CON	Conservative	-	Centre-right	VictoriaFord	Ford, Victoria Grace	F	-	
ParlaMint-GB-en_2022-03-31-commons	ParlaMint-GB_2022-03-31-commons.u162	Minutes of the House of Commons, Daily Session 2022-03-31	2022-03-31	Lower house	58	-	2022-03-31	2022-03-31	-	COVID,War	English	Regular	MP	notMinister	DUP	Democratic Unionist Party	-	Right	RichardShannon	Shannon, Richard James	M	-	
ParlaMint-GB-en_2022-03-31-commons	ParlaMint-GB_2022-03-31-commons.u163	Minutes of the House of Commons, Daily Session 2022-03-31	2022-03-31	Lower house	58	-	2022-03-31	2022-03-31	-	COVID,War	English	Regular	MP	notMinister	CON	Conservative	-	Centre-right	VictoriaFord	Ford, Victoria Grace	F	-	
ParlaMint-GB-en_2022-03-31-commons	ParlaMint-GB_2022-03-31-commons.u164	Minutes of the House of Commons, Daily Session 2022-03-31	2022-03-31	Lower house	58	-	2022-03-31	2022-03-31	-	COVID,War	English	Chairperson	MP	notMinister	LAB	Labour	Opposition	Centre-left	LindsayHoyle	Hoyle, Lindsay Harvey	M	-	
ParlaMint-GB-en_2022-03-31-commons	ParlaMint-GB_2022-03-31-commons.u165	Minutes of the House of Commons, Daily Session 2022-03-31	2022-03-31	Lower house	58	-	2022-03-31	2022-03-31	-	COVID,War	English	Regular	MP	notMinister	LAB	Labour	Opposition	Centre-left	YvetteCooper	Cooper, Yvette	F	-	
ParlaMint-GB-en_2022-03-31-commons	ParlaMint-GB_2022-03-31-commons.u166	Minutes of the House of Commons, Daily Session 2022-03-31	2022-03-31	Lower house	58	-	2022-03-31	2022-03-31	-	COVID,War	English	Regular	MP	notMinister	CON	Conservative	-	Centre-right	KevinFoster	Foster, Kevin John	M	-	
ParlaMint-GB-en_2022-03-31-commons	ParlaMint-GB_2022-03-31-commons.u167	Minutes of the House of Commons, Daily Session 2022-03-31	2022-03-31	Lower house	58	-	2022-03-31	2022-03-31	-	COVID,War	English	Regular	MP	notMinister	LAB	Labour	Opposition	Centre-left	YvetteCooper	Cooper, Yvette	F	-	
ParlaMint-GB-en_2022-03-31-commons	ParlaMint-GB_2022-03-31-commons.u168	Minutes of the House of Commons, Daily Session 2022-03-31	2022-03-31	Lower house	58	-	2022-03-31	2022-03-31	-	COVID,War	English	Chairperson	MP	notMinister	LAB	Labour	Opposition	Centre-left	LindsayHoyle	Hoyle, Lindsay Harvey	M	-	
ParlaMint-GB-en_2022-03-31-commons	ParlaMint-GB_2022-03-31-commons.u169	Minutes of the House of Commons, Daily Session 2022-03-31	2022-03-31	Lower house	58	-	2022-03-31	2022-03-31	-	COVID,War	English	Regular	MP	notMinister	LAB	Labour	Opposition	Centre-left	YvetteCooper	Cooper, Yvette	F	-	
ParlaMint-GB-en_2022-03-31-commons	ParlaMint-GB_2022-03-31-commons.u170	Minutes of the House of Commons, Daily Session 2022-03-31	2022-03-31	Lower house	58	-	2022-03-31	2022-03-31	-	COVID,War	English	Regular	MP	notMinister	CON	Conservative	-	Centre-right	KevinFoster	Foster, Kevin John	M	-	
ParlaMint-GB-en_2022-03-31-commons	ParlaMint-GB_2022-03-31-commons.u171	Minutes of the House of Commons, Daily Session 2022-03-31	2022-03-31	Lower house	58	-	2022-03-31	2022-03-31	-	COVID,War	English	Regular	MP	notMinister	CON	Conservative	-	Centre-right	RobertJenrick	Jenrick, Robert Edward	M	-	
ParlaMint-GB-en_2022-03-31-commons	ParlaMint-GB_2022-03-31-commons.u172	Minutes of the House of Commons, Daily Session 2022-03-31	2022-03-31	Lower house	58	-	2022-03-31	2022-03-31	-	COVID,War	English	Regular	MP	notMinister	CON	Conservative	-	Centre-right	KevinFoster	Foster, Kevin John	M	-	
ParlaMint-GB-en_2022-03-31-commons	ParlaMint-GB_2022-03-31-commons.u173	Minutes of the House of Commons, Daily Session 2022-03-31	2022-03-31	Lower house	58	-	2022-03-31	2022-03-31	-	COVID,War	English	Chairperson	MP	notMinister	LAB	Labour	Opposition	Centre-left	LindsayHoyle	Hoyle, Lindsay Harvey	M	-	
ParlaMint-GB-en_2022-03-31-commons	ParlaMint-GB_2022-03-31-commons.u174	Minutes of the House of Commons, Daily Session 2022-03-31	2022-03-31	Lower house	58	-	2022-03-31	2022-03-31	-	COVID,War	English	Regular	MP	notMinister	SNP	Scottish National Party	-	Centre-left	StuartMcDonald	McDonald, Stuart Campbell	M	-	
ParlaMint-GB-en_2022-03-31-commons	ParlaMint-GB_2022-03-31-commons.u175	Minutes of the House of Commons, Daily Session 2022-03-31	2022-03-31	Lower house	58	-	2022-03-31	2022-03-31	-	COVID,War	English	Regular	MP	notMinister	CON	Conservative	-	Centre-right	KevinFoster	Foster, Kevin John	M	-	
ParlaMint-GB-en_2022-03-31-commons	ParlaMint-GB_2022-03-31-commons.u176	Minutes of the House of Commons, Daily Session 2022-03-31	2022-03-31	Lower house	58	-	2022-03-31	2022-03-31	-	COVID,War	English	Regular	MP	notMinister	CON	Conservative	-	Centre-right	ChristopherChope	Chope, Christopher Robert	M	-	
ParlaMint-GB-en_2022-03-31-commons	ParlaMint-GB_2022-03-31-commons.u177	Minutes of the House of Commons, Daily Session 2022-03-31	2022-03-31	Lower house	58	-	2022-03-31	2022-03-31	-	COVID,War	English	Regular	MP	notMinister	CON	Conservative	-	Centre-right	KevinFoster	Foster, Kevin John	M	-	
ParlaMint-GB-en_2022-03-31-commons	ParlaMint-GB_2022-03-31-commons.u178	Minutes of the House of Commons, Daily Session 2022-03-31	2022-03-31	Lower house	58	-	2022-03-31	2022-03-31	-	COVID,War	English	Chairperson	MP	notMinister	LAB	Labour	Opposition	Centre-left	LindsayHoyle	Hoyle, Lindsay Harvey	M	-	
ParlaMint-GB-en_2022-03-31-commons	ParlaMint-GB_2022-03-31-commons.u179	Minutes of the House of Commons, Daily Session 2022-03-31	2022-03-31	Lower house	58	-	2022-03-31	2022-03-31	-	COVID,War	English	Regular	MP	notMinister	LAB	Labour	Opposition	Centre-left	DianaJohnson	Johnson, Diana Ruth	F	-	
ParlaMint-GB-en_2022-03-31-commons	ParlaMint-GB_2022-03-31-commons.u180	Minutes of the House of Commons, Daily Session 2022-03-31	2022-03-31	Lower house	58	-	2022-03-31	2022-03-31	-	COVID,War	English	Regular	MP	notMinister	CON	Conservative	-	Centre-right	KevinFoster	Foster, Kevin John	M	-	
ParlaMint-GB-en_2022-03-31-commons	ParlaMint-GB_2022-03-31-commons.u181	Minutes of the House of Commons, Daily Session 2022-03-31	2022-03-31	Lower house	58	-	2022-03-31	2022-03-31	-	COVID,War	English	Regular	MP	notMinister	CON	Conservative	-	Centre-right	DesmondSwayne	Swayne, Desmond Angus	M	-	
ParlaMint-GB-en_2022-03-31-commons	ParlaMint-GB_2022-03-31-commons.u182	Minutes of the House of Commons, Daily Session 2022-03-31	2022-03-31	Lower house	58	-	2022-03-31	2022-03-31	-	COVID,War	English	Regular	MP	notMinister	CON	Conservative	-	Centre-right	KevinFoster	Foster, Kevin John	M	-	
ParlaMint-GB-en_2022-03-31-commons	ParlaMint-GB_2022-03-31-commons.u183	Minutes of the House of Commons, Daily Session 2022-03-31	2022-03-31	Lower house	58	-	2022-03-31	2022-03-31	-	COVID,War	English	Regular	MP	notMinister	LAB	Labour	Opposition	Centre-left	MatthewPennycook	Pennycook, Matthew Thomas	M	-	
ParlaMint-GB-en_2022-03-31-commons	ParlaMint-GB_2022-03-31-commons.u184	Minutes of the House of Commons, Daily Session 2022-03-31	2022-03-31	Lower house	58	-	2022-03-31	2022-03-31	-	COVID,War	English	Regular	MP	notMinister	CON	Conservative	-	Centre-right	KevinFoster	Foster, Kevin John	M	-	
ParlaMint-GB-en_2022-03-31-commons	ParlaMint-GB_2022-03-31-commons.u185	Minutes of the House of Commons, Daily Session 2022-03-31	2022-03-31	Lower house	58	-	2022-03-31	2022-03-31	-	COVID,War	English	Regular	MP	notMinister	I;CON	Independent;Conservative	-	Centre-right	StephenHammond	Hammond, Stephen William	M	-	
ParlaMint-GB-en_2022-03-31-commons	ParlaMint-GB_2022-03-31-commons.u186	Minutes of the House of Commons, Daily Session 2022-03-31	2022-03-31	Lower house	58	-	2022-03-31	2022-03-31	-	COVID,War	English	Regular	MP	notMinister	CON	Conservative	-	Centre-right	KevinFoster	Foster, Kevin John	M	-	
ParlaMint-GB-en_2022-03-31-commons	ParlaMint-GB_2022-03-31-commons.u187	Minutes of the House of Commons, Daily Session 2022-03-31	2022-03-31	Lower house	58	-	2022-03-31	2022-03-31	-	COVID,War	English	Regular	MP	notMinister	LD	Liberal Democrat	-	Centre to centre-left	WendyChamberlain	Chamberlain, Wendy Anne	F	-	
ParlaMint-GB-en_2022-03-31-commons	ParlaMint-GB_2022-03-31-commons.u188	Minutes of the House of Commons, Daily Session 2022-03-31	2022-03-31	Lower house	58	-	2022-03-31	2022-03-31	-	COVID,War	English	Regular	MP	notMinister	CON	Conservative	-	Centre-right	KevinFoster	Foster, Kevin John	M	-	
ParlaMint-GB-en_2022-03-31-commons	ParlaMint-GB_2022-03-31-commons.u189	Minutes of the House of Commons, Daily Session 2022-03-31	2022-03-31	Lower house	58	-	2022-03-31	2022-03-31	-	COVID,War	English	Regular	MP	notMinister	CON	Conservative	-	Centre-right	HarriettBaldwin	Baldwin, Harriett Mary Morison	F	-	
ParlaMint-GB-en_2022-03-31-commons	ParlaMint-GB_2022-03-31-commons.u190	Minutes of the House of Commons, Daily Session 2022-03-31	2022-03-31	Lower house	58	-	2022-03-31	2022-03-31	-	COVID,War	English	Regular	MP	notMinister	CON	Conservative	-	Centre-right	KevinFoster	Foster, Kevin John	M	-	
ParlaMint-GB-en_2022-03-31-commons	ParlaMint-GB_2022-03-31-commons.u191	Minutes of the House of Commons, Daily Session 2022-03-31	2022-03-31	Lower house	58	-	2022-03-31	2022-03-31	-	COVID,War	English	Regular	MP	notMinister	LAB	Labour	Opposition	Centre-left	AndrewSlaughter	Slaughter, Andrew Francis	M	-	
ParlaMint-GB-en_2022-03-31-commons	ParlaMint-GB_2022-03-31-commons.u192	Minutes of the House of Commons, Daily Session 2022-03-31	2022-03-31	Lower house	58	-	2022-03-31	2022-03-31	-	COVID,War	English	Regular	MP	notMinister	CON	Conservative	-	Centre-right	KevinFoster	Foster, Kevin John	M	-	
ParlaMint-GB-en_2022-03-31-commons	ParlaMint-GB_2022-03-31-commons.u193	Minutes of the House of Commons, Daily Session 2022-03-31	2022-03-31	Lower house	58	-	2022-03-31	2022-03-31	-	COVID,War	English	Regular	notMP	notMinister	LAB	Labour	Opposition	Centre-left	KimLeadbeater	Leadbeater, Kim Michele	F	-	
ParlaMint-GB-en_2022-03-31-commons	ParlaMint-GB_2022-03-31-commons.u194	Minutes of the House of Commons, Daily Session 2022-03-31	2022-03-31	Lower house	58	-	2022-03-31	2022-03-31	-	COVID,War	English	Regular	MP	notMinister	CON	Conservative	-	Centre-right	KevinFoster	Foster, Kevin John	M	-	
ParlaMint-GB-en_2022-03-31-commons	ParlaMint-GB_2022-03-31-commons.u195	Minutes of the House of Commons, Daily Session 2022-03-31	2022-03-31	Lower house	58	-	2022-03-31	2022-03-31	-	COVID,War	English	Regular	MP	notMinister	SNP	Scottish National Party	-	Centre-left	AlisonThewliss	Thewliss, Alison Emily	F	-	
ParlaMint-GB-en_2022-03-31-commons	ParlaMint-GB_2022-03-31-commons.u196	Minutes of the House of Commons, Daily Session 2022-03-31	2022-03-31	Lower house	58	-	2022-03-31	2022-03-31	-	COVID,War	English	Regular	MP	notMinister	CON	Conservative	-	Centre-right	KevinFoster	Foster, Kevin John	M	-	
ParlaMint-GB-en_2022-03-31-commons	ParlaMint-GB_2022-03-31-commons.u197	Minutes of the House of Commons, Daily Session 2022-03-31	2022-03-31	Lower house	58	-	2022-03-31	2022-03-31	-	COVID,War	English	Regular	MP	notMinister	LAB	Labour	Opposition	Centre-left	OliviaBlakeDagnall	Blake Dagnall, Olivia Frances	F	-	
ParlaMint-GB-en_2022-03-31-commons	ParlaMint-GB_2022-03-31-commons.u198	Minutes of the House of Commons, Daily Session 2022-03-31	2022-03-31	Lower house	58	-	2022-03-31	2022-03-31	-	COVID,War	English	Regular	MP	notMinister	CON	Conservative	-	Centre-right	KevinFoster	Foster, Kevin John	M	-	
ParlaMint-GB-en_2022-03-31-commons	ParlaMint-GB_2022-03-31-commons.u199	Minutes of the House of Commons, Daily Session 2022-03-31	2022-03-31	Lower house	58	-	2022-03-31	2022-03-31	-	COVID,War	English	Regular	MP	notMinister	LD	Liberal Democrat	-	Centre to centre-left	LaylaMoran	Moran, Layla Michelle	F	-	
ParlaMint-GB-en_2022-03-31-commons	ParlaMint-GB_2022-03-31-commons.u200	Minutes of the House of Commons, Daily Session 2022-03-31	2022-03-31	Lower house	58	-	2022-03-31	2022-03-31	-	COVID,War	English	Regular	MP	notMinister	CON	Conservative	-	Centre-right	KevinFoster	Foster, Kevin John	M	-	
ParlaMint-GB-en_2022-03-31-commons	ParlaMint-GB_2022-03-31-commons.u201	Minutes of the House of Commons, Daily Session 2022-03-31	2022-03-31	Lower house	58	-	2022-03-31	2022-03-31	-	COVID,War	English	Regular	MP	notMinister	LAB	Labour	Opposition	Centre-left	JeffreySmith	Smith, Jeffrey	M	-	
ParlaMint-GB-en_2022-03-31-commons	ParlaMint-GB_2022-03-31-commons.u202	Minutes of the House of Commons, Daily Session 2022-03-31	2022-03-31	Lower house	58	-	2022-03-31	2022-03-31	-	COVID,War	English	Regular	MP	notMinister	CON	Conservative	-	Centre-right	KevinFoster	Foster, Kevin John	M	-	
ParlaMint-GB-en_2022-03-31-commons	ParlaMint-GB_2022-03-31-commons.u203	Minutes of the House of Commons, Daily Session 2022-03-31	2022-03-31	Lower house	58	-	2022-03-31	2022-03-31	-	COVID,War	English	Regular	MP	notMinister	LAB	Labour	Opposition	Centre-left	AnnaMcMorrin	McMorrin, Anna Rhiannon	F	-	
ParlaMint-GB-en_2022-03-31-commons	ParlaMint-GB_2022-03-31-commons.u204	Minutes of the House of Commons, Daily Session 2022-03-31	2022-03-31	Lower house	58	-	2022-03-31	2022-03-31	-	COVID,War	English	Regular	MP	notMinister	CON	Conservative	-	Centre-right	KevinFoster	Foster, Kevin John	M	-	
ParlaMint-GB-en_2022-03-31-commons	ParlaMint-GB_2022-03-31-commons.u205	Minutes of the House of Commons, Daily Session 2022-03-31	2022-03-31	Lower house	58	-	2022-03-31	2022-03-31	-	COVID,War	English	Regular	MP	notMinister	SNP	Scottish National Party	-	Centre-left	KirstenOswald	Oswald, Kirsten Frances	F	-	
ParlaMint-GB-en_2022-03-31-commons	ParlaMint-GB_2022-03-31-commons.u206	Minutes of the House of Commons, Daily Session 2022-03-31	2022-03-31	Lower house	58	-	2022-03-31	2022-03-31	-	COVID,War	English	Regular	MP	notMinister	CON	Conservative	-	Centre-right	KevinFoster	Foster, Kevin John	M	-	
ParlaMint-GB-en_2022-03-31-commons	ParlaMint-GB_2022-03-31-commons.u207	Minutes of the House of Commons, Daily Session 2022-03-31	2022-03-31	Lower house	58	-	2022-03-31	2022-03-31	-	COVID,War	English	Regular	MP	notMinister	LAB	Labour	Opposition	Centre-left	AndrewGwynne	Gwynne, Andrew John	M	-	
ParlaMint-GB-en_2022-03-31-commons	ParlaMint-GB_2022-03-31-commons.u208	Minutes of the House of Commons, Daily Session 2022-03-31	2022-03-31	Lower house	58	-	2022-03-31	2022-03-31	-	COVID,War	English	Regular	MP	notMinister	CON	Conservative	-	Centre-right	KevinFoster	Foster, Kevin John	M	-	
ParlaMint-GB-en_2022-03-31-commons	ParlaMint-GB_2022-03-31-commons.u209	Minutes of the House of Commons, Daily Session 2022-03-31	2022-03-31	Lower house	58	-	2022-03-31	2022-03-31	-	COVID,War	English	Regular	MP	notMinister	SNP	Scottish National Party	-	Centre-left	BrendanOHara	O'Hara, Brendan	M	-	
ParlaMint-GB-en_2022-03-31-commons	ParlaMint-GB_2022-03-31-commons.u210	Minutes of the House of Commons, Daily Session 2022-03-31	2022-03-31	Lower house	58	-	2022-03-31	2022-03-31	-	COVID,War	English	Regular	MP	notMinister	CON	Conservative	-	Centre-right	KevinFoster	Foster, Kevin John	M	-	
ParlaMint-GB-en_2022-03-31-commons	ParlaMint-GB_2022-03-31-commons.u211	Minutes of the House of Commons, Daily Session 2022-03-31	2022-03-31	Lower house	58	-	2022-03-31	2022-03-31	-	COVID,War	English	Regular	MP	notMinister	DUP	Democratic Unionist Party	-	Right	RichardShannon	Shannon, Richard James	M	-	
ParlaMint-GB-en_2022-03-31-commons	ParlaMint-GB_2022-03-31-commons.u212	Minutes of the House of Commons, Daily Session 2022-03-31	2022-03-31	Lower house	58	-	2022-03-31	2022-03-31	-	COVID,War	English	Regular	MP	notMinister	CON	Conservative	-	Centre-right	KevinFoster	Foster, Kevin John	M	-	
ParlaMint-GB-en_2022-03-31-commons	ParlaMint-GB_2022-03-31-commons.u213	Minutes of the House of Commons, Daily Session 2022-03-31	2022-03-31	Lower house	58	-	2022-03-31	2022-03-31	-	COVID,War	English	Regular	MP	notMinister	LAB	Labour	Opposition	Centre-left	MichaelAmesbury	Amesbury, Michael Lee	M	-	
ParlaMint-GB-en_2022-03-31-commons	ParlaMint-GB_2022-03-31-commons.u214	Minutes of the House of Commons, Daily Session 2022-03-31	2022-03-31	Lower house	58	-	2022-03-31	2022-03-31	-	COVID,War	English	Regular	MP	notMinister	CON	Conservative	-	Centre-right	EdmundHughes	Hughes, Edmund Francis	M	-	
ParlaMint-GB-en_2022-03-31-commons	ParlaMint-GB_2022-03-31-commons.u215	Minutes of the House of Commons, Daily Session 2022-03-31	2022-03-31	Lower house	58	-	2022-03-31	2022-03-31	-	COVID,War	English	Regular	MP	notMinister	LAB	Labour	Opposition	Centre-left	MichaelAmesbury	Amesbury, Michael Lee	M	-	
ParlaMint-GB-en_2022-03-31-commons	ParlaMint-GB_2022-03-31-commons.u216	Minutes of the House of Commons, Daily Session 2022-03-31	2022-03-31	Lower house	58	-	2022-03-31	2022-03-31	-	COVID,War	English	Regular	MP	notMinister	CON	Conservative	-	Centre-right	EdmundHughes	Hughes, Edmund Francis	M	-	
ParlaMint-GB-en_2022-03-31-commons	ParlaMint-GB_2022-03-31-commons.u217	Minutes of the House of Commons, Daily Session 2022-03-31	2022-03-31	Lower house	58	-	2022-03-31	2022-03-31	-	COVID,War	English	Chairperson	MP	notMinister	LAB	Labour	Opposition	Centre-left	LindsayHoyle	Hoyle, Lindsay Harvey	M	-	
ParlaMint-GB-en_2022-03-31-commons	ParlaMint-GB_2022-03-31-commons.u218	Minutes of the House of Commons, Daily Session 2022-03-31	2022-03-31	Lower house	58	-	2022-03-31	2022-03-31	-	COVID,War	English	Regular	MP	notMinister	SNP	Scottish National Party	-	Centre-left	StuartMcDonald	McDonald, Stuart Campbell	M	-	
ParlaMint-GB-en_2022-03-31-commons	ParlaMint-GB_2022-03-31-commons.u219	Minutes of the House of Commons, Daily Session 2022-03-31	2022-03-31	Lower house	58	-	2022-03-31	2022-03-31	-	COVID,War	English	Regular	MP	notMinister	CON	Conservative	-	Centre-right	EdmundHughes	Hughes, Edmund Francis	M	-	
ParlaMint-GB-en_2022-03-31-commons	ParlaMint-GB_2022-03-31-commons.u220	Minutes of the House of Commons, Daily Session 2022-03-31	2022-03-31	Lower house	58	-	2022-03-31	2022-03-31	-	COVID,War	English	Chairperson	MP	notMinister	LAB	Labour	Opposition	Centre-left	LindsayHoyle	Hoyle, Lindsay Harvey	M	-	
ParlaMint-GB-en_2022-03-31-commons	ParlaMint-GB_2022-03-31-commons.u221	Minutes of the House of Commons, Daily Session 2022-03-31	2022-03-31	Lower house	58	-	2022-03-31	2022-03-31	-	COVID,War	English	Regular	MP	notMinister	LAB	Labour	Opposition	Centre-left	CliveBetts	Betts, Clive James Charles	M	-	
ParlaMint-GB-en_2022-03-31-commons	ParlaMint-GB_2022-03-31-commons.u222	Minutes of the House of Commons, Daily Session 2022-03-31	2022-03-31	Lower house	58	-	2022-03-31	2022-03-31	-	COVID,War	English	Regular	MP	notMinister	CON	Conservative	-	Centre-right	EdmundHughes	Hughes, Edmund Francis	M	-	
ParlaMint-GB-en_2022-03-31-commons	ParlaMint-GB_2022-03-31-commons.u223	Minutes of the House of Commons, Daily Session 2022-03-31	2022-03-31	Lower house	58	-	2022-03-31	2022-03-31	-	COVID,War	English	Regular	MP	notMinister	LAB	Labour	Opposition	Centre-left	FlorenceEshalomi	Eshalomi, Florence	F	-	
ParlaMint-GB-en_2022-03-31-commons	ParlaMint-GB_2022-03-31-commons.u224	Minutes of the House of Commons, Daily Session 2022-03-31	2022-03-31	Lower house	58	-	2022-03-31	2022-03-31	-	COVID,War	English	Regular	MP	notMinister	CON	Conservative	-	Centre-right	EdmundHughes	Hughes, Edmund Francis	M	-	
ParlaMint-GB-en_2022-03-31-commons	ParlaMint-GB_2022-03-31-commons.u225	Minutes of the House of Commons, Daily Session 2022-03-31	2022-03-31	Lower house	58	-	2022-03-31	2022-03-31	-	COVID,War	English	Regular	MP	notMinister	LD	Liberal Democrat	-	Centre to centre-left	WendyChamberlain	Chamberlain, Wendy Anne	F	-	
ParlaMint-GB-en_2022-03-31-commons	ParlaMint-GB_2022-03-31-commons.u226	Minutes of the House of Commons, Daily Session 2022-03-31	2022-03-31	Lower house	58	-	2022-03-31	2022-03-31	-	COVID,War	English	Regular	MP	notMinister	CON	Conservative	-	Centre-right	EdmundHughes	Hughes, Edmund Francis	M	-	
ParlaMint-GB-en_2022-03-31-commons	ParlaMint-GB_2022-03-31-commons.u227	Minutes of the House of Commons, Daily Session 2022-03-31	2022-03-31	Lower house	58	-	2022-03-31	2022-03-31	-	COVID,War	English	Regular	MP	notMinister	LAB	Labour	Opposition	Centre-left	DianaJohnson	Johnson, Diana Ruth	F	-	
ParlaMint-GB-en_2022-03-31-commons	ParlaMint-GB_2022-03-31-commons.u228	Minutes of the House of Commons, Daily Session 2022-03-31	2022-03-31	Lower house	58	-	2022-03-31	2022-03-31	-	COVID,War	English	Regular	MP	notMinister	CON	Conservative	-	Centre-right	EdmundHughes	Hughes, Edmund Francis	M	-	
ParlaMint-GB-en_2022-03-31-commons	ParlaMint-GB_2022-03-31-commons.u229	Minutes of the House of Commons, Daily Session 2022-03-31	2022-03-31	Lower house	58	-	2022-03-31	2022-03-31	-	COVID,War	English	Regular	MP	notMinister	SNP	Scottish National Party	-	Centre-left	AlisonThewliss	Thewliss, Alison Emily	F	-	
ParlaMint-GB-en_2022-03-31-commons	ParlaMint-GB_2022-03-31-commons.u230	Minutes of the House of Commons, Daily Session 2022-03-31	2022-03-31	Lower house	58	-	2022-03-31	2022-03-31	-	COVID,War	English	Regular	MP	notMinister	CON	Conservative	-	Centre-right	EdmundHughes	Hughes, Edmund Francis	M	-	
ParlaMint-GB-en_2022-03-31-commons	ParlaMint-GB_2022-03-31-commons.u231	Minutes of the House of Commons, Daily Session 2022-03-31	2022-03-31	Lower house	58	-	2022-03-31	2022-03-31	-	COVID,War	English	Regular	MP	notMinister	LAB	Labour	Opposition	Centre-left	AndrewSlaughter	Slaughter, Andrew Francis	M	-	
ParlaMint-GB-en_2022-03-31-commons	ParlaMint-GB_2022-03-31-commons.u232	Minutes of the House of Commons, Daily Session 2022-03-31	2022-03-31	Lower house	58	-	2022-03-31	2022-03-31	-	COVID,War	English	Regular	MP	notMinister	CON	Conservative	-	Centre-right	EdmundHughes	Hughes, Edmund Francis	M	-	
ParlaMint-GB-en_2022-03-31-commons	ParlaMint-GB_2022-03-31-commons.u233	Minutes of the House of Commons, Daily Session 2022-03-31	2022-03-31	Lower house	58	-	2022-03-31	2022-03-31	-	COVID,War	English	Regular	MP	notMinister	LD	Liberal Democrat	-	Centre to centre-left	WeraHobhouse	Hobhouse, Wera Benedicta	F	-	
ParlaMint-GB-en_2022-03-31-commons	ParlaMint-GB_2022-03-31-commons.u234	Minutes of the House of Commons, Daily Session 2022-03-31	2022-03-31	Lower house	58	-	2022-03-31	2022-03-31	-	COVID,War	English	Regular	MP	notMinister	CON	Conservative	-	Centre-right	EdmundHughes	Hughes, Edmund Francis	M	-	
ParlaMint-GB-en_2022-03-31-commons	ParlaMint-GB_2022-03-31-commons.u235	Minutes of the House of Commons, Daily Session 2022-03-31	2022-03-31	Lower house	58	-	2022-03-31	2022-03-31	-	COVID,War	English	Regular	MP	notMinister	LAB	Labour	Opposition	Centre-left	MatthewWestern	Western, Matthew Raymond	M	-	
ParlaMint-GB-en_2022-03-31-commons	ParlaMint-GB_2022-03-31-commons.u236	Minutes of the House of Commons, Daily Session 2022-03-31	2022-03-31	Lower house	58	-	2022-03-31	2022-03-31	-	COVID,War	English	Regular	MP	notMinister	CON	Conservative	-	Centre-right	EdmundHughes	Hughes, Edmund Francis	M	-	
ParlaMint-GB-en_2022-03-31-commons	ParlaMint-GB_2022-03-31-commons.u237	Minutes of the House of Commons, Daily Session 2022-03-31	2022-03-31	Lower house	58	-	2022-03-31	2022-03-31	-	COVID,War	English	Regular	MP	notMinister	LD	Liberal Democrat	-	Centre to centre-left	LaylaMoran	Moran, Layla Michelle	F	-	
ParlaMint-GB-en_2022-03-31-commons	ParlaMint-GB_2022-03-31-commons.u238	Minutes of the House of Commons, Daily Session 2022-03-31	2022-03-31	Lower house	58	-	2022-03-31	2022-03-31	-	COVID,War	English	Regular	MP	notMinister	CON	Conservative	-	Centre-right	EdmundHughes	Hughes, Edmund Francis	M	-	
ParlaMint-GB-en_2022-03-31-commons	ParlaMint-GB_2022-03-31-commons.u239	Minutes of the House of Commons, Daily Session 2022-03-31	2022-03-31	Lower house	58	-	2022-03-31	2022-03-31	-	COVID,War	English	Regular	MP	notMinister	DUP	Democratic Unionist Party	-	Right	RichardShannon	Shannon, Richard James	M	-	
ParlaMint-GB-en_2022-03-31-commons	ParlaMint-GB_2022-03-31-commons.u240	Minutes of the House of Commons, Daily Session 2022-03-31	2022-03-31	Lower house	58	-	2022-03-31	2022-03-31	-	COVID,War	English	Regular	MP	notMinister	CON	Conservative	-	Centre-right	EdmundHughes	Hughes, Edmund Francis	M	-	
ParlaMint-GB-en_2022-03-31-commons	ParlaMint-GB_2022-03-31-commons.u241	Minutes of the House of Commons, Daily Session 2022-03-31	2022-03-31	Lower house	58	-	2022-03-31	2022-03-31	-	COVID,War	English	Regular	MP	notMinister	LAB	Labour	Opposition	Centre-left	ThangamDebbonaire	Debbonaire, Thangam Elizabeth Rachel	F	-	
ParlaMint-GB-en_2022-03-31-commons	ParlaMint-GB_2022-03-31-commons.u242	Minutes of the House of Commons, Daily Session 2022-03-31	2022-03-31	Lower house	58	-	2022-03-31	2022-03-31	-	COVID,War	English	Regular	MP	notMinister	CON	Conservative	-	Centre-right	MarkSpencer	Spencer, Mark Steven	M	-	
ParlaMint-GB-en_2022-03-31-commons	ParlaMint-GB_2022-03-31-commons.u243	Minutes of the House of Commons, Daily Session 2022-03-31	2022-03-31	Lower house	58	-	2022-03-31	2022-03-31	-	COVID,War	English	Regular	MP	notMinister	LAB	Labour	Opposition	Centre-left	ThangamDebbonaire	Debbonaire, Thangam Elizabeth Rachel	F	-	
ParlaMint-GB-en_2022-03-31-commons	ParlaMint-GB_2022-03-31-commons.u244	Minutes of the House of Commons, Daily Session 2022-03-31	2022-03-31	Lower house	58	-	2022-03-31	2022-03-31	-	COVID,War	English	Regular	MP	notMinister	CON	Conservative	-	Centre-right	MarkSpencer	Spencer, Mark Steven	M	-	
ParlaMint-GB-en_2022-03-31-commons	ParlaMint-GB_2022-03-31-commons.u245	Minutes of the House of Commons, Daily Session 2022-03-31	2022-03-31	Lower house	58	-	2022-03-31	2022-03-31	-	COVID,War	English	Regular	MP	notMinister	CON	Conservative	-	Centre-right	GeorgeDuncanSmith	Duncan Smith, George Iain	M	-	
ParlaMint-GB-en_2022-03-31-commons	ParlaMint-GB_2022-03-31-commons.u246	Minutes of the House of Commons, Daily Session 2022-03-31	2022-03-31	Lower house	58	-	2022-03-31	2022-03-31	-	COVID,War	English	Regular	MP	notMinister	CON	Conservative	-	Centre-right	MarkSpencer	Spencer, Mark Steven	M	-	
ParlaMint-GB-en_2022-03-31-commons	ParlaMint-GB_2022-03-31-commons.u247	Minutes of the House of Commons, Daily Session 2022-03-31	2022-03-31	Lower house	58	-	2022-03-31	2022-03-31	-	COVID,War	English	Regular	MP	notMinister	SNP	Scottish National Party	-	Centre-left	PeterWishart	Wishart, Peter	M	-	
ParlaMint-GB-en_2022-03-31-commons	ParlaMint-GB_2022-03-31-commons.u248	Minutes of the House of Commons, Daily Session 2022-03-31	2022-03-31	Lower house	58	-	2022-03-31	2022-03-31	-	COVID,War	English	Regular	MP	notMinister	CON	Conservative	-	Centre-right	MarkSpencer	Spencer, Mark Steven	M	-	
ParlaMint-GB-en_2022-03-31-commons	ParlaMint-GB_2022-03-31-commons.u249	Minutes of the House of Commons, Daily Session 2022-03-31	2022-03-31	Lower house	58	-	2022-03-31	2022-03-31	-	COVID,War	English	Regular	MP	notMinister	CON	Conservative	-	Centre-right	TheresaVilliers	Villiers, Theresa Anne	F	-	
ParlaMint-GB-en_2022-03-31-commons	ParlaMint-GB_2022-03-31-commons.u250	Minutes of the House of Commons, Daily Session 2022-03-31	2022-03-31	Lower house	58	-	2022-03-31	2022-03-31	-	COVID,War	English	Regular	MP	notMinister	CON	Conservative	-	Centre-right	MarkSpencer	Spencer, Mark Steven	M	-	
ParlaMint-GB-en_2022-03-31-commons	ParlaMint-GB_2022-03-31-commons.u251	Minutes of the House of Commons, Daily Session 2022-03-31	2022-03-31	Lower house	58	-	2022-03-31	2022-03-31	-	COVID,War	English	Regular	MP	notMinister	LAB	Labour	Opposition	Centre-left	NicholasSmith	Smith, Nicholas Desmond John	M	-	
ParlaMint-GB-en_2022-03-31-commons	ParlaMint-GB_2022-03-31-commons.u252	Minutes of the House of Commons, Daily Session 2022-03-31	2022-03-31	Lower house	58	-	2022-03-31	2022-03-31	-	COVID,War	English	Regular	MP	notMinister	CON	Conservative	-	Centre-right	MarkSpencer	Spencer, Mark Steven	M	-	
ParlaMint-GB-en_2022-03-31-commons	ParlaMint-GB_2022-03-31-commons.u253	Minutes of the House of Commons, Daily Session 2022-03-31	2022-03-31	Lower house	58	-	2022-03-31	2022-03-31	-	COVID,War	English	Regular	MP	notMinister	CON	Conservative	-	Centre-right	LiamFox	Fox, Liam	M	-	
ParlaMint-GB-en_2022-03-31-commons	ParlaMint-GB_2022-03-31-commons.u254	Minutes of the House of Commons, Daily Session 2022-03-31	2022-03-31	Lower house	58	-	2022-03-31	2022-03-31	-	COVID,War	English	Regular	MP	notMinister	CON	Conservative	-	Centre-right	MarkSpencer	Spencer, Mark Steven	M	-	
ParlaMint-GB-en_2022-03-31-commons	ParlaMint-GB_2022-03-31-commons.u255	Minutes of the House of Commons, Daily Session 2022-03-31	2022-03-31	Lower house	58	-	2022-03-31	2022-03-31	-	COVID,War	English	Regular	notMP	notMinister	LAB	Labour	Opposition	Centre-left	KimLeadbeater	Leadbeater, Kim Michele	F	-	
ParlaMint-GB-en_2022-03-31-commons	ParlaMint-GB_2022-03-31-commons.u256	Minutes of the House of Commons, Daily Session 2022-03-31	2022-03-31	Lower house	58	-	2022-03-31	2022-03-31	-	COVID,War	English	Regular	MP	notMinister	CON	Conservative	-	Centre-right	MarkSpencer	Spencer, Mark Steven	M	-	
ParlaMint-GB-en_2022-03-31-commons	ParlaMint-GB_2022-03-31-commons.u257	Minutes of the House of Commons, Daily Session 2022-03-31	2022-03-31	Lower house	58	-	2022-03-31	2022-03-31	-	COVID,War	English	Regular	MP	notMinister	CON	Conservative	-	Centre-right	RobertBlackman	Blackman, Robert John	M	-	
ParlaMint-GB-en_2022-03-31-commons	ParlaMint-GB_2022-03-31-commons.u258	Minutes of the House of Commons, Daily Session 2022-03-31	2022-03-31	Lower house	58	-	2022-03-31	2022-03-31	-	COVID,War	English	Regular	MP	notMinister	CON	Conservative	-	Centre-right	MarkSpencer	Spencer, Mark Steven	M	-	
ParlaMint-GB-en_2022-03-31-commons	ParlaMint-GB_2022-03-31-commons.u259	Minutes of the House of Commons, Daily Session 2022-03-31	2022-03-31	Lower house	58	-	2022-03-31	2022-03-31	-	COVID,War	English	Regular	MP	notMinister	LAB	Labour	Opposition	Centre-left	CliveEfford	Efford, Clive Stanley	M	-	
ParlaMint-GB-en_2022-03-31-commons	ParlaMint-GB_2022-03-31-commons.u260	Minutes of the House of Commons, Daily Session 2022-03-31	2022-03-31	Lower house	58	-	2022-03-31	2022-03-31	-	COVID,War	English	Regular	MP	notMinister	CON	Conservative	-	Centre-right	MarkSpencer	Spencer, Mark Steven	M	-	
ParlaMint-GB-en_2022-03-31-commons	ParlaMint-GB_2022-03-31-commons.u261	Minutes of the House of Commons, Daily Session 2022-03-31	2022-03-31	Lower house	58	-	2022-03-31	2022-03-31	-	COVID,War	English	Regular	MP	notMinister	CON	Conservative	-	Centre-right	FelicityBuchan	Buchan, Felicity Christiana	F	-	
ParlaMint-GB-en_2022-03-31-commons	ParlaMint-GB_2022-03-31-commons.u262	Minutes of the House of Commons, Daily Session 2022-03-31	2022-03-31	Lower house	58	-	2022-03-31	2022-03-31	-	COVID,War	English	Regular	MP	notMinister	CON	Conservative	-	Centre-right	MarkSpencer	Spencer, Mark Steven	M	-	
ParlaMint-GB-en_2022-03-31-commons	ParlaMint-GB_2022-03-31-commons.u263	Minutes of the House of Commons, Daily Session 2022-03-31	2022-03-31	Lower house	58	-	2022-03-31	2022-03-31	-	COVID,War	English	Regular	MP	notMinister	LD	Liberal Democrat	-	Centre to centre-left	WeraHobhouse	Hobhouse, Wera Benedicta	F	-	
ParlaMint-GB-en_2022-03-31-commons	ParlaMint-GB_2022-03-31-commons.u264	Minutes of the House of Commons, Daily Session 2022-03-31	2022-03-31	Lower house	58	-	2022-03-31	2022-03-31	-	COVID,War	English	Regular	MP	notMinister	CON	Conservative	-	Centre-right	MarkSpencer	Spencer, Mark Steven	M	-	
ParlaMint-GB-en_2022-03-31-commons	ParlaMint-GB_2022-03-31-commons.u265	Minutes of the House of Commons, Daily Session 2022-03-31	2022-03-31	Lower house	58	-	2022-03-31	2022-03-31	-	COVID,War	English	Regular	MP	notMinister	CON	Conservative	-	Centre-right	AndrewSelous	Selous, Andrew Edmund Armstrong	M	-	
ParlaMint-GB-en_2022-03-31-commons	ParlaMint-GB_2022-03-31-commons.u266	Minutes of the House of Commons, Daily Session 2022-03-31	2022-03-31	Lower house	58	-	2022-03-31	2022-03-31	-	COVID,War	English	Regular	MP	notMinister	CON	Conservative	-	Centre-right	MarkSpencer	Spencer, Mark Steven	M	-	
ParlaMint-GB-en_2022-03-31-commons	ParlaMint-GB_2022-03-31-commons.u267	Minutes of the House of Commons, Daily Session 2022-03-31	2022-03-31	Lower house	58	-	2022-03-31	2022-03-31	-	COVID,War	English	Regular	MP	notMinister	LAB	Labour	Opposition	Centre-left	ZarahSultana	Sultana, Zarah	F	-	
ParlaMint-GB-en_2022-03-31-commons	ParlaMint-GB_2022-03-31-commons.u268	Minutes of the House of Commons, Daily Session 2022-03-31	2022-03-31	Lower house	58	-	2022-03-31	2022-03-31	-	COVID,War	English	Regular	MP	notMinister	CON	Conservative	-	Centre-right	MarkSpencer	Spencer, Mark Steven	M	-	
ParlaMint-GB-en_2022-03-31-commons	ParlaMint-GB_2022-03-31-commons.u269	Minutes of the House of Commons, Daily Session 2022-03-31	2022-03-31	Lower house	58	-	2022-03-31	2022-03-31	-	COVID,War	English	Regular	MP	notMinister	CON	Conservative	-	Centre-right	NicholasFletcher	Fletcher, Nicholas Anthony	M	-	
ParlaMint-GB-en_2022-03-31-commons	ParlaMint-GB_2022-03-31-commons.u270	Minutes of the House of Commons, Daily Session 2022-03-31	2022-03-31	Lower house	58	-	2022-03-31	2022-03-31	-	COVID,War	English	Regular	MP	notMinister	CON	Conservative	-	Centre-right	MarkSpencer	Spencer, Mark Steven	M	-	
ParlaMint-GB-en_2022-03-31-commons	ParlaMint-GB_2022-03-31-commons.u271	Minutes of the House of Commons, Daily Session 2022-03-31	2022-03-31	Lower house	58	-	2022-03-31	2022-03-31	-	COVID,War	English	Regular	MP	notMinister	SNP;PAUB	Scottish National Party;Alba Party	-	Centre-left	JamesNealeHanvey	Hanvey, James Neale	M	-	
ParlaMint-GB-en_2022-03-31-commons	ParlaMint-GB_2022-03-31-commons.u272	Minutes of the House of Commons, Daily Session 2022-03-31	2022-03-31	Lower house	58	-	2022-03-31	2022-03-31	-	COVID,War	English	Regular	MP	notMinister	CON	Conservative	-	Centre-right	MarkSpencer	Spencer, Mark Steven	M	-	
ParlaMint-GB-en_2022-03-31-commons	ParlaMint-GB_2022-03-31-commons.u273	Minutes of the House of Commons, Daily Session 2022-03-31	2022-03-31	Lower house	58	-	2022-03-31	2022-03-31	-	COVID,War	English	Regular	notMP	notMinister	CON	Conservative	-	Centre-right	AnnaFirth	Firth, Anna	F	-	
ParlaMint-GB-en_2022-03-31-commons	ParlaMint-GB_2022-03-31-commons.u274	Minutes of the House of Commons, Daily Session 2022-03-31	2022-03-31	Lower house	58	-	2022-03-31	2022-03-31	-	COVID,War	English	Regular	MP	notMinister	CON	Conservative	-	Centre-right	MarkSpencer	Spencer, Mark Steven	M	-	
ParlaMint-GB-en_2022-03-31-commons	ParlaMint-GB_2022-03-31-commons.u275	Minutes of the House of Commons, Daily Session 2022-03-31	2022-03-31	Lower house	58	-	2022-03-31	2022-03-31	-	COVID,War	English	Regular	MP	notMinister	LAB	Labour	Opposition	Centre-left	TaiwoOwatemi	Owatemi, Taiwo	F	-	
ParlaMint-GB-en_2022-03-31-commons	ParlaMint-GB_2022-03-31-commons.u276	Minutes of the House of Commons, Daily Session 2022-03-31	2022-03-31	Lower house	58	-	2022-03-31	2022-03-31	-	COVID,War	English	Regular	MP	notMinister	CON	Conservative	-	Centre-right	MarkSpencer	Spencer, Mark Steven	M	-	
ParlaMint-GB-en_2022-03-31-commons	ParlaMint-GB_2022-03-31-commons.u277	Minutes of the House of Commons, Daily Session 2022-03-31	2022-03-31	Lower house	58	-	2022-03-31	2022-03-31	-	COVID,War	English	Regular	MP	notMinister	CON	Conservative	-	Centre-right	RobertMoore	Moore, Robert Peter	M	-	
ParlaMint-GB-en_2022-03-31-commons	ParlaMint-GB_2022-03-31-commons.u278	Minutes of the House of Commons, Daily Session 2022-03-31	2022-03-31	Lower house	58	-	2022-03-31	2022-03-31	-	COVID,War	English	Regular	MP	notMinister	CON	Conservative	-	Centre-right	MarkSpencer	Spencer, Mark Steven	M	-	
ParlaMint-GB-en_2022-03-31-commons	ParlaMint-GB_2022-03-31-commons.u279	Minutes of the House of Commons, Daily Session 2022-03-31	2022-03-31	Lower house	58	-	2022-03-31	2022-03-31	-	COVID,War	English	Regular	MP	notMinister	SNP	Scottish National Party	-	Centre-left	KirstyBlackman	Blackman, Kirsty Ann	F	-	
ParlaMint-GB-en_2022-03-31-commons	ParlaMint-GB_2022-03-31-commons.u280	Minutes of the House of Commons, Daily Session 2022-03-31	2022-03-31	Lower house	58	-	2022-03-31	2022-03-31	-	COVID,War	English	Regular	MP	notMinister	CON	Conservative	-	Centre-right	MarkSpencer	Spencer, Mark Steven	M	-	
ParlaMint-GB-en_2022-03-31-commons	ParlaMint-GB_2022-03-31-commons.u281	Minutes of the House of Commons, Daily Session 2022-03-31	2022-03-31	Lower house	58	-	2022-03-31	2022-03-31	-	COVID,War	English	Regular	MP	notMinister	CON	Conservative	-	Centre-right	KatherineFletcher	Fletcher, Katherine	F	-	
ParlaMint-GB-en_2022-03-31-commons	ParlaMint-GB_2022-03-31-commons.u282	Minutes of the House of Commons, Daily Session 2022-03-31	2022-03-31	Lower house	58	-	2022-03-31	2022-03-31	-	COVID,War	English	Regular	MP	notMinister	CON	Conservative	-	Centre-right	MarkSpencer	Spencer, Mark Steven	M	-	
ParlaMint-GB-en_2022-03-31-commons	ParlaMint-GB_2022-03-31-commons.u283	Minutes of the House of Commons, Daily Session 2022-03-31	2022-03-31	Lower house	58	-	2022-03-31	2022-03-31	-	COVID,War	English	Regular	MP	notMinister	LAB	Labour	Opposition	Centre-left	DianaJohnson	Johnson, Diana Ruth	F	-	
ParlaMint-GB-en_2022-03-31-commons	ParlaMint-GB_2022-03-31-commons.u284	Minutes of the House of Commons, Daily Session 2022-03-31	2022-03-31	Lower house	58	-	2022-03-31	2022-03-31	-	COVID,War	English	Regular	MP	notMinister	CON	Conservative	-	Centre-right	MarkSpencer	Spencer, Mark Steven	M	-	
ParlaMint-GB-en_2022-03-31-commons	ParlaMint-GB_2022-03-31-commons.u285	Minutes of the House of Commons, Daily Session 2022-03-31	2022-03-31	Lower house	58	-	2022-03-31	2022-03-31	-	COVID,War	English	Regular	MP	notMinister	CON	Conservative	-	Centre-right	GregSmith	Smith, Greg	M	-	
ParlaMint-GB-en_2022-03-31-commons	ParlaMint-GB_2022-03-31-commons.u286	Minutes of the House of Commons, Daily Session 2022-03-31	2022-03-31	Lower house	58	-	2022-03-31	2022-03-31	-	COVID,War	English	Regular	MP	notMinister	CON	Conservative	-	Centre-right	MarkSpencer	Spencer, Mark Steven	M	-	
ParlaMint-GB-en_2022-03-31-commons	ParlaMint-GB_2022-03-31-commons.u287	Minutes of the House of Commons, Daily Session 2022-03-31	2022-03-31	Lower house	58	-	2022-03-31	2022-03-31	-	COVID,War	English	Regular	MP	notMinister	LD	Liberal Democrat	-	Centre to centre-left	DaisyCooper	Cooper, Daisy	F	-	
ParlaMint-GB-en_2022-03-31-commons	ParlaMint-GB_2022-03-31-commons.u288	Minutes of the House of Commons, Daily Session 2022-03-31	2022-03-31	Lower house	58	-	2022-03-31	2022-03-31	-	COVID,War	English	Regular	MP	notMinister	CON	Conservative	-	Centre-right	MarkSpencer	Spencer, Mark Steven	M	-	
ParlaMint-GB-en_2022-03-31-commons	ParlaMint-GB_2022-03-31-commons.u289	Minutes of the House of Commons, Daily Session 2022-03-31	2022-03-31	Lower house	58	-	2022-03-31	2022-03-31	-	COVID,War	English	Regular	MP	notMinister	CON	Conservative	-	Centre-right	JamesDavies	Davies, James Michael	M	-	
ParlaMint-GB-en_2022-03-31-commons	ParlaMint-GB_2022-03-31-commons.u290	Minutes of the House of Commons, Daily Session 2022-03-31	2022-03-31	Lower house	58	-	2022-03-31	2022-03-31	-	COVID,War	English	Regular	MP	notMinister	CON	Conservative	-	Centre-right	MarkSpencer	Spencer, Mark Steven	M	-	
ParlaMint-GB-en_2022-03-31-commons	ParlaMint-GB_2022-03-31-commons.u291	Minutes of the House of Commons, Daily Session 2022-03-31	2022-03-31	Lower house	58	-	2022-03-31	2022-03-31	-	COVID,War	English	Regular	MP	notMinister	LAB	Labour	Opposition	Centre-left	AndrewSlaughter	Slaughter, Andrew Francis	M	-	
ParlaMint-GB-en_2022-03-31-commons	ParlaMint-GB_2022-03-31-commons.u292	Minutes of the House of Commons, Daily Session 2022-03-31	2022-03-31	Lower house	58	-	2022-03-31	2022-03-31	-	COVID,War	English	Regular	MP	notMinister	CON	Conservative	-	Centre-right	MarkSpencer	Spencer, Mark Steven	M	-	
ParlaMint-GB-en_2022-03-31-commons	ParlaMint-GB_2022-03-31-commons.u293	Minutes of the House of Commons, Daily Session 2022-03-31	2022-03-31	Lower house	58	-	2022-03-31	2022-03-31	-	COVID,War	English	Regular	MP	notMinister	LAB	Labour	Opposition	Centre-left	FlorenceEshalomi	Eshalomi, Florence	F	-	
ParlaMint-GB-en_2022-03-31-commons	ParlaMint-GB_2022-03-31-commons.u294	Minutes of the House of Commons, Daily Session 2022-03-31	2022-03-31	Lower house	58	-	2022-03-31	2022-03-31	-	COVID,War	English	Regular	MP	notMinister	CON	Conservative	-	Centre-right	MarkSpencer	Spencer, Mark Steven	M	-	
ParlaMint-GB-en_2022-03-31-commons	ParlaMint-GB_2022-03-31-commons.u295	Minutes of the House of Commons, Daily Session 2022-03-31	2022-03-31	Lower house	58	-	2022-03-31	2022-03-31	-	COVID,War	English	Regular	MP	notMinister	SNP	Scottish National Party	-	Centre-left	KirstenOswald	Oswald, Kirsten Frances	F	-	
ParlaMint-GB-en_2022-03-31-commons	ParlaMint-GB_2022-03-31-commons.u296	Minutes of the House of Commons, Daily Session 2022-03-31	2022-03-31	Lower house	58	-	2022-03-31	2022-03-31	-	COVID,War	English	Regular	MP	notMinister	CON	Conservative	-	Centre-right	MarkSpencer	Spencer, Mark Steven	M	-	
ParlaMint-GB-en_2022-03-31-commons	ParlaMint-GB_2022-03-31-commons.u297	Minutes of the House of Commons, Daily Session 2022-03-31	2022-03-31	Lower house	58	-	2022-03-31	2022-03-31	-	COVID,War	English	Regular	MP	notMinister	LAB	Labour	Opposition	Centre-left	MatthewWestern	Western, Matthew Raymond	M	-	
ParlaMint-GB-en_2022-03-31-commons	ParlaMint-GB_2022-03-31-commons.u298	Minutes of the House of Commons, Daily Session 2022-03-31	2022-03-31	Lower house	58	-	2022-03-31	2022-03-31	-	COVID,War	English	Regular	MP	notMinister	CON	Conservative	-	Centre-right	MarkSpencer	Spencer, Mark Steven	M	-	
ParlaMint-GB-en_2022-03-31-commons	ParlaMint-GB_2022-03-31-commons.u299	Minutes of the House of Commons, Daily Session 2022-03-31	2022-03-31	Lower house	58	-	2022-03-31	2022-03-31	-	COVID,War	English	Regular	MP	notMinister	LAB	Labour	Opposition	Centre-left	FleurAnderson	Anderson, Fleur	F	-	
ParlaMint-GB-en_2022-03-31-commons	ParlaMint-GB_2022-03-31-commons.u300	Minutes of the House of Commons, Daily Session 2022-03-31	2022-03-31	Lower house	58	-	2022-03-31	2022-03-31	-	COVID,War	English	Regular	MP	notMinister	CON	Conservative	-	Centre-right	MarkSpencer	Spencer, Mark Steven	M	-	
ParlaMint-GB-en_2022-03-31-commons	ParlaMint-GB_2022-03-31-commons.u301	Minutes of the House of Commons, Daily Session 2022-03-31	2022-03-31	Lower house	58	-	2022-03-31	2022-03-31	-	COVID,War	English	Regular	MP	notMinister	DUP	Democratic Unionist Party	-	Right	RichardShannon	Shannon, Richard James	M	-	
ParlaMint-GB-en_2022-03-31-commons	ParlaMint-GB_2022-03-31-commons.u302	Minutes of the House of Commons, Daily Session 2022-03-31	2022-03-31	Lower house	58	-	2022-03-31	2022-03-31	-	COVID,War	English	Regular	MP	notMinister	CON	Conservative	-	Centre-right	MarkSpencer	Spencer, Mark Steven	M	-	
ParlaMint-GB-en_2022-03-31-commons	ParlaMint-GB_2022-03-31-commons.u303	Minutes of the House of Commons, Daily Session 2022-03-31	2022-03-31	Lower house	58	-	2022-03-31	2022-03-31	-	COVID,War	English	Regular	MP	notMinister	SNP	Scottish National Party	-	Centre-left	AlisonThewliss	Thewliss, Alison Emily	F	-	
ParlaMint-GB-en_2022-03-31-commons	ParlaMint-GB_2022-03-31-commons.u304	Minutes of the House of Commons, Daily Session 2022-03-31	2022-03-31	Lower house	58	-	2022-03-31	2022-03-31	-	COVID,War	English	Regular	MP	notMinister	CON	Conservative	-	Centre-right	MarkSpencer	Spencer, Mark Steven	M	-	
ParlaMint-GB-en_2022-03-31-commons	ParlaMint-GB_2022-03-31-commons.u305	Minutes of the House of Commons, Daily Session 2022-03-31	2022-03-31	Lower house	58	-	2022-03-31	2022-03-31	-	COVID,War	English	Regular	MP	notMinister	LAB	Labour	Opposition	Centre-left	RosalieWinterton	Winterton, Rosalie	F	-	
ParlaMint-GB-en_2022-03-31-commons	ParlaMint-GB_2022-03-31-commons.u306	Minutes of the House of Commons, Daily Session 2022-03-31	2022-03-31	Lower house	58	-	2022-03-31	2022-03-31	-	COVID,War	English	Regular	MP	notMinister	LAB	Labour	Opposition	Centre-left	AnthonyLloyd2	Lloyd, Anthony Joseph	M	-	
ParlaMint-GB-en_2022-03-31-commons	ParlaMint-GB_2022-03-31-commons.u307	Minutes of the House of Commons, Daily Session 2022-03-31	2022-03-31	Lower house	58	-	2022-03-31	2022-03-31	-	COVID,War	English	Regular	MP	notMinister	LAB	Labour	Opposition	Centre-left	RosalieWinterton	Winterton, Rosalie	F	-	
ParlaMint-GB-en_2022-03-31-commons	ParlaMint-GB_2022-03-31-commons.u308	Minutes of the House of Commons, Daily Session 2022-03-31	2022-03-31	Lower house	58	-	2022-03-31	2022-03-31	-	COVID,War	English	Regular	MP	notMinister	LAB	Labour	Opposition	Centre-left	RachelHopkins	Hopkins, Rachel Louise	F	-	
ParlaMint-GB-en_2022-03-31-commons	ParlaMint-GB_2022-03-31-commons.u309	Minutes of the House of Commons, Daily Session 2022-03-31	2022-03-31	Lower house	58	-	2022-03-31	2022-03-31	-	COVID,War	English	Regular	MP	notMinister	LAB	Labour	Opposition	Centre-left	RosalieWinterton	Winterton, Rosalie	F	-	
ParlaMint-GB-en_2022-03-31-commons	ParlaMint-GB_2022-03-31-commons.u310	Minutes of the House of Commons, Daily Session 2022-03-31	2022-03-31	Lower house	58	-	2022-03-31	2022-03-31	-	COVID,War	English	Regular	MP	notMinister	CON	Conservative	-	Centre-right	ChristopherChope	Chope, Christopher Robert	M	-	
ParlaMint-GB-en_2022-03-31-commons	ParlaMint-GB_2022-03-31-commons.u311	Minutes of the House of Commons, Daily Session 2022-03-31	2022-03-31	Lower house	58	-	2022-03-31	2022-03-31	-	COVID,War	English	Regular	MP	notMinister	LAB	Labour	Opposition	Centre-left	RosalieWinterton	Winterton, Rosalie	F	-	
ParlaMint-GB-en_2022-03-31-commons	ParlaMint-GB_2022-03-31-commons.u312	Minutes of the House of Commons, Daily Session 2022-03-31	2022-03-31	Lower house	58	-	2022-03-31	2022-03-31	-	COVID,War	English	Regular	MP	notMinister	CON	Conservative	-	Centre-right	ChristopherChope	Chope, Christopher Robert	M	-	
ParlaMint-GB-en_2022-03-31-commons	ParlaMint-GB_2022-03-31-commons.u313	Minutes of the House of Commons, Daily Session 2022-03-31	2022-03-31	Lower house	58	-	2022-03-31	2022-03-31	-	COVID,War	English	Regular	MP	notMinister	LAB	Labour	Opposition	Centre-left	RosalieWinterton	Winterton, Rosalie	F	-	
ParlaMint-GB-en_2022-03-31-commons	ParlaMint-GB_2022-03-31-commons.u314	Minutes of the House of Commons, Daily Session 2022-03-31	2022-03-31	Lower house	58	-	2022-03-31	2022-03-31	-	COVID,War	English	Regular	MP	notMinister	LD	Liberal Democrat	-	Centre to centre-left	LaylaMoran	Moran, Layla Michelle	F	-	
ParlaMint-GB-en_2022-03-31-commons	ParlaMint-GB_2022-03-31-commons.u315	Minutes of the House of Commons, Daily Session 2022-03-31	2022-03-31	Lower house	58	-	2022-03-31	2022-03-31	-	COVID,War	English	Regular	MP	notMinister	LAB	Labour	Opposition	Centre-left	RosalieWinterton	Winterton, Rosalie	F	-	
ParlaMint-GB-en_2022-03-31-commons	ParlaMint-GB_2022-03-31-commons.u316	Minutes of the House of Commons, Daily Session 2022-03-31	2022-03-31	Lower house	58	-	2022-03-31	2022-03-31	-	COVID,War	English	Regular	MP	notMinister	LD	Liberal Democrat	-	Centre to centre-left	DaisyCooper	Cooper, Daisy	F	-	
ParlaMint-GB-en_2022-03-31-commons	ParlaMint-GB_2022-03-31-commons.u317	Minutes of the House of Commons, Daily Session 2022-03-31	2022-03-31	Lower house	58	-	2022-03-31	2022-03-31	-	COVID,War	English	Regular	MP	notMinister	LAB	Labour	Opposition	Centre-left	RosalieWinterton	Winterton, Rosalie	F	-	
ParlaMint-GB-en_2022-03-31-commons	ParlaMint-GB_2022-03-31-commons.u318	Minutes of the House of Commons, Daily Session 2022-03-31	2022-03-31	Lower house	58	-	2022-03-31	2022-03-31	-	COVID,War	English	Regular	MP	notMinister	LD	Liberal Democrat	-	Centre to centre-left	LaylaMoran	Moran, Layla Michelle	F	-	
ParlaMint-GB-en_2022-03-31-commons	ParlaMint-GB_2022-03-31-commons.u319	Minutes of the House of Commons, Daily Session 2022-03-31	2022-03-31	Lower house	58	-	2022-03-31	2022-03-31	-	COVID,War	English	Regular	MP	notMinister	LAB	Labour	Opposition	Centre-left	SeemaMalhotraSaluja	Malhotra-Saluja, Seema	F	-	
ParlaMint-GB-en_2022-03-31-commons	ParlaMint-GB_2022-03-31-commons.u320	Minutes of the House of Commons, Daily Session 2022-03-31	2022-03-31	Lower house	58	-	2022-03-31	2022-03-31	-	COVID,War	English	Regular	MP	notMinister	LD	Liberal Democrat	-	Centre to centre-left	LaylaMoran	Moran, Layla Michelle	F	-	
ParlaMint-GB-en_2022-03-31-commons	ParlaMint-GB_2022-03-31-commons.u321	Minutes of the House of Commons, Daily Session 2022-03-31	2022-03-31	Lower house	58	-	2022-03-31	2022-03-31	-	COVID,War	English	Regular	MP	notMinister	LAB	Labour	Opposition	Centre-left	MaryGlindon	Glindon, Mary Theresa	F	-	
ParlaMint-GB-en_2022-03-31-commons	ParlaMint-GB_2022-03-31-commons.u322	Minutes of the House of Commons, Daily Session 2022-03-31	2022-03-31	Lower house	58	-	2022-03-31	2022-03-31	-	COVID,War	English	Regular	MP	notMinister	LD	Liberal Democrat	-	Centre to centre-left	LaylaMoran	Moran, Layla Michelle	F	-	
ParlaMint-GB-en_2022-03-31-commons	ParlaMint-GB_2022-03-31-commons.u323	Minutes of the House of Commons, Daily Session 2022-03-31	2022-03-31	Lower house	58	-	2022-03-31	2022-03-31	-	COVID,War	English	Regular	MP	notMinister	LAB	Labour	Opposition	Centre-left	RosalieWinterton	Winterton, Rosalie	F	-	
ParlaMint-GB-en_2022-03-31-commons	ParlaMint-GB_2022-03-31-commons.u324	Minutes of the House of Commons, Daily Session 2022-03-31	2022-03-31	Lower house	58	-	2022-03-31	2022-03-31	-	COVID,War	English	Regular	MP	notMinister	LAB	Labour	Opposition	Centre-left	DeborahAbrahams	Abrahams, Deborah Angela Elspeth Marie	F	-	
ParlaMint-GB-en_2022-03-31-commons	ParlaMint-GB_2022-03-31-commons.u325	Minutes of the House of Commons, Daily Session 2022-03-31	2022-03-31	Lower house	58	-	2022-03-31	2022-03-31	-	COVID,War	English	Regular	MP	notMinister	LAB	Labour	Opposition	Centre-left	ChristianMatheson	Matheson, Christian John Patrick	M	-	
ParlaMint-GB-en_2022-03-31-commons	ParlaMint-GB_2022-03-31-commons.u326	Minutes of the House of Commons, Daily Session 2022-03-31	2022-03-31	Lower house	58	-	2022-03-31	2022-03-31	-	COVID,War	English	Regular	MP	notMinister	LD	Liberal Democrat	-	Centre to centre-left	WendyChamberlain	Chamberlain, Wendy Anne	F	-	
ParlaMint-GB-en_2022-03-31-commons	ParlaMint-GB_2022-03-31-commons.u327	Minutes of the House of Commons, Daily Session 2022-03-31	2022-03-31	Lower house	58	-	2022-03-31	2022-03-31	-	COVID,War	English	Regular	MP	notMinister	LAB	Labour	Opposition	Centre-left	FleurAnderson	Anderson, Fleur	F	-	
ParlaMint-GB-en_2022-03-31-commons	ParlaMint-GB_2022-03-31-commons.u328	Minutes of the House of Commons, Daily Session 2022-03-31	2022-03-31	Lower house	58	-	2022-03-31	2022-03-31	-	COVID,War	English	Regular	MP	notMinister	DUP	Democratic Unionist Party	-	Right	RichardShannon	Shannon, Richard James	M	-	
ParlaMint-GB-en_2022-03-31-commons	ParlaMint-GB_2022-03-31-commons.u329	Minutes of the House of Commons, Daily Session 2022-03-31	2022-03-31	Lower house	58	-	2022-03-31	2022-03-31	-	COVID,War	English	Regular	MP	notMinister	LD	Liberal Democrat	-	Centre to centre-left	WendyChamberlain	Chamberlain, Wendy Anne	F	-	
ParlaMint-GB-en_2022-03-31-commons	ParlaMint-GB_2022-03-31-commons.u330	Minutes of the House of Commons, Daily Session 2022-03-31	2022-03-31	Lower house	58	-	2022-03-31	2022-03-31	-	COVID,War	English	Regular	MP	notMinister	DUP	Democratic Unionist Party	-	Right	RichardShannon	Shannon, Richard James	M	-	
ParlaMint-GB-en_2022-03-31-commons	ParlaMint-GB_2022-03-31-commons.u331	Minutes of the House of Commons, Daily Session 2022-03-31	2022-03-31	Lower house	58	-	2022-03-31	2022-03-31	-	COVID,War	English	Regular	MP	notMinister	CON	Conservative	-	Centre-right	EleanorLaing	Laing, Eleanor Fulton	F	-	
ParlaMint-GB-en_2022-03-31-commons	ParlaMint-GB_2022-03-31-commons.u332	Minutes of the House of Commons, Daily Session 2022-03-31	2022-03-31	Lower house	58	-	2022-03-31	2022-03-31	-	COVID,War	English	Regular	MP	notMinister	DUP	Democratic Unionist Party	-	Right	RichardShannon	Shannon, Richard James	M	-	
ParlaMint-GB-en_2022-03-31-commons	ParlaMint-GB_2022-03-31-commons.u333	Minutes of the House of Commons, Daily Session 2022-03-31	2022-03-31	Lower house	58	-	2022-03-31	2022-03-31	-	COVID,War	English	Regular	MP	notMinister	SNP	Scottish National Party	-	Centre-left	MarionFellows	Fellows, Marion	F	-	
ParlaMint-GB-en_2022-03-31-commons	ParlaMint-GB_2022-03-31-commons.u334	Minutes of the House of Commons, Daily Session 2022-03-31	2022-03-31	Lower house	58	-	2022-03-31	2022-03-31	-	COVID,War	English	Regular	MP	notMinister	LD	Liberal Democrat	-	Centre to centre-left	WendyChamberlain	Chamberlain, Wendy Anne	F	-	
ParlaMint-GB-en_2022-03-31-commons	ParlaMint-GB_2022-03-31-commons.u335	Minutes of the House of Commons, Daily Session 2022-03-31	2022-03-31	Lower house	58	-	2022-03-31	2022-03-31	-	COVID,War	English	Regular	MP	notMinister	SNP	Scottish National Party	-	Centre-left	MarionFellows	Fellows, Marion	F	-	
ParlaMint-GB-en_2022-03-31-commons	ParlaMint-GB_2022-03-31-commons.u336	Minutes of the House of Commons, Daily Session 2022-03-31	2022-03-31	Lower house	58	-	2022-03-31	2022-03-31	-	COVID,War	English	Regular	MP	notMinister	CON	Conservative	-	Centre-right	EleanorLaing	Laing, Eleanor Fulton	F	-	
ParlaMint-GB-en_2022-03-31-commons	ParlaMint-GB_2022-03-31-commons.u337	Minutes of the House of Commons, Daily Session 2022-03-31	2022-03-31	Lower house	58	-	2022-03-31	2022-03-31	-	COVID,War	English	Regular	MP	notMinister	LAB	Labour	Opposition	Centre-left	AndrewGwynne	Gwynne, Andrew John	M	-	
ParlaMint-GB-en_2022-03-31-commons	ParlaMint-GB_2022-03-31-commons.u338	Minutes of the House of Commons, Daily Session 2022-03-31	2022-03-31	Lower house	58	-	2022-03-31	2022-03-31	-	COVID,War	English	Regular	MP	notMinister	LD	Liberal Democrat	-	Centre to centre-left	LaylaMoran	Moran, Layla Michelle	F	-	
ParlaMint-GB-en_2022-03-31-commons	ParlaMint-GB_2022-03-31-commons.u339	Minutes of the House of Commons, Daily Session 2022-03-31	2022-03-31	Lower house	58	-	2022-03-31	2022-03-31	-	COVID,War	English	Regular	MP	notMinister	LAB	Labour	Opposition	Centre-left	AndrewGwynne	Gwynne, Andrew John	M	-	
ParlaMint-GB-en_2022-03-31-commons	ParlaMint-GB_2022-03-31-commons.u340	Minutes of the House of Commons, Daily Session 2022-03-31	2022-03-31	Lower house	58	-	2022-03-31	2022-03-31	-	COVID,War	English	Regular	MP	notMinister	CON	Conservative	-	Centre-right	PaulScully	Scully, Paul Stuart	M	-	
ParlaMint-GB-en_2022-03-31-commons	ParlaMint-GB_2022-03-31-commons.u341	Minutes of the House of Commons, Daily Session 2022-03-31	2022-03-31	Lower house	58	-	2022-03-31	2022-03-31	-	COVID,War	English	Regular	MP	notMinister	LAB	Labour	Opposition	Centre-left	DeborahAbrahams	Abrahams, Deborah Angela Elspeth Marie	F	-	
ParlaMint-GB-en_2022-03-31-commons	ParlaMint-GB_2022-03-31-commons.u342	Minutes of the House of Commons, Daily Session 2022-03-31	2022-03-31	Lower house	58	-	2022-03-31	2022-03-31	-	COVID,War	English	Regular	MP	notMinister	CON	Conservative	-	Centre-right	PaulScully	Scully, Paul Stuart	M	-	
ParlaMint-GB-en_2022-03-31-commons	ParlaMint-GB_2022-03-31-commons.u343	Minutes of the House of Commons, Daily Session 2022-03-31	2022-03-31	Lower house	58	-	2022-03-31	2022-03-31	-	COVID,War	English	Regular	MP	notMinister	SNP	Scottish National Party	-	Centre-left	MarionFellows	Fellows, Marion	F	-	
ParlaMint-GB-en_2022-03-31-commons	ParlaMint-GB_2022-03-31-commons.u344	Minutes of the House of Commons, Daily Session 2022-03-31	2022-03-31	Lower house	58	-	2022-03-31	2022-03-31	-	COVID,War	English	Regular	MP	notMinister	CON	Conservative	-	Centre-right	PaulScully	Scully, Paul Stuart	M	-	
ParlaMint-GB-en_2022-03-31-commons	ParlaMint-GB_2022-03-31-commons.u345	Minutes of the House of Commons, Daily Session 2022-03-31	2022-03-31	Lower house	58	-	2022-03-31	2022-03-31	-	COVID,War	English	Regular	MP	notMinister	LD	Liberal Democrat	-	Centre to centre-left	LaylaMoran	Moran, Layla Michelle	F	-	
ParlaMint-GB-en_2022-03-31-commons	ParlaMint-GB_2022-03-31-commons.u346	Minutes of the House of Commons, Daily Session 2022-03-31	2022-03-31	Lower house	58	-	2022-03-31	2022-03-31	-	COVID,War	English	Regular	MP	notMinister	CON	Conservative	-	Centre-right	PaulScully	Scully, Paul Stuart	M	-	
ParlaMint-GB-en_2022-03-31-commons	ParlaMint-GB_2022-03-31-commons.u347	Minutes of the House of Commons, Daily Session 2022-03-31	2022-03-31	Lower house	58	-	2022-03-31	2022-03-31	-	COVID,War	English	Regular	MP	notMinister	CON	Conservative	-	Centre-right	EleanorLaing	Laing, Eleanor Fulton	F	-	
ParlaMint-GB-en_2022-03-31-commons	ParlaMint-GB_2022-03-31-commons.u348	Minutes of the House of Commons, Daily Session 2022-03-31	2022-03-31	Lower house	58	-	2022-03-31	2022-03-31	-	COVID,War	English	Regular	MP	notMinister	CON	Conservative	-	Centre-right	RobertBlackman	Blackman, Robert John	M	-	
ParlaMint-GB-en_2022-03-31-commons	ParlaMint-GB_2022-03-31-commons.u349	Minutes of the House of Commons, Daily Session 2022-03-31	2022-03-31	Lower house	58	-	2022-03-31	2022-03-31	-	COVID,War	English	Regular	MP	notMinister	CON	Conservative	-	Centre-right	EleanorLaing	Laing, Eleanor Fulton	F	-	
ParlaMint-GB-en_2022-03-31-commons	ParlaMint-GB_2022-03-31-commons.u350	Minutes of the House of Commons, Daily Session 2022-03-31	2022-03-31	Lower house	58	-	2022-03-31	2022-03-31	-	COVID,War	English	Regular	MP	notMinister	LAB	Labour	Opposition	Centre-left	SiobhainMcDonagh	McDonagh, Siobhain Ann	F	-	
ParlaMint-GB-en_2022-03-31-commons	ParlaMint-GB_2022-03-31-commons.u351	Minutes of the House of Commons, Daily Session 2022-03-31	2022-03-31	Lower house	58	-	2022-03-31	2022-03-31	-	COVID,War	English	Regular	MP	notMinister	CON	Conservative	-	Centre-right	EleanorLaing	Laing, Eleanor Fulton	F	-	
ParlaMint-GB-en_2022-03-31-commons	ParlaMint-GB_2022-03-31-commons.u352	Minutes of the House of Commons, Daily Session 2022-03-31	2022-03-31	Lower house	58	-	2022-03-31	2022-03-31	-	COVID,War	English	Regular	MP	notMinister	LAB	Labour	Opposition	Centre-left	SiobhainMcDonagh	McDonagh, Siobhain Ann	F	-	
ParlaMint-GB-en_2022-03-31-commons	ParlaMint-GB_2022-03-31-commons.u353	Minutes of the House of Commons, Daily Session 2022-03-31	2022-03-31	Lower house	58	-	2022-03-31	2022-03-31	-	COVID,War	English	Regular	MP	notMinister	CON	Conservative	-	Centre-right	FionaBruce	Bruce, Fiona Claire	F	-	
ParlaMint-GB-en_2022-03-31-commons	ParlaMint-GB_2022-03-31-commons.u354	Minutes of the House of Commons, Daily Session 2022-03-31	2022-03-31	Lower house	58	-	2022-03-31	2022-03-31	-	COVID,War	English	Regular	MP	notMinister	LAB;I	Labour;Independent	Opposition	Centre-left	JeremyCorbyn	Corbyn, Jeremy Bernard	M	-	
ParlaMint-GB-en_2022-03-31-commons	ParlaMint-GB_2022-03-31-commons.u355	Minutes of the House of Commons, Daily Session 2022-03-31	2022-03-31	Lower house	58	-	2022-03-31	2022-03-31	-	COVID,War	English	Regular	MP	notMinister	LAB	Labour	Opposition	Centre-left	MargaretHillier	Hillier, Margaret Olivia	F	-	
ParlaMint-GB-en_2022-03-31-commons	ParlaMint-GB_2022-03-31-commons.u356	Minutes of the House of Commons, Daily Session 2022-03-31	2022-03-31	Lower house	58	-	2022-03-31	2022-03-31	-	COVID,War	English	Regular	MP	notMinister	LAB;I	Labour;Independent	Opposition	Centre-left	JeremyCorbyn	Corbyn, Jeremy Bernard	M	-	
ParlaMint-GB-en_2022-03-31-commons	ParlaMint-GB_2022-03-31-commons.u357	Minutes of the House of Commons, Daily Session 2022-03-31	2022-03-31	Lower house	58	-	2022-03-31	2022-03-31	-	COVID,War	English	Regular	MP	notMinister	CON	Conservative	-	Centre-right	RobertStewart	Stewart, Robert Alexander	M	-	
ParlaMint-GB-en_2022-03-31-commons	ParlaMint-GB_2022-03-31-commons.u358	Minutes of the House of Commons, Daily Session 2022-03-31	2022-03-31	Lower house	58	-	2022-03-31	2022-03-31	-	COVID,War	English	Regular	notMP	notMinister	LD	Liberal Democrat	-	Centre to centre-left	SarahGreen	Green, Sarah Louise	F	-	
ParlaMint-GB-en_2022-03-31-commons	ParlaMint-GB_2022-03-31-commons.u359	Minutes of the House of Commons, Daily Session 2022-03-31	2022-03-31	Lower house	58	-	2022-03-31	2022-03-31	-	COVID,War	English	Regular	MP	notMinister	CON	Conservative	-	Centre-right	ShaunBailey	Bailey, Shaun Stephen	M	-	
ParlaMint-GB-en_2022-03-31-commons	ParlaMint-GB_2022-03-31-commons.u360	Minutes of the House of Commons, Daily Session 2022-03-31	2022-03-31	Lower house	58	-	2022-03-31	2022-03-31	-	COVID,War	English	Regular	MP	notMinister	LAB	Labour	Opposition	Centre-left	MargaretHillier	Hillier, Margaret Olivia	F	-	
ParlaMint-GB-en_2022-03-31-commons	ParlaMint-GB_2022-03-31-commons.u361	Minutes of the House of Commons, Daily Session 2022-03-31	2022-03-31	Lower house	58	-	2022-03-31	2022-03-31	-	COVID,War	English	Regular	MP	notMinister	LAB	Labour	Opposition	Centre-left	AndrewSlaughter	Slaughter, Andrew Francis	M	-	
ParlaMint-GB-en_2022-03-31-commons	ParlaMint-GB_2022-03-31-commons.u362	Minutes of the House of Commons, Daily Session 2022-03-31	2022-03-31	Lower house	58	-	2022-03-31	2022-03-31	-	COVID,War	English	Regular	MP	notMinister	LAB	Labour	Opposition	Centre-left	MargaretHillier	Hillier, Margaret Olivia	F	-	
ParlaMint-GB-en_2022-03-31-commons	ParlaMint-GB_2022-03-31-commons.u363	Minutes of the House of Commons, Daily Session 2022-03-31	2022-03-31	Lower house	58	-	2022-03-31	2022-03-31	-	COVID,War	English	Regular	MP	notMinister	LD	Liberal Democrat	-	Centre to centre-left	WendyChamberlain	Chamberlain, Wendy Anne	F	-	
ParlaMint-GB-en_2022-03-31-commons	ParlaMint-GB_2022-03-31-commons.u364	Minutes of the House of Commons, Daily Session 2022-03-31	2022-03-31	Lower house	58	-	2022-03-31	2022-03-31	-	COVID,War	English	Regular	MP	notMinister	CON	Conservative	-	Centre-right	NigelEvans	Evans, Nigel Martin	M	-	
ParlaMint-GB-en_2022-03-31-commons	ParlaMint-GB_2022-03-31-commons.u365	Minutes of the House of Commons, Daily Session 2022-03-31	2022-03-31	Lower house	58	-	2022-03-31	2022-03-31	-	COVID,War	English	Regular	MP	notMinister	LAB	Labour	Opposition	Centre-left	AndrewSlaughter	Slaughter, Andrew Francis	M	-	
ParlaMint-GB-en_2022-03-31-commons	ParlaMint-GB_2022-03-31-commons.u366	Minutes of the House of Commons, Daily Session 2022-03-31	2022-03-31	Lower house	58	-	2022-03-31	2022-03-31	-	COVID,War	English	Regular	MP	notMinister	CON	Conservative	-	Centre-right	NigelEvans	Evans, Nigel Martin	M	-	
ParlaMint-GB-en_2022-03-31-commons	ParlaMint-GB_2022-03-31-commons.u367	Minutes of the House of Commons, Daily Session 2022-03-31	2022-03-31	Lower house	58	-	2022-03-31	2022-03-31	-	COVID,War	English	Regular	MP	notMinister	LAB	Labour	Opposition	Centre-left	FleurAnderson	Anderson, Fleur	F	-	
ParlaMint-GB-en_2022-03-31-commons	ParlaMint-GB_2022-03-31-commons.u368	Minutes of the House of Commons, Daily Session 2022-03-31	2022-03-31	Lower house	58	-	2022-03-31	2022-03-31	-	COVID,War	English	Regular	MP	notMinister	CON	Conservative	-	Centre-right	RobertStewart	Stewart, Robert Alexander	M	-	
ParlaMint-GB-en_2022-03-31-commons	ParlaMint-GB_2022-03-31-commons.u369	Minutes of the House of Commons, Daily Session 2022-03-31	2022-03-31	Lower house	58	-	2022-03-31	2022-03-31	-	COVID,War	English	Regular	MP	notMinister	LAB	Labour	Opposition	Centre-left	FleurAnderson	Anderson, Fleur	F	-	
ParlaMint-GB-en_2022-03-31-commons	ParlaMint-GB_2022-03-31-commons.u370	Minutes of the House of Commons, Daily Session 2022-03-31	2022-03-31	Lower house	58	-	2022-03-31	2022-03-31	-	COVID,War	English	Regular	MP	notMinister	CON	Conservative	-	Centre-right	NigelEvans	Evans, Nigel Martin	M	-	
ParlaMint-GB-en_2022-03-31-commons	ParlaMint-GB_2022-03-31-commons.u371	Minutes of the House of Commons, Daily Session 2022-03-31	2022-03-31	Lower house	58	-	2022-03-31	2022-03-31	-	COVID,War	English	Regular	MP	notMinister	LAB	Labour	Opposition	Centre-left	RichardBurgon	Burgon, Richard	M	-	
ParlaMint-GB-en_2022-03-31-commons	ParlaMint-GB_2022-03-31-commons.u372	Minutes of the House of Commons, Daily Session 2022-03-31	2022-03-31	Lower house	58	-	2022-03-31	2022-03-31	-	COVID,War	English	Regular	MP	notMinister	SNP	Scottish National Party	-	Centre-left	MarionFellows	Fellows, Marion	F	-	
ParlaMint-GB-en_2022-03-31-commons	ParlaMint-GB_2022-03-31-commons.u373	Minutes of the House of Commons, Daily Session 2022-03-31	2022-03-31	Lower house	58	-	2022-03-31	2022-03-31	-	COVID,War	English	Regular	MP	notMinister	LAB;I	Labour;Independent	Opposition	Centre-left	JeremyCorbyn	Corbyn, Jeremy Bernard	M	-	
ParlaMint-GB-en_2022-03-31-commons	ParlaMint-GB_2022-03-31-commons.u374	Minutes of the House of Commons, Daily Session 2022-03-31	2022-03-31	Lower house	58	-	2022-03-31	2022-03-31	-	COVID,War	English	Regular	MP	notMinister	SNP	Scottish National Party	-	Centre-left	MarionFellows	Fellows, Marion	F	-	
ParlaMint-GB-en_2022-03-31-commons	ParlaMint-GB_2022-03-31-commons.u375	Minutes of the House of Commons, Daily Session 2022-03-31	2022-03-31	Lower house	58	-	2022-03-31	2022-03-31	-	COVID,War	English	Regular	MP	notMinister	LAB	Labour	Opposition	Centre-left	ThangamDebbonaire	Debbonaire, Thangam Elizabeth Rachel	F	-	
ParlaMint-GB-en_2022-03-31-commons	ParlaMint-GB_2022-03-31-commons.u376	Minutes of the House of Commons, Daily Session 2022-03-31	2022-03-31	Lower house	58	-	2022-03-31	2022-03-31	-	COVID,War	English	Regular	MP	notMinister	LAB	Labour	Opposition	Centre-left	FleurAnderson	Anderson, Fleur	F	-	
ParlaMint-GB-en_2022-03-31-commons	ParlaMint-GB_2022-03-31-commons.u377	Minutes of the House of Commons, Daily Session 2022-03-31	2022-03-31	Lower house	58	-	2022-03-31	2022-03-31	-	COVID,War	English	Regular	MP	notMinister	LAB	Labour	Opposition	Centre-left	ThangamDebbonaire	Debbonaire, Thangam Elizabeth Rachel	F	-	
ParlaMint-GB-en_2022-03-31-commons	ParlaMint-GB_2022-03-31-commons.u378	Minutes of the House of Commons, Daily Session 2022-03-31	2022-03-31	Lower house	58	-	2022-03-31	2022-03-31	-	COVID,War	English	Regular	MP	notMinister	CON	Conservative	-	Centre-right	MarkSpencer	Spencer, Mark Steven	M	-	
ParlaMint-GB-en_2022-03-31-commons	ParlaMint-GB_2022-03-31-commons.u379	Minutes of the House of Commons, Daily Session 2022-03-31	2022-03-31	Lower house	58	-	2022-03-31	2022-03-31	-	COVID,War	English	Regular	notMP	notMinister	LD	Liberal Democrat	-	Centre to centre-left	HelenMorgan	Morgan, Helen Margaret Lilian	F	-	
ParlaMint-GB-en_2022-03-31-commons	ParlaMint-GB_2022-03-31-commons.u380	Minutes of the House of Commons, Daily Session 2022-03-31	2022-03-31	Lower house	58	-	2022-03-31	2022-03-31	-	COVID,War	English	Regular	MP	notMinister	CON	Conservative	-	Centre-right	LucyAllan	Allan, Lucy	F	-	
ParlaMint-GB-en_2022-03-31-commons	ParlaMint-GB_2022-03-31-commons.u381	Minutes of the House of Commons, Daily Session 2022-03-31	2022-03-31	Lower house	58	-	2022-03-31	2022-03-31	-	COVID,War	English	Regular	notMP	notMinister	LD	Liberal Democrat	-	Centre to centre-left	HelenMorgan	Morgan, Helen Margaret Lilian	F	-	
ParlaMint-GB-en_2022-03-31-commons	ParlaMint-GB_2022-03-31-commons.u382	Minutes of the House of Commons, Daily Session 2022-03-31	2022-03-31	Lower house	58	-	2022-03-31	2022-03-31	-	COVID,War	English	Regular	MP	notMinister	CON	Conservative	-	Centre-right	EdwardArgar	Argar, Edward John Comport	M	-	
ParlaMint-GB-en_2022-03-31-commons	ParlaMint-GB_2022-03-31-commons.u383	Minutes of the House of Commons, Daily Session 2022-03-31	2022-03-31	Lower house	58	-	2022-03-31	2022-03-31	-	COVID,War	English	Regular	notMP	notMinister	LD	Liberal Democrat	-	Centre to centre-left	HelenMorgan	Morgan, Helen Margaret Lilian	F	-	
ParlaMint-GB-en_2022-03-31-commons	ParlaMint-GB_2022-03-31-commons.u384	Minutes of the House of Commons, Daily Session 2022-03-31	2022-03-31	Lower house	58	-	2022-03-31	2022-03-31	-	COVID,War	English	Regular	MP	notMinister	CON	Conservative	-	Centre-right	EdwardArgar	Argar, Edward John Comport	M	-	
ParlaMint-GB-en_2022-03-31-commons	ParlaMint-GB_2022-03-31-commons.u385	Minutes of the House of Commons, Daily Session 2022-03-31	2022-03-31	Lower house	58	-	2022-03-31	2022-03-31	-	COVID,War	English	Regular	MP	notMinister	CON	Conservative	-	Centre-right	NigelEvans	Evans, Nigel Martin	M	-	
