Session,Date,Male,Female
ParlaMint-IS-en_2015-01-20-53-meta.tsv,2015-01-20,16,7
ParlaMint-IS-en_2015-01-21-54-meta.tsv,2015-01-21,14,10
ParlaMint-IS-en_2015-01-22-55-meta.tsv,2015-01-22,20,17
ParlaMint-IS-en_2015-01-26-56-meta.tsv,2015-01-26,15,9
ParlaMint-IS-en_2015-01-27-57-meta.tsv,2015-01-27,16,15
ParlaMint-IS-en_2015-01-28-58-meta.tsv,2015-01-28,12,16
ParlaMint-IS-en_2015-01-29-59-meta.tsv,2015-01-29,11,16
ParlaMint-IS-en_2015-02-02-60-meta.tsv,2015-02-02,17,13
ParlaMint-IS-en_2015-02-02-61-meta.tsv,2015-02-02,6,3
ParlaMint-IS-en_2015-02-03-62-meta.tsv,2015-02-03,14,17
ParlaMint-IS-en_2015-02-04-63-meta.tsv,2015-02-04,14,12
ParlaMint-IS-en_2015-02-05-64-meta.tsv,2015-02-05,14,13
ParlaMint-IS-en_2015-02-16-65-meta.tsv,2015-02-16,6,5
ParlaMint-IS-en_2015-02-16-66-meta.tsv,2015-02-16,2,1
ParlaMint-IS-en_2015-02-17-67-meta.tsv,2015-02-17,13,14
ParlaMint-IS-en_2015-02-18-68-meta.tsv,2015-02-18,15,12
ParlaMint-IS-en_2015-02-24-69-meta.tsv,2015-02-24,15,12
ParlaMint-IS-en_2015-02-25-70-meta.tsv,2015-02-25,14,9
ParlaMint-IS-en_2015-02-26-71-meta.tsv,2015-02-26,19,19
ParlaMint-IS-en_2015-02-27-72-meta.tsv,2015-02-27,9,12
ParlaMint-IS-en_2015-02-27-73-meta.tsv,2015-02-27,2,1
ParlaMint-IS-en_2015-02-27-74-meta.tsv,2015-02-27,7,4
ParlaMint-IS-en_2015-03-02-75-meta.tsv,2015-03-02,17,11
ParlaMint-IS-en_2015-03-03-76-meta.tsv,2015-03-03,20,12
ParlaMint-IS-en_2015-03-04-77-meta.tsv,2015-03-04,14,10
ParlaMint-IS-en_2015-03-05-78-meta.tsv,2015-03-05,18,6
ParlaMint-IS-en_2015-03-16-79-meta.tsv,2015-03-16,17,11
ParlaMint-IS-en_2015-03-17-80-meta.tsv,2015-03-17,20,17
ParlaMint-IS-en_2015-03-18-81-meta.tsv,2015-03-18,13,9
ParlaMint-IS-en_2015-03-19-82-meta.tsv,2015-03-19,15,13
ParlaMint-IS-en_2015-03-23-83-meta.tsv,2015-03-23,14,10
ParlaMint-IS-en_2015-03-24-84-meta.tsv,2015-03-24,17,16
ParlaMint-IS-en_2015-03-25-85-meta.tsv,2015-03-25,11,8
ParlaMint-IS-en_2015-03-26-86-meta.tsv,2015-03-26,8,5
ParlaMint-IS-en_2015-04-13-87-meta.tsv,2015-04-13,13,18
ParlaMint-IS-en_2015-04-14-88-meta.tsv,2015-04-14,16,18
ParlaMint-IS-en_2015-04-15-89-meta.tsv,2015-04-15,12,13
ParlaMint-IS-en_2015-04-16-90-meta.tsv,2015-04-16,18,14
ParlaMint-IS-en_2015-04-20-91-meta.tsv,2015-04-20,13,9
ParlaMint-IS-en_2015-04-20-92-meta.tsv,2015-04-20,2,2
ParlaMint-IS-en_2015-04-21-93-meta.tsv,2015-04-21,17,19
ParlaMint-IS-en_2015-04-22-94-meta.tsv,2015-04-22,19,14
ParlaMint-IS-en_2015-04-27-95-meta.tsv,2015-04-27,11,9
ParlaMint-IS-en_2015-04-27-96-meta.tsv,2015-04-27,4,7
ParlaMint-IS-en_2015-04-28-97-meta.tsv,2015-04-28,11,12
ParlaMint-IS-en_2015-04-29-98-meta.tsv,2015-04-29,13,13
ParlaMint-IS-en_2015-04-30-99-meta.tsv,2015-04-30,18,15
ParlaMint-IS-en_2015-05-04-100-meta.tsv,2015-05-04,12,11
ParlaMint-IS-en_2015-05-04-101-meta.tsv,2015-05-04,8,4
ParlaMint-IS-en_2015-05-05-102-meta.tsv,2015-05-05,20,14
ParlaMint-IS-en_2015-05-11-103-meta.tsv,2015-05-11,11,7
ParlaMint-IS-en_2015-05-11-104-meta.tsv,2015-05-11,15,12
ParlaMint-IS-en_2015-05-12-105-meta.tsv,2015-05-12,20,14
ParlaMint-IS-en_2015-05-13-106-meta.tsv,2015-05-13,19,12
ParlaMint-IS-en_2015-05-15-107-meta.tsv,2015-05-15,17,13
ParlaMint-IS-en_2015-05-19-108-meta.tsv,2015-05-19,18,18
ParlaMint-IS-en_2015-05-20-109-meta.tsv,2015-05-20,20,19
ParlaMint-IS-en_2015-05-21-110-meta.tsv,2015-05-21,24,17
ParlaMint-IS-en_2015-05-22-111-meta.tsv,2015-05-22,20,18
ParlaMint-IS-en_2015-05-26-112-meta.tsv,2015-05-26,17,16
ParlaMint-IS-en_2015-05-27-113-meta.tsv,2015-05-27,17,11
ParlaMint-IS-en_2015-05-28-114-meta.tsv,2015-05-28,17,11
ParlaMint-IS-en_2015-05-29-115-meta.tsv,2015-05-29,22,9
ParlaMint-IS-en_2015-06-01-116-meta.tsv,2015-06-01,22,13
ParlaMint-IS-en_2015-06-02-117-meta.tsv,2015-06-02,17,13
ParlaMint-IS-en_2015-06-03-118-meta.tsv,2015-06-03,16,16
ParlaMint-IS-en_2015-06-04-119-meta.tsv,2015-06-04,16,8
ParlaMint-IS-en_2015-06-05-120-meta.tsv,2015-06-05,16,15
ParlaMint-IS-en_2015-06-07-121-meta.tsv,2015-06-07,7,0
ParlaMint-IS-en_2015-06-08-124-meta.tsv,2015-06-08,15,10
ParlaMint-IS-en_2015-06-09-125-meta.tsv,2015-06-09,19,17
ParlaMint-IS-en_2015-06-10-126-meta.tsv,2015-06-10,19,14
ParlaMint-IS-en_2015-06-11-127-meta.tsv,2015-06-11,13,10
ParlaMint-IS-en_2015-06-12-128-meta.tsv,2015-06-12,20,12
ParlaMint-IS-en_2015-06-13-129-meta.tsv,2015-06-13,8,9
ParlaMint-IS-en_2015-06-13-130-meta.tsv,2015-06-13,5,4
ParlaMint-IS-en_2015-06-15-131-meta.tsv,2015-06-15,11,6
ParlaMint-IS-en_2015-06-16-132-meta.tsv,2015-06-16,1,6
ParlaMint-IS-en_2015-06-19-133-meta.tsv,2015-06-19,2,6
ParlaMint-IS-en_2015-06-22-134-meta.tsv,2015-06-22,16,11
ParlaMint-IS-en_2015-06-23-135-meta.tsv,2015-06-23,9,12
ParlaMint-IS-en_2015-06-24-136-meta.tsv,2015-06-24,14,10
ParlaMint-IS-en_2015-06-25-137-meta.tsv,2015-06-25,8,13
ParlaMint-IS-en_2015-06-29-138-meta.tsv,2015-06-29,18,11
ParlaMint-IS-en_2015-06-30-139-meta.tsv,2015-06-30,9,11
ParlaMint-IS-en_2015-06-30-140-meta.tsv,2015-06-30,18,16
ParlaMint-IS-en_2015-07-01-141-meta.tsv,2015-07-01,21,16
ParlaMint-IS-en_2015-07-01-142-meta.tsv,2015-07-01,2,0
ParlaMint-IS-en_2015-07-01-143-meta.tsv,2015-07-01,10,9
ParlaMint-IS-en_2015-07-02-144-meta.tsv,2015-07-02,18,9
ParlaMint-IS-en_2015-07-02-145-meta.tsv,2015-07-02,10,3
ParlaMint-IS-en_2015-07-03-146-meta.tsv,2015-07-03,15,2
ParlaMint-IS-en_2015-07-03-147-meta.tsv,2015-07-03,4,1
ParlaMint-IS-en_2015-09-08-1-meta.tsv,2015-09-08,1,0
ParlaMint-IS-en_2015-09-08-2-meta.tsv,2015-09-08,9,10
ParlaMint-IS-en_2015-09-08-meta.tsv,2015-09-08,2,0
ParlaMint-IS-en_2015-09-10-3-meta.tsv,2015-09-10,11,12
ParlaMint-IS-en_2015-09-11-4-meta.tsv,2015-09-11,17,20
ParlaMint-IS-en_2015-09-14-5-meta.tsv,2015-09-14,10,11
ParlaMint-IS-en_2015-09-15-6-meta.tsv,2015-09-15,15,16
ParlaMint-IS-en_2015-09-16-7-meta.tsv,2015-09-16,14,15
ParlaMint-IS-en_2015-09-17-8-meta.tsv,2015-09-17,12,18
ParlaMint-IS-en_2015-09-21-9-meta.tsv,2015-09-21,10,14
ParlaMint-IS-en_2015-09-22-10-meta.tsv,2015-09-22,17,14
ParlaMint-IS-en_2015-09-23-11-meta.tsv,2015-09-23,14,13
ParlaMint-IS-en_2015-09-24-12-meta.tsv,2015-09-24,14,11
ParlaMint-IS-en_2015-09-24-13-meta.tsv,2015-09-24,8,11
ParlaMint-IS-en_2015-10-05-14-meta.tsv,2015-10-05,6,12
ParlaMint-IS-en_2015-10-05-15-meta.tsv,2015-10-05,4,2
ParlaMint-IS-en_2015-10-06-16-meta.tsv,2015-10-06,14,15
ParlaMint-IS-en_2015-10-07-17-meta.tsv,2015-10-07,8,8
ParlaMint-IS-en_2015-10-08-18-meta.tsv,2015-10-08,13,20
ParlaMint-IS-en_2015-10-13-19-meta.tsv,2015-10-13,9,11
ParlaMint-IS-en_2015-10-14-20-meta.tsv,2015-10-14,11,9
ParlaMint-IS-en_2015-10-15-21-meta.tsv,2015-10-15,19,18
ParlaMint-IS-en_2015-10-19-22-meta.tsv,2015-10-19,17,13
ParlaMint-IS-en_2015-10-20-23-meta.tsv,2015-10-20,13,14
ParlaMint-IS-en_2015-10-21-24-meta.tsv,2015-10-21,18,12
ParlaMint-IS-en_2015-10-22-25-meta.tsv,2015-10-22,22,14
ParlaMint-IS-en_2015-11-02-26-meta.tsv,2015-11-02,11,9
ParlaMint-IS-en_2015-11-03-27-meta.tsv,2015-11-03,15,14
ParlaMint-IS-en_2015-11-04-28-meta.tsv,2015-11-04,14,11
ParlaMint-IS-en_2015-11-04-29-meta.tsv,2015-11-04,9,14
ParlaMint-IS-en_2015-11-10-30-meta.tsv,2015-11-10,17,15
ParlaMint-IS-en_2015-11-11-31-meta.tsv,2015-11-11,18,12
ParlaMint-IS-en_2015-11-12-32-meta.tsv,2015-11-12,14,17
ParlaMint-IS-en_2015-11-12-33-meta.tsv,2015-11-12,10,11
ParlaMint-IS-en_2015-11-16-34-meta.tsv,2015-11-16,13,17
ParlaMint-IS-en_2015-11-17-35-meta.tsv,2015-11-17,15,16
ParlaMint-IS-en_2015-11-18-36-meta.tsv,2015-11-18,10,10
ParlaMint-IS-en_2015-11-19-37-meta.tsv,2015-11-19,14,15
ParlaMint-IS-en_2015-11-23-38-meta.tsv,2015-11-23,5,11
ParlaMint-IS-en_2015-11-24-39-meta.tsv,2015-11-24,20,17
ParlaMint-IS-en_2015-11-25-40-meta.tsv,2015-11-25,18,17
ParlaMint-IS-en_2015-11-26-41-meta.tsv,2015-11-26,19,16
ParlaMint-IS-en_2015-11-27-42-meta.tsv,2015-11-27,11,18
ParlaMint-IS-en_2015-11-30-43-meta.tsv,2015-11-30,12,12
ParlaMint-IS-en_2015-11-30-44-meta.tsv,2015-11-30,6,4
ParlaMint-IS-en_2015-12-02-45-meta.tsv,2015-12-02,11,16
ParlaMint-IS-en_2015-12-03-46-meta.tsv,2015-12-03,11,13
ParlaMint-IS-en_2015-12-04-47-meta.tsv,2015-12-04,11,15
ParlaMint-IS-en_2015-12-07-48-meta.tsv,2015-12-07,8,3
ParlaMint-IS-en_2015-12-08-49-meta.tsv,2015-12-08,22,13
ParlaMint-IS-en_2015-12-09-50-meta.tsv,2015-12-09,21,16
ParlaMint-IS-en_2015-12-10-51-meta.tsv,2015-12-10,20,17
ParlaMint-IS-en_2015-12-11-52-meta.tsv,2015-12-11,20,13
ParlaMint-IS-en_2015-12-12-53-meta.tsv,2015-12-12,13,10
ParlaMint-IS-en_2015-12-14-54-meta.tsv,2015-12-14,19,18
ParlaMint-IS-en_2015-12-15-55-meta.tsv,2015-12-15,19,19
ParlaMint-IS-en_2015-12-16-56-meta.tsv,2015-12-16,26,23
ParlaMint-IS-en_2015-12-17-57-meta.tsv,2015-12-17,21,20
ParlaMint-IS-en_2015-12-18-58-meta.tsv,2015-12-18,24,16
ParlaMint-IS-en_2015-12-19-59-meta.tsv,2015-12-19,19,18
ParlaMint-IS-en_2015-12-19-60-meta.tsv,2015-12-19,5,6
ParlaMint-IS-en_2015-12-19-62-meta.tsv,2015-12-19,3,0
ParlaMint-IS-en_2016-01-19-63-meta.tsv,2016-01-19,8,6
ParlaMint-IS-en_2016-01-20-64-meta.tsv,2016-01-20,15,15
ParlaMint-IS-en_2016-01-21-65-meta.tsv,2016-01-21,12,11
ParlaMint-IS-en_2016-01-25-66-meta.tsv,2016-01-25,7,7
ParlaMint-IS-en_2016-01-26-67-meta.tsv,2016-01-26,10,18
ParlaMint-IS-en_2016-01-27-68-meta.tsv,2016-01-27,13,15
ParlaMint-IS-en_2016-01-28-69-meta.tsv,2016-01-28,10,8
ParlaMint-IS-en_2016-02-01-70-meta.tsv,2016-02-01,5,4
ParlaMint-IS-en_2016-02-01-71-meta.tsv,2016-02-01,4,8
ParlaMint-IS-en_2016-02-02-72-meta.tsv,2016-02-02,10,15
ParlaMint-IS-en_2016-02-03-73-meta.tsv,2016-02-03,12,10
ParlaMint-IS-en_2016-02-04-74-meta.tsv,2016-02-04,15,16
ParlaMint-IS-en_2016-02-15-75-meta.tsv,2016-02-15,12,7
ParlaMint-IS-en_2016-02-16-76-meta.tsv,2016-02-16,13,17
ParlaMint-IS-en_2016-02-17-77-meta.tsv,2016-02-17,17,12
ParlaMint-IS-en_2016-02-18-78-meta.tsv,2016-02-18,9,14
ParlaMint-IS-en_2016-02-23-79-meta.tsv,2016-02-23,11,13
ParlaMint-IS-en_2016-02-24-80-meta.tsv,2016-02-24,13,13
ParlaMint-IS-en_2016-02-29-81-meta.tsv,2016-02-29,9,10
ParlaMint-IS-en_2016-03-01-82-meta.tsv,2016-03-01,8,11
ParlaMint-IS-en_2016-03-01-83-meta.tsv,2016-03-01,7,16
ParlaMint-IS-en_2016-03-02-84-meta.tsv,2016-03-02,7,13
ParlaMint-IS-en_2016-03-09-85-meta.tsv,2016-03-09,15,9
ParlaMint-IS-en_2016-03-10-86-meta.tsv,2016-03-10,15,18
ParlaMint-IS-en_2016-03-14-87-meta.tsv,2016-03-14,14,14
ParlaMint-IS-en_2016-03-15-88-meta.tsv,2016-03-15,22,17
ParlaMint-IS-en_2016-03-16-89-meta.tsv,2016-03-16,19,14
ParlaMint-IS-en_2016-03-17-90-meta.tsv,2016-03-17,15,9
ParlaMint-IS-en_2016-03-18-91-meta.tsv,2016-03-18,15,12
ParlaMint-IS-en_2016-04-04-92-meta.tsv,2016-04-04,11,14
ParlaMint-IS-en_2016-04-07-93-meta.tsv,2016-04-07,11,10
ParlaMint-IS-en_2016-04-08-94-meta.tsv,2016-04-08,7,13
ParlaMint-IS-en_2016-04-08-95-meta.tsv,2016-04-08,24,22
ParlaMint-IS-en_2016-04-12-96-meta.tsv,2016-04-12,16,17
ParlaMint-IS-en_2016-04-13-97-meta.tsv,2016-04-13,17,14
ParlaMint-IS-en_2016-04-14-98-meta.tsv,2016-04-14,12,11
ParlaMint-IS-en_2016-04-18-100-meta.tsv,2016-04-18,1,2
ParlaMint-IS-en_2016-04-18-99-meta.tsv,2016-04-18,8,12
ParlaMint-IS-en_2016-04-19-101-meta.tsv,2016-04-19,16,14
ParlaMint-IS-en_2016-04-20-102-meta.tsv,2016-04-20,12,15
ParlaMint-IS-en_2016-04-28-103-meta.tsv,2016-04-28,12,15
ParlaMint-IS-en_2016-04-29-104-meta.tsv,2016-04-29,16,18
ParlaMint-IS-en_2016-05-02-105-meta.tsv,2016-05-02,8,9
ParlaMint-IS-en_2016-05-02-106-meta.tsv,2016-05-02,7,6
ParlaMint-IS-en_2016-05-03-107-meta.tsv,2016-05-03,16,18
ParlaMint-IS-en_2016-05-04-108-meta.tsv,2016-05-04,13,11
ParlaMint-IS-en_2016-05-10-109-meta.tsv,2016-05-10,11,19
ParlaMint-IS-en_2016-05-12-110-meta.tsv,2016-05-12,10,12
ParlaMint-IS-en_2016-05-17-111-meta.tsv,2016-05-17,14,17
ParlaMint-IS-en_2016-05-18-112-meta.tsv,2016-05-18,12,14
ParlaMint-IS-en_2016-05-20-113-meta.tsv,2016-05-20,3,3
ParlaMint-IS-en_2016-05-22-114-meta.tsv,2016-05-22,10,3
ParlaMint-IS-en_2016-05-22-115-meta.tsv,2016-05-22,1,0
ParlaMint-IS-en_2016-05-23-116-meta.tsv,2016-05-23,8,14
ParlaMint-IS-en_2016-05-24-117-meta.tsv,2016-05-24,13,14
ParlaMint-IS-en_2016-05-25-118-meta.tsv,2016-05-25,8,16
ParlaMint-IS-en_2016-05-26-119-meta.tsv,2016-05-26,18,19
ParlaMint-IS-en_2016-05-30-120-meta.tsv,2016-05-30,4,5
ParlaMint-IS-en_2016-05-30-121-meta.tsv,2016-05-30,9,10
ParlaMint-IS-en_2016-05-31-122-meta.tsv,2016-05-31,19,18
ParlaMint-IS-en_2016-06-01-123-meta.tsv,2016-06-01,20,24
ParlaMint-IS-en_2016-06-02-124-meta.tsv,2016-06-02,23,25
ParlaMint-IS-en_2016-06-02-125-meta.tsv,2016-06-02,10,15
ParlaMint-IS-en_2016-06-02-126-meta.tsv,2016-06-02,10,8
ParlaMint-IS-en_2016-06-02-127-meta.tsv,2016-06-02,5,2
ParlaMint-IS-en_2016-06-02-128-meta.tsv,2016-06-02,2,1
ParlaMint-IS-en_2016-06-08-129-meta.tsv,2016-06-08,3,3
ParlaMint-IS-en_2016-06-08-130-meta.tsv,2016-06-08,2,3
ParlaMint-IS-en_2016-06-08-131-meta.tsv,2016-06-08,1,3
ParlaMint-IS-en_2016-08-15-132-meta.tsv,2016-08-15,9,14
ParlaMint-IS-en_2016-08-16-133-meta.tsv,2016-08-16,13,17
ParlaMint-IS-en_2016-08-17-134-meta.tsv,2016-08-17,9,13
ParlaMint-IS-en_2016-08-18-135-meta.tsv,2016-08-18,15,14
ParlaMint-IS-en_2016-08-19-136-meta.tsv,2016-08-19,10,13
ParlaMint-IS-en_2016-08-22-137-meta.tsv,2016-08-22,9,4
ParlaMint-IS-en_2016-08-23-138-meta.tsv,2016-08-23,10,17
ParlaMint-IS-en_2016-08-24-139-meta.tsv,2016-08-24,8,8
ParlaMint-IS-en_2016-08-25-140-meta.tsv,2016-08-25,11,10
ParlaMint-IS-en_2016-08-29-141-meta.tsv,2016-08-29,7,9
ParlaMint-IS-en_2016-08-30-142-meta.tsv,2016-08-30,16,11
ParlaMint-IS-en_2016-08-31-143-meta.tsv,2016-08-31,16,14
ParlaMint-IS-en_2016-09-01-144-meta.tsv,2016-09-01,22,16
ParlaMint-IS-en_2016-09-05-145-meta.tsv,2016-09-05,8,12
ParlaMint-IS-en_2016-09-05-146-meta.tsv,2016-09-05,4,7
ParlaMint-IS-en_2016-09-06-147-meta.tsv,2016-09-06,12,14
ParlaMint-IS-en_2016-09-07-148-meta.tsv,2016-09-07,6,18
ParlaMint-IS-en_2016-09-08-149-meta.tsv,2016-09-08,12,18
ParlaMint-IS-en_2016-09-12-150-meta.tsv,2016-09-12,10,8
ParlaMint-IS-en_2016-09-13-151-meta.tsv,2016-09-13,19,15
ParlaMint-IS-en_2016-09-14-152-meta.tsv,2016-09-14,9,9
ParlaMint-IS-en_2016-09-19-153-meta.tsv,2016-09-19,14,16
ParlaMint-IS-en_2016-09-20-154-meta.tsv,2016-09-20,18,18
ParlaMint-IS-en_2016-09-22-155-meta.tsv,2016-09-22,14,16
ParlaMint-IS-en_2016-09-23-156-meta.tsv,2016-09-23,18,15
ParlaMint-IS-en_2016-09-26-157-meta.tsv,2016-09-26,8,11
ParlaMint-IS-en_2016-09-27-158-meta.tsv,2016-09-27,5,14
ParlaMint-IS-en_2016-09-28-159-meta.tsv,2016-09-28,15,15
ParlaMint-IS-en_2016-09-29-160-meta.tsv,2016-09-29,14,19
ParlaMint-IS-en_2016-10-03-161-meta.tsv,2016-10-03,12,17
ParlaMint-IS-en_2016-10-03-162-meta.tsv,2016-10-03,1,0
ParlaMint-IS-en_2016-10-04-163-meta.tsv,2016-10-04,7,9
ParlaMint-IS-en_2016-10-05-164-meta.tsv,2016-10-05,17,16
ParlaMint-IS-en_2016-10-06-165-meta.tsv,2016-10-06,13,13
ParlaMint-IS-en_2016-10-07-166-meta.tsv,2016-10-07,13,15
ParlaMint-IS-en_2016-10-10-167-meta.tsv,2016-10-10,9,10
ParlaMint-IS-en_2016-10-11-168-meta.tsv,2016-10-11,18,19
ParlaMint-IS-en_2016-10-12-169-meta.tsv,2016-10-12,22,17
ParlaMint-IS-en_2016-10-12-170-meta.tsv,2016-10-12,1,1
ParlaMint-IS-en_2016-10-13-171-meta.tsv,2016-10-13,15,14
ParlaMint-IS-en_2016-10-13-172-meta.tsv,2016-10-13,6,3
ParlaMint-IS-en_2016-12-06-1-meta.tsv,2016-12-06,3,0
ParlaMint-IS-en_2016-12-06-meta.tsv,2016-12-06,2,0
ParlaMint-IS-en_2016-12-07-2-meta.tsv,2016-12-07,11,12
ParlaMint-IS-en_2016-12-08-3-meta.tsv,2016-12-08,9,9
ParlaMint-IS-en_2016-12-13-4-meta.tsv,2016-12-13,11,11
ParlaMint-IS-en_2016-12-15-5-meta.tsv,2016-12-15,10,11
ParlaMint-IS-en_2016-12-19-6-meta.tsv,2016-12-19,1,0
ParlaMint-IS-en_2016-12-20-7-meta.tsv,2016-12-20,6,4
ParlaMint-IS-en_2016-12-20-8-meta.tsv,2016-12-20,7,6
ParlaMint-IS-en_2016-12-21-10-meta.tsv,2016-12-21,7,5
ParlaMint-IS-en_2016-12-21-9-meta.tsv,2016-12-21,9,4
ParlaMint-IS-en_2016-12-22-11-meta.tsv,2016-12-22,12,9
ParlaMint-IS-en_2016-12-22-12-meta.tsv,2016-12-22,11,14
ParlaMint-IS-en_2016-12-22-13-meta.tsv,2016-12-22,11,13
ParlaMint-IS-en_2016-12-22-14-meta.tsv,2016-12-22,3,1
ParlaMint-IS-en_2017-01-24-15-meta.tsv,2017-01-24,2,0
ParlaMint-IS-en_2017-01-24-16-meta.tsv,2017-01-24,5,2
ParlaMint-IS-en_2017-01-24-17-meta.tsv,2017-01-24,10,12
ParlaMint-IS-en_2017-01-25-18-meta.tsv,2017-01-25,15,14
ParlaMint-IS-en_2017-01-26-19-meta.tsv,2017-01-26,18,14
ParlaMint-IS-en_2017-01-31-20-meta.tsv,2017-01-31,12,18
ParlaMint-IS-en_2017-01-31-21-meta.tsv,2017-01-31,0,1
ParlaMint-IS-en_2017-01-31-22-meta.tsv,2017-01-31,11,12
ParlaMint-IS-en_2017-02-01-23-meta.tsv,2017-02-01,12,18
ParlaMint-IS-en_2017-02-02-24-meta.tsv,2017-02-02,16,13
ParlaMint-IS-en_2017-02-06-25-meta.tsv,2017-02-06,8,11
ParlaMint-IS-en_2017-02-07-26-meta.tsv,2017-02-07,15,20
ParlaMint-IS-en_2017-02-09-28-meta.tsv,2017-02-09,16,12
ParlaMint-IS-en_2017-02-21-29-meta.tsv,2017-02-21,18,10
ParlaMint-IS-en_2017-02-22-30-meta.tsv,2017-02-22,18,18
ParlaMint-IS-en_2017-02-23-31-meta.tsv,2017-02-23,21,21
ParlaMint-IS-en_2017-02-24-32-meta.tsv,2017-02-24,19,13
ParlaMint-IS-en_2017-02-27-33-meta.tsv,2017-02-27,19,20
ParlaMint-IS-en_2017-02-27-34-meta.tsv,2017-02-27,8,9
ParlaMint-IS-en_2017-02-27-35-meta.tsv,2017-02-27,5,2
ParlaMint-IS-en_2017-02-28-36-meta.tsv,2017-02-28,17,18
ParlaMint-IS-en_2017-03-01-37-meta.tsv,2017-03-01,18,15
ParlaMint-IS-en_2017-03-02-38-meta.tsv,2017-03-02,21,19
ParlaMint-IS-en_2017-03-06-39-meta.tsv,2017-03-06,15,18
ParlaMint-IS-en_2017-03-07-40-meta.tsv,2017-03-07,18,22
ParlaMint-IS-en_2017-03-08-41-meta.tsv,2017-03-08,15,21
ParlaMint-IS-en_2017-03-09-42-meta.tsv,2017-03-09,18,18
ParlaMint-IS-en_2017-03-13-43-meta.tsv,2017-03-13,9,10
ParlaMint-IS-en_2017-03-20-44-meta.tsv,2017-03-20,14,12
ParlaMint-IS-en_2017-03-21-45-meta.tsv,2017-03-21,9,13
ParlaMint-IS-en_2017-03-22-46-meta.tsv,2017-03-22,19,10
ParlaMint-IS-en_2017-03-23-47-meta.tsv,2017-03-23,16,10
ParlaMint-IS-en_2017-03-27-48-meta.tsv,2017-03-27,15,20
ParlaMint-IS-en_2017-03-28-49-meta.tsv,2017-03-28,17,20
ParlaMint-IS-en_2017-03-29-50-meta.tsv,2017-03-29,12,14
ParlaMint-IS-en_2017-03-30-51-meta.tsv,2017-03-30,17,15
ParlaMint-IS-en_2017-04-03-52-meta.tsv,2017-04-03,11,15
ParlaMint-IS-en_2017-04-03-53-meta.tsv,2017-04-03,10,7
ParlaMint-IS-en_2017-04-04-54-meta.tsv,2017-04-04,17,18
ParlaMint-IS-en_2017-04-05-55-meta.tsv,2017-04-05,15,15
ParlaMint-IS-en_2017-04-06-56-meta.tsv,2017-04-06,15,12
ParlaMint-IS-en_2017-04-06-57-meta.tsv,2017-04-06,27,24
ParlaMint-IS-en_2017-04-24-58-meta.tsv,2017-04-24,20,19
ParlaMint-IS-en_2017-04-25-59-meta.tsv,2017-04-25,21,14
ParlaMint-IS-en_2017-04-26-60-meta.tsv,2017-04-26,14,11
ParlaMint-IS-en_2017-05-02-61-meta.tsv,2017-05-02,22,19
ParlaMint-IS-en_2017-05-03-62-meta.tsv,2017-05-03,16,18
ParlaMint-IS-en_2017-05-04-63-meta.tsv,2017-05-04,20,21
ParlaMint-IS-en_2017-05-09-64-meta.tsv,2017-05-09,22,19
ParlaMint-IS-en_2017-05-15-65-meta.tsv,2017-05-15,15,18
ParlaMint-IS-en_2017-05-16-66-meta.tsv,2017-05-16,20,19
ParlaMint-IS-en_2017-05-22-67-meta.tsv,2017-05-22,12,9
ParlaMint-IS-en_2017-05-22-68-meta.tsv,2017-05-22,14,19
ParlaMint-IS-en_2017-05-23-69-meta.tsv,2017-05-23,20,18
ParlaMint-IS-en_2017-05-24-70-meta.tsv,2017-05-24,7,8
ParlaMint-IS-en_2017-05-24-71-meta.tsv,2017-05-24,14,19
ParlaMint-IS-en_2017-05-26-72-meta.tsv,2017-05-26,22,14
ParlaMint-IS-en_2017-05-29-73-meta.tsv,2017-05-29,11,12
ParlaMint-IS-en_2017-05-29-74-meta.tsv,2017-05-29,9,12
ParlaMint-IS-en_2017-05-30-75-meta.tsv,2017-05-30,28,18
ParlaMint-IS-en_2017-05-31-76-meta.tsv,2017-05-31,18,15
ParlaMint-IS-en_2017-05-31-77-meta.tsv,2017-05-31,18,16
ParlaMint-IS-en_2017-06-01-78-meta.tsv,2017-06-01,18,15
ParlaMint-IS-en_2017-06-01-79-meta.tsv,2017-06-01,20,17
ParlaMint-IS-en_2017-09-12-1-meta.tsv,2017-09-12,0,1
ParlaMint-IS-en_2017-09-12-meta.tsv,2017-09-12,1,1
ParlaMint-IS-en_2017-09-13-2-meta.tsv,2017-09-13,10,12
ParlaMint-IS-en_2017-09-14-3-meta.tsv,2017-09-14,12,10
ParlaMint-IS-en_2017-09-18-5-meta.tsv,2017-09-18,1,0
ParlaMint-IS-en_2017-09-26-6-meta.tsv,2017-09-26,17,15
ParlaMint-IS-en_2017-09-26-7-meta.tsv,2017-09-26,6,8
ParlaMint-IS-en_2017-09-27-8-meta.tsv,2017-09-27,4,7
ParlaMint-IS-en_2017-12-14-1-meta.tsv,2017-12-14,2,0
ParlaMint-IS-en_2017-12-14-2-meta.tsv,2017-12-14,15,10
ParlaMint-IS-en_2017-12-14-meta.tsv,2017-12-14,2,0
ParlaMint-IS-en_2017-12-15-3-meta.tsv,2017-12-15,25,13
ParlaMint-IS-en_2017-12-16-4-meta.tsv,2017-12-16,16,10
ParlaMint-IS-en_2017-12-19-5-meta.tsv,2017-12-19,24,18
ParlaMint-IS-en_2017-12-21-6-meta.tsv,2017-12-21,25,15
ParlaMint-IS-en_2017-12-21-7-meta.tsv,2017-12-21,12,4
ParlaMint-IS-en_2017-12-22-8-meta.tsv,2017-12-22,26,10
ParlaMint-IS-en_2017-12-22-9-meta.tsv,2017-12-22,22,10
ParlaMint-IS-en_2017-12-28-10-meta.tsv,2017-12-28,21,8
ParlaMint-IS-en_2017-12-28-11-meta.tsv,2017-12-28,11,4
ParlaMint-IS-en_2017-12-29-12-meta.tsv,2017-12-29,29,11
ParlaMint-IS-en_2017-12-30-13-meta.tsv,2017-12-30,1,4
ParlaMint-IS-en_2018-01-22-14-meta.tsv,2018-01-22,18,8
ParlaMint-IS-en_2018-01-23-15-meta.tsv,2018-01-23,16,7
ParlaMint-IS-en_2018-01-24-16-meta.tsv,2018-01-24,22,10
ParlaMint-IS-en_2018-01-25-17-meta.tsv,2018-01-25,19,17
ParlaMint-IS-en_2018-01-30-18-meta.tsv,2018-01-30,22,11
ParlaMint-IS-en_2018-01-31-19-meta.tsv,2018-01-31,17,9
ParlaMint-IS-en_2018-02-01-20-meta.tsv,2018-02-01,22,11
ParlaMint-IS-en_2018-02-05-21-meta.tsv,2018-02-05,18,10
ParlaMint-IS-en_2018-02-06-22-meta.tsv,2018-02-06,12,11
ParlaMint-IS-en_2018-02-07-23-meta.tsv,2018-02-07,16,10
ParlaMint-IS-en_2018-02-08-24-meta.tsv,2018-02-08,27,11
ParlaMint-IS-en_2018-02-19-25-meta.tsv,2018-02-19,17,11
ParlaMint-IS-en_2018-02-20-26-meta.tsv,2018-02-20,20,8
ParlaMint-IS-en_2018-02-21-27-meta.tsv,2018-02-21,19,13
ParlaMint-IS-en_2018-02-22-28-meta.tsv,2018-02-22,20,7
ParlaMint-IS-en_2018-02-26-29-meta.tsv,2018-02-26,19,12
ParlaMint-IS-en_2018-02-27-30-meta.tsv,2018-02-27,21,7
ParlaMint-IS-en_2018-02-28-31-meta.tsv,2018-02-28,20,10
ParlaMint-IS-en_2018-03-01-32-meta.tsv,2018-03-01,24,12
ParlaMint-IS-en_2018-03-05-33-meta.tsv,2018-03-05,19,13
ParlaMint-IS-en_2018-03-06-34-meta.tsv,2018-03-06,10,5
ParlaMint-IS-en_2018-03-06-35-meta.tsv,2018-03-06,25,17
ParlaMint-IS-en_2018-03-07-36-meta.tsv,2018-03-07,20,11
ParlaMint-IS-en_2018-03-08-37-meta.tsv,2018-03-08,12,1
ParlaMint-IS-en_2018-03-08-38-meta.tsv,2018-03-08,18,3
ParlaMint-IS-en_2018-03-12-39-meta.tsv,2018-03-12,1,0
ParlaMint-IS-en_2018-03-19-40-meta.tsv,2018-03-19,21,12
ParlaMint-IS-en_2018-03-20-41-meta.tsv,2018-03-20,29,11
ParlaMint-IS-en_2018-03-21-42-meta.tsv,2018-03-21,15,7
ParlaMint-IS-en_2018-03-22-43-meta.tsv,2018-03-22,32,20
ParlaMint-IS-en_2018-03-23-44-meta.tsv,2018-03-23,25,7
ParlaMint-IS-en_2018-04-09-45-meta.tsv,2018-04-09,19,14
ParlaMint-IS-en_2018-04-10-46-meta.tsv,2018-04-10,21,18
ParlaMint-IS-en_2018-04-11-47-meta.tsv,2018-04-11,19,8
ParlaMint-IS-en_2018-04-12-48-meta.tsv,2018-04-12,31,20
ParlaMint-IS-en_2018-04-13-49-meta.tsv,2018-04-13,21,9
ParlaMint-IS-en_2018-04-16-50-meta.tsv,2018-04-16,10,9
ParlaMint-IS-en_2018-04-16-51-meta.tsv,2018-04-16,19,10
ParlaMint-IS-en_2018-04-18-52-meta.tsv,2018-04-18,2,2
ParlaMint-IS-en_2018-04-23-53-meta.tsv,2018-04-23,11,7
ParlaMint-IS-en_2018-04-24-54-meta.tsv,2018-04-24,23,11
ParlaMint-IS-en_2018-04-25-55-meta.tsv,2018-04-25,25,13
ParlaMint-IS-en_2018-04-26-56-meta.tsv,2018-04-26,6,2
ParlaMint-IS-en_2018-04-26-57-meta.tsv,2018-04-26,18,12
ParlaMint-IS-en_2018-05-02-58-meta.tsv,2018-05-02,27,8
ParlaMint-IS-en_2018-05-03-59-meta.tsv,2018-05-03,28,14
ParlaMint-IS-en_2018-05-08-60-meta.tsv,2018-05-08,23,14
ParlaMint-IS-en_2018-05-09-61-meta.tsv,2018-05-09,28,15
ParlaMint-IS-en_2018-05-28-62-meta.tsv,2018-05-28,12,10
ParlaMint-IS-en_2018-05-29-63-meta.tsv,2018-05-29,23,13
ParlaMint-IS-en_2018-05-29-64-meta.tsv,2018-05-29,7,3
ParlaMint-IS-en_2018-05-31-65-meta.tsv,2018-05-31,30,16
ParlaMint-IS-en_2018-06-04-66-meta.tsv,2018-06-04,1,0
ParlaMint-IS-en_2018-06-04-67-meta.tsv,2018-06-04,13,12
ParlaMint-IS-en_2018-06-05-68-meta.tsv,2018-06-05,14,13
ParlaMint-IS-en_2018-06-06-69-meta.tsv,2018-06-06,18,12
ParlaMint-IS-en_2018-06-07-70-meta.tsv,2018-06-07,19,7
ParlaMint-IS-en_2018-06-08-71-meta.tsv,2018-06-08,16,6
ParlaMint-IS-en_2018-06-08-72-meta.tsv,2018-06-08,11,7
ParlaMint-IS-en_2018-06-08-73-meta.tsv,2018-06-08,14,2
ParlaMint-IS-en_2018-06-08-74-meta.tsv,2018-06-08,5,0
ParlaMint-IS-en_2018-06-11-75-meta.tsv,2018-06-11,31,19
ParlaMint-IS-en_2018-06-11-76-meta.tsv,2018-06-11,12,6
ParlaMint-IS-en_2018-06-12-77-meta.tsv,2018-06-12,26,17
ParlaMint-IS-en_2018-06-12-78-meta.tsv,2018-06-12,18,9
ParlaMint-IS-en_2018-06-12-79-meta.tsv,2018-06-12,11,6
ParlaMint-IS-en_2018-07-17-80-meta.tsv,2018-07-17,6,3
ParlaMint-IS-en_2018-07-17-81-meta.tsv,2018-07-17,2,2
ParlaMint-IS-en_2018-07-18-82-meta.tsv,2018-07-18,6,4
ParlaMint-IS-en_2018-09-11-1-meta.tsv,2018-09-11,1,0
ParlaMint-IS-en_2018-09-11-meta.tsv,2018-09-11,2,0
ParlaMint-IS-en_2018-09-12-2-meta.tsv,2018-09-12,15,9
ParlaMint-IS-en_2018-09-13-3-meta.tsv,2018-09-13,16,2
ParlaMint-IS-en_2018-09-14-4-meta.tsv,2018-09-14,30,19
ParlaMint-IS-en_2018-09-17-5-meta.tsv,2018-09-17,19,14
ParlaMint-IS-en_2018-09-18-6-meta.tsv,2018-09-18,17,5
ParlaMint-IS-en_2018-09-19-7-meta.tsv,2018-09-19,18,10
ParlaMint-IS-en_2018-09-20-8-meta.tsv,2018-09-20,24,11
ParlaMint-IS-en_2018-09-24-9-meta.tsv,2018-09-24,19,11
ParlaMint-IS-en_2018-09-25-10-meta.tsv,2018-09-25,16,12
ParlaMint-IS-en_2018-09-26-11-meta.tsv,2018-09-26,20,9
ParlaMint-IS-en_2018-09-27-12-meta.tsv,2018-09-27,26,11
ParlaMint-IS-en_2018-10-09-13-meta.tsv,2018-10-09,9,3
ParlaMint-IS-en_2018-10-09-14-meta.tsv,2018-10-09,16,8
ParlaMint-IS-en_2018-10-09-15-meta.tsv,2018-10-09,4,4
ParlaMint-IS-en_2018-10-09-16-meta.tsv,2018-10-09,9,5
ParlaMint-IS-en_2018-10-10-17-meta.tsv,2018-10-10,24,7
ParlaMint-IS-en_2018-10-11-18-meta.tsv,2018-10-11,26,11
ParlaMint-IS-en_2018-10-15-19-meta.tsv,2018-10-15,18,11
ParlaMint-IS-en_2018-10-16-20-meta.tsv,2018-10-16,24,19
ParlaMint-IS-en_2018-10-17-21-meta.tsv,2018-10-17,17,13
ParlaMint-IS-en_2018-10-18-22-meta.tsv,2018-10-18,19,10
ParlaMint-IS-en_2018-10-23-23-meta.tsv,2018-10-23,28,11
ParlaMint-IS-en_2018-10-24-24-meta.tsv,2018-10-24,13,14
ParlaMint-IS-en_2018-10-25-25-meta.tsv,2018-10-25,28,20
ParlaMint-IS-en_2018-11-05-26-meta.tsv,2018-11-05,20,9
ParlaMint-IS-en_2018-11-06-27-meta.tsv,2018-11-06,23,10
ParlaMint-IS-en_2018-11-07-28-meta.tsv,2018-11-07,20,15
ParlaMint-IS-en_2018-11-08-29-meta.tsv,2018-11-08,22,12
ParlaMint-IS-en_2018-11-12-30-meta.tsv,2018-11-12,16,12
ParlaMint-IS-en_2018-11-14-31-meta.tsv,2018-11-14,15,8
ParlaMint-IS-en_2018-11-15-32-meta.tsv,2018-11-15,20,6
ParlaMint-IS-en_2018-11-19-33-meta.tsv,2018-11-19,17,7
ParlaMint-IS-en_2018-11-20-34-meta.tsv,2018-11-20,21,6
ParlaMint-IS-en_2018-11-21-35-meta.tsv,2018-11-21,28,20
ParlaMint-IS-en_2018-11-22-36-meta.tsv,2018-11-22,23,13
ParlaMint-IS-en_2018-11-23-37-meta.tsv,2018-11-23,15,6
ParlaMint-IS-en_2018-11-26-38-meta.tsv,2018-11-26,23,14
ParlaMint-IS-en_2018-11-27-39-meta.tsv,2018-11-27,26,12
ParlaMint-IS-en_2018-12-03-40-meta.tsv,2018-12-03,13,11
ParlaMint-IS-en_2018-12-04-41-meta.tsv,2018-12-04,19,18
ParlaMint-IS-en_2018-12-05-42-meta.tsv,2018-12-05,21,12
ParlaMint-IS-en_2018-12-07-43-meta.tsv,2018-12-07,16,10
ParlaMint-IS-en_2018-12-10-44-meta.tsv,2018-12-10,17,15
ParlaMint-IS-en_2018-12-10-45-meta.tsv,2018-12-10,14,7
ParlaMint-IS-en_2018-12-11-46-meta.tsv,2018-12-11,23,15
ParlaMint-IS-en_2018-12-11-47-meta.tsv,2018-12-11,18,16
ParlaMint-IS-en_2018-12-12-48-meta.tsv,2018-12-12,20,11
ParlaMint-IS-en_2018-12-13-49-meta.tsv,2018-12-13,26,16
ParlaMint-IS-en_2018-12-13-50-meta.tsv,2018-12-13,14,5
ParlaMint-IS-en_2018-12-14-51-meta.tsv,2018-12-14,22,13
ParlaMint-IS-en_2018-12-14-52-meta.tsv,2018-12-14,13,3
ParlaMint-IS-en_2018-12-14-53-meta.tsv,2018-12-14,1,2
ParlaMint-IS-en_2019-01-21-54-meta.tsv,2019-01-21,17,12
ParlaMint-IS-en_2019-01-22-55-meta.tsv,2019-01-22,15,11
ParlaMint-IS-en_2019-01-23-56-meta.tsv,2019-01-23,16,9
ParlaMint-IS-en_2019-01-24-57-meta.tsv,2019-01-24,18,14
ParlaMint-IS-en_2019-01-29-58-meta.tsv,2019-01-29,15,10
ParlaMint-IS-en_2019-01-30-59-meta.tsv,2019-01-30,22,15
ParlaMint-IS-en_2019-01-31-60-meta.tsv,2019-01-31,15,10
ParlaMint-IS-en_2019-02-04-61-meta.tsv,2019-02-04,17,12
ParlaMint-IS-en_2019-02-05-62-meta.tsv,2019-02-05,21,11
ParlaMint-IS-en_2019-02-06-63-meta.tsv,2019-02-06,17,17
ParlaMint-IS-en_2019-02-07-64-meta.tsv,2019-02-07,17,8
ParlaMint-IS-en_2019-02-07-65-meta.tsv,2019-02-07,17,13
ParlaMint-IS-en_2019-02-18-66-meta.tsv,2019-02-18,13,15
ParlaMint-IS-en_2019-02-19-67-meta.tsv,2019-02-19,23,15
ParlaMint-IS-en_2019-02-20-68-meta.tsv,2019-02-20,16,13
ParlaMint-IS-en_2019-02-21-69-meta.tsv,2019-02-21,18,20
ParlaMint-IS-en_2019-02-26-70-meta.tsv,2019-02-26,22,12
ParlaMint-IS-en_2019-02-27-71-meta.tsv,2019-02-27,11,1
ParlaMint-IS-en_2019-02-28-72-meta.tsv,2019-02-28,23,15
ParlaMint-IS-en_2019-03-01-73-meta.tsv,2019-03-01,19,8
ParlaMint-IS-en_2019-03-04-74-meta.tsv,2019-03-04,13,12
ParlaMint-IS-en_2019-03-05-75-meta.tsv,2019-03-05,17,12
ParlaMint-IS-en_2019-03-06-76-meta.tsv,2019-03-06,16,9
ParlaMint-IS-en_2019-03-07-77-meta.tsv,2019-03-07,21,9
ParlaMint-IS-en_2019-03-11-78-meta.tsv,2019-03-11,11,6
ParlaMint-IS-en_2019-03-18-79-meta.tsv,2019-03-18,13,9
ParlaMint-IS-en_2019-03-19-80-meta.tsv,2019-03-19,23,12
ParlaMint-IS-en_2019-03-20-81-meta.tsv,2019-03-20,19,9
ParlaMint-IS-en_2019-03-21-82-meta.tsv,2019-03-21,23,12
ParlaMint-IS-en_2019-03-25-83-meta.tsv,2019-03-25,23,12
ParlaMint-IS-en_2019-03-26-84-meta.tsv,2019-03-26,18,12
ParlaMint-IS-en_2019-03-27-85-meta.tsv,2019-03-27,22,20
ParlaMint-IS-en_2019-03-28-86-meta.tsv,2019-03-28,7,3
ParlaMint-IS-en_2019-04-01-87-meta.tsv,2019-04-01,20,10
ParlaMint-IS-en_2019-04-02-88-meta.tsv,2019-04-02,26,15
ParlaMint-IS-en_2019-04-08-89-meta.tsv,2019-04-08,9,6
ParlaMint-IS-en_2019-04-08-90-meta.tsv,2019-04-08,14,5
ParlaMint-IS-en_2019-04-09-91-meta.tsv,2019-04-09,24,11
ParlaMint-IS-en_2019-04-10-92-meta.tsv,2019-04-10,17,13
ParlaMint-IS-en_2019-04-10-93-meta.tsv,2019-04-10,10,9
ParlaMint-IS-en_2019-04-11-94-meta.tsv,2019-04-11,25,17
ParlaMint-IS-en_2019-04-29-95-meta.tsv,2019-04-29,11,7
ParlaMint-IS-en_2019-04-29-96-meta.tsv,2019-04-29,8,3
ParlaMint-IS-en_2019-04-30-97-meta.tsv,2019-04-30,18,8
ParlaMint-IS-en_2019-05-02-98-meta.tsv,2019-05-02,22,14
ParlaMint-IS-en_2019-05-03-99-meta.tsv,2019-05-03,19,11
ParlaMint-IS-en_2019-05-06-100-meta.tsv,2019-05-06,17,11
ParlaMint-IS-en_2019-05-07-101-meta.tsv,2019-05-07,24,20
ParlaMint-IS-en_2019-05-13-102-meta.tsv,2019-05-13,15,11
ParlaMint-IS-en_2019-05-13-103-meta.tsv,2019-05-13,35,19
ParlaMint-IS-en_2019-05-14-104-meta.tsv,2019-05-14,22,10
ParlaMint-IS-en_2019-05-15-105-meta.tsv,2019-05-15,25,9
ParlaMint-IS-en_2019-05-20-106-meta.tsv,2019-05-20,22,15
ParlaMint-IS-en_2019-05-21-107-meta.tsv,2019-05-21,24,5
ParlaMint-IS-en_2019-05-22-108-meta.tsv,2019-05-22,18,5
ParlaMint-IS-en_2019-05-23-109-meta.tsv,2019-05-23,11,1
ParlaMint-IS-en_2019-05-24-110-meta.tsv,2019-05-24,15,0
ParlaMint-IS-en_2019-05-27-111-meta.tsv,2019-05-27,15,7
ParlaMint-IS-en_2019-05-28-112-meta.tsv,2019-05-28,22,6
ParlaMint-IS-en_2019-05-29-113-meta.tsv,2019-05-29,12,12
ParlaMint-IS-en_2019-05-31-114-meta.tsv,2019-05-31,23,8
ParlaMint-IS-en_2019-06-03-115-meta.tsv,2019-06-03,28,13
ParlaMint-IS-en_2019-06-04-116-meta.tsv,2019-06-04,23,9
ParlaMint-IS-en_2019-06-05-117-meta.tsv,2019-06-05,19,11
ParlaMint-IS-en_2019-06-06-118-meta.tsv,2019-06-06,19,9
ParlaMint-IS-en_2019-06-07-119-meta.tsv,2019-06-07,16,6
ParlaMint-IS-en_2019-06-11-120-meta.tsv,2019-06-11,24,14
ParlaMint-IS-en_2019-06-12-121-meta.tsv,2019-06-12,17,8
ParlaMint-IS-en_2019-06-13-122-meta.tsv,2019-06-13,16,7
ParlaMint-IS-en_2019-06-14-123-meta.tsv,2019-06-14,14,8
ParlaMint-IS-en_2019-06-18-124-meta.tsv,2019-06-18,23,13
ParlaMint-IS-en_2019-06-19-125-meta.tsv,2019-06-19,15,7
ParlaMint-IS-en_2019-06-19-126-meta.tsv,2019-06-19,23,12
ParlaMint-IS-en_2019-06-20-127-meta.tsv,2019-06-20,2,4
ParlaMint-IS-en_2019-06-20-128-meta.tsv,2019-06-20,8,2
ParlaMint-IS-en_2019-06-20-129-meta.tsv,2019-06-20,19,9
ParlaMint-IS-en_2019-08-28-130-meta.tsv,2019-08-28,23,10
ParlaMint-IS-en_2019-08-29-131-meta.tsv,2019-08-29,17,8
ParlaMint-IS-en_2019-09-02-132-meta.tsv,2019-09-02,24,12
ParlaMint-IS-en_2019-09-02-133-meta.tsv,2019-09-02,2,1
ParlaMint-IS-en_2019-09-10-1-meta.tsv,2019-09-10,1,0
ParlaMint-IS-en_2019-09-10-meta.tsv,2019-09-10,2,0
ParlaMint-IS-en_2019-09-11-2-meta.tsv,2019-09-11,13,11
ParlaMint-IS-en_2019-09-12-3-meta.tsv,2019-09-12,11,5
ParlaMint-IS-en_2019-09-13-4-meta.tsv,2019-09-13,30,18
ParlaMint-IS-en_2019-09-16-5-meta.tsv,2019-09-16,12,5
ParlaMint-IS-en_2019-09-17-6-meta.tsv,2019-09-17,17,8
ParlaMint-IS-en_2019-09-19-7-meta.tsv,2019-09-19,23,10
ParlaMint-IS-en_2019-09-23-8-meta.tsv,2019-09-23,20,6
ParlaMint-IS-en_2019-09-24-9-meta.tsv,2019-09-24,15,10
ParlaMint-IS-en_2019-09-25-10-meta.tsv,2019-09-25,19,8
ParlaMint-IS-en_2019-09-26-11-meta.tsv,2019-09-26,22,13
ParlaMint-IS-en_2019-10-08-12-meta.tsv,2019-10-08,14,14
ParlaMint-IS-en_2019-10-08-13-meta.tsv,2019-10-08,6,8
ParlaMint-IS-en_2019-10-09-14-meta.tsv,2019-10-09,16,12
ParlaMint-IS-en_2019-10-09-15-meta.tsv,2019-10-09,7,7
ParlaMint-IS-en_2019-10-10-16-meta.tsv,2019-10-10,16,11
ParlaMint-IS-en_2019-10-14-17-meta.tsv,2019-10-14,14,11
ParlaMint-IS-en_2019-10-15-18-meta.tsv,2019-10-15,17,12
ParlaMint-IS-en_2019-10-16-19-meta.tsv,2019-10-16,14,7
ParlaMint-IS-en_2019-10-17-20-meta.tsv,2019-10-17,5,10
ParlaMint-IS-en_2019-10-17-21-meta.tsv,2019-10-17,11,3
ParlaMint-IS-en_2019-10-21-22-meta.tsv,2019-10-21,19,16
ParlaMint-IS-en_2019-10-22-23-meta.tsv,2019-10-22,22,12
ParlaMint-IS-en_2019-10-23-24-meta.tsv,2019-10-23,14,10
ParlaMint-IS-en_2019-10-24-25-meta.tsv,2019-10-24,21,11
ParlaMint-IS-en_2019-11-04-26-meta.tsv,2019-11-04,20,7
ParlaMint-IS-en_2019-11-05-27-meta.tsv,2019-11-05,24,9
ParlaMint-IS-en_2019-11-06-28-meta.tsv,2019-11-06,20,11
ParlaMint-IS-en_2019-11-11-29-meta.tsv,2019-11-11,14,8
ParlaMint-IS-en_2019-11-12-30-meta.tsv,2019-11-12,20,7
ParlaMint-IS-en_2019-11-13-31-meta.tsv,2019-11-13,19,8
ParlaMint-IS-en_2019-11-14-32-meta.tsv,2019-11-14,26,16
ParlaMint-IS-en_2019-11-18-33-meta.tsv,2019-11-18,12,6
ParlaMint-IS-en_2019-11-25-34-meta.tsv,2019-11-25,22,14
ParlaMint-IS-en_2019-11-26-35-meta.tsv,2019-11-26,18,13
ParlaMint-IS-en_2019-11-27-36-meta.tsv,2019-11-27,25,14
ParlaMint-IS-en_2019-11-28-37-meta.tsv,2019-11-28,21,12
ParlaMint-IS-en_2019-12-02-38-meta.tsv,2019-12-02,21,10
ParlaMint-IS-en_2019-12-03-39-meta.tsv,2019-12-03,22,13
ParlaMint-IS-en_2019-12-04-40-meta.tsv,2019-12-04,23,13
ParlaMint-IS-en_2019-12-09-41-meta.tsv,2019-12-09,14,6
ParlaMint-IS-en_2019-12-10-42-meta.tsv,2019-12-10,20,9
ParlaMint-IS-en_2019-12-11-43-meta.tsv,2019-12-11,22,10
ParlaMint-IS-en_2019-12-12-44-meta.tsv,2019-12-12,22,9
ParlaMint-IS-en_2019-12-13-45-meta.tsv,2019-12-13,22,10
ParlaMint-IS-en_2019-12-16-46-meta.tsv,2019-12-16,30,15
ParlaMint-IS-en_2019-12-17-47-meta.tsv,2019-12-17,22,12
ParlaMint-IS-en_2019-12-17-48-meta.tsv,2019-12-17,15,13
ParlaMint-IS-en_2020-01-20-49-meta.tsv,2020-01-20,19,11
ParlaMint-IS-en_2020-01-21-50-meta.tsv,2020-01-21,18,9
ParlaMint-IS-en_2020-01-22-51-meta.tsv,2020-01-22,20,11
ParlaMint-IS-en_2020-01-23-52-meta.tsv,2020-01-23,25,8
ParlaMint-IS-en_2020-01-28-53-meta.tsv,2020-01-28,24,13
ParlaMint-IS-en_2020-01-29-54-meta.tsv,2020-01-29,28,14
ParlaMint-IS-en_2020-01-30-55-meta.tsv,2020-01-30,21,14
ParlaMint-IS-en_2020-02-03-56-meta.tsv,2020-02-03,17,13
ParlaMint-IS-en_2020-02-04-57-meta.tsv,2020-02-04,14,10
ParlaMint-IS-en_2020-02-06-58-meta.tsv,2020-02-06,27,4
ParlaMint-IS-en_2020-02-17-59-meta.tsv,2020-02-17,14,10
ParlaMint-IS-en_2020-02-18-60-meta.tsv,2020-02-18,24,11
ParlaMint-IS-en_2020-02-20-61-meta.tsv,2020-02-20,19,9
ParlaMint-IS-en_2020-02-24-62-meta.tsv,2020-02-24,18,10
ParlaMint-IS-en_2020-02-24-63-meta.tsv,2020-02-24,3,3
ParlaMint-IS-en_2020-02-25-64-meta.tsv,2020-02-25,18,11
ParlaMint-IS-en_2020-03-03-65-meta.tsv,2020-03-03,17,6
ParlaMint-IS-en_2020-03-03-66-meta.tsv,2020-03-03,0,1
ParlaMint-IS-en_2020-03-03-68-meta.tsv,2020-03-03,14,3
ParlaMint-IS-en_2020-03-04-69-meta.tsv,2020-03-04,23,13
ParlaMint-IS-en_2020-03-05-70-meta.tsv,2020-03-05,22,12
ParlaMint-IS-en_2020-03-12-71-meta.tsv,2020-03-12,8,8
ParlaMint-IS-en_2020-03-12-72-meta.tsv,2020-03-12,14,8
ParlaMint-IS-en_2020-03-13-73-meta.tsv,2020-03-13,8,1
ParlaMint-IS-en_2020-03-13-74-meta.tsv,2020-03-13,5,2
ParlaMint-IS-en_2020-03-13-75-meta.tsv,2020-03-13,2,0
ParlaMint-IS-en_2020-03-17-76-meta.tsv,2020-03-17,11,6
ParlaMint-IS-en_2020-03-17-77-meta.tsv,2020-03-17,2,1
ParlaMint-IS-en_2020-03-17-78-meta.tsv,2020-03-17,11,3
ParlaMint-IS-en_2020-03-20-79-meta.tsv,2020-03-20,20,6
ParlaMint-IS-en_2020-03-20-80-meta.tsv,2020-03-20,2,2
ParlaMint-IS-en_2020-03-23-81-meta.tsv,2020-03-23,7,2
ParlaMint-IS-en_2020-03-23-82-meta.tsv,2020-03-23,11,2
ParlaMint-IS-en_2020-03-26-83-meta.tsv,2020-03-26,9,0
ParlaMint-IS-en_2020-03-30-84-meta.tsv,2020-03-30,20,7
ParlaMint-IS-en_2020-03-30-85-meta.tsv,2020-03-30,5,0
ParlaMint-IS-en_2020-04-02-86-meta.tsv,2020-04-02,9,3
ParlaMint-IS-en_2020-04-14-87-meta.tsv,2020-04-14,12,8
ParlaMint-IS-en_2020-04-14-88-meta.tsv,2020-04-14,1,0
ParlaMint-IS-en_2020-04-16-90-meta.tsv,2020-04-16,2,0
ParlaMint-IS-en_2020-04-20-91-meta.tsv,2020-04-20,8,5
ParlaMint-IS-en_2020-04-22-92-meta.tsv,2020-04-22,20,10
ParlaMint-IS-en_2020-04-28-93-meta.tsv,2020-04-28,15,8
ParlaMint-IS-en_2020-04-28-94-meta.tsv,2020-04-28,4,6
ParlaMint-IS-en_2020-04-30-95-meta.tsv,2020-04-30,22,8
ParlaMint-IS-en_2020-05-04-96-meta.tsv,2020-05-04,11,6
ParlaMint-IS-en_2020-05-05-97-meta.tsv,2020-05-05,23,11
ParlaMint-IS-en_2020-05-06-98-meta.tsv,2020-05-06,13,10
ParlaMint-IS-en_2020-05-06-99-meta.tsv,2020-05-06,16,8
ParlaMint-IS-en_2020-05-07-100-meta.tsv,2020-05-07,22,14
ParlaMint-IS-en_2020-05-11-101-meta.tsv,2020-05-11,16,13
ParlaMint-IS-en_2020-05-12-102-meta.tsv,2020-05-12,19,17
ParlaMint-IS-en_2020-05-13-103-meta.tsv,2020-05-13,16,7
ParlaMint-IS-en_2020-05-18-104-meta.tsv,2020-05-18,15,10
ParlaMint-IS-en_2020-05-19-105-meta.tsv,2020-05-19,20,11
ParlaMint-IS-en_2020-05-20-106-meta.tsv,2020-05-20,14,7
ParlaMint-IS-en_2020-05-20-107-meta.tsv,2020-05-20,16,9
ParlaMint-IS-en_2020-05-25-108-meta.tsv,2020-05-25,18,11
ParlaMint-IS-en_2020-05-28-109-meta.tsv,2020-05-28,20,12
ParlaMint-IS-en_2020-05-29-110-meta.tsv,2020-05-29,24,17
ParlaMint-IS-en_2020-05-29-111-meta.tsv,2020-05-29,8,3
ParlaMint-IS-en_2020-06-02-112-meta.tsv,2020-06-02,11,13
ParlaMint-IS-en_2020-06-03-113-meta.tsv,2020-06-03,17,10
ParlaMint-IS-en_2020-06-08-114-meta.tsv,2020-06-08,20,13
ParlaMint-IS-en_2020-06-09-115-meta.tsv,2020-06-09,26,16
ParlaMint-IS-en_2020-06-12-116-meta.tsv,2020-06-12,27,14
ParlaMint-IS-en_2020-06-15-117-meta.tsv,2020-06-15,22,17
ParlaMint-IS-en_2020-06-16-118-meta.tsv,2020-06-16,20,10
ParlaMint-IS-en_2020-06-18-119-meta.tsv,2020-06-18,21,10
ParlaMint-IS-en_2020-06-18-120-meta.tsv,2020-06-18,16,5
ParlaMint-IS-en_2020-06-20-121-meta.tsv,2020-06-20,10,1
ParlaMint-IS-en_2020-06-22-122-meta.tsv,2020-06-22,19,10
ParlaMint-IS-en_2020-06-23-123-meta.tsv,2020-06-23,6,0
ParlaMint-IS-en_2020-06-23-124-meta.tsv,2020-06-23,10,1
ParlaMint-IS-en_2020-06-23-125-meta.tsv,2020-06-23,13,12
ParlaMint-IS-en_2020-06-24-126-meta.tsv,2020-06-24,11,2
ParlaMint-IS-en_2020-06-25-127-meta.tsv,2020-06-25,22,9
ParlaMint-IS-en_2020-06-26-128-meta.tsv,2020-06-26,21,12
ParlaMint-IS-en_2020-06-29-129-meta.tsv,2020-06-29,24,13
ParlaMint-IS-en_2020-06-29-130-meta.tsv,2020-06-29,20,13
ParlaMint-IS-en_2020-06-30-131-meta.tsv,2020-06-30,4,2
ParlaMint-IS-en_2020-08-27-132-meta.tsv,2020-08-27,18,9
ParlaMint-IS-en_2020-08-28-133-meta.tsv,2020-08-28,18,8
ParlaMint-IS-en_2020-09-02-134-meta.tsv,2020-09-02,13,10
ParlaMint-IS-en_2020-09-02-135-meta.tsv,2020-09-02,3,4
ParlaMint-IS-en_2020-09-03-136-meta.tsv,2020-09-03,9,9
ParlaMint-IS-en_2020-09-03-137-meta.tsv,2020-09-03,14,4
ParlaMint-IS-en_2020-09-03-138-meta.tsv,2020-09-03,6,4
ParlaMint-IS-en_2020-09-04-139-meta.tsv,2020-09-04,18,10
ParlaMint-IS-en_2020-09-04-140-meta.tsv,2020-09-04,21,11
ParlaMint-IS-en_2020-09-04-141-meta.tsv,2020-09-04,1,1
ParlaMint-IS-en_2020-10-01-1-meta.tsv,2020-10-01,1,0
ParlaMint-IS-en_2020-10-01-2-meta.tsv,2020-10-01,15,11
ParlaMint-IS-en_2020-10-01-meta.tsv,2020-10-01,2,0
ParlaMint-IS-en_2020-10-05-3-meta.tsv,2020-10-05,14,6
ParlaMint-IS-en_2020-10-06-4-meta.tsv,2020-10-06,27,15
ParlaMint-IS-en_2020-10-07-5-meta.tsv,2020-10-07,15,13
ParlaMint-IS-en_2020-10-08-6-meta.tsv,2020-10-08,9,4
ParlaMint-IS-en_2020-10-12-7-meta.tsv,2020-10-12,7,11
ParlaMint-IS-en_2020-10-13-8-meta.tsv,2020-10-13,20,7
ParlaMint-IS-en_2020-10-15-9-meta.tsv,2020-10-15,17,6
ParlaMint-IS-en_2020-10-19-10-meta.tsv,2020-10-19,18,7
ParlaMint-IS-en_2020-10-20-11-meta.tsv,2020-10-20,19,12
ParlaMint-IS-en_2020-10-21-12-meta.tsv,2020-10-21,12,6
ParlaMint-IS-en_2020-10-21-13-meta.tsv,2020-10-21,12,3
ParlaMint-IS-en_2020-10-22-14-meta.tsv,2020-10-22,26,9
ParlaMint-IS-en_2020-11-04-15-meta.tsv,2020-11-04,19,11
ParlaMint-IS-en_2020-11-05-16-meta.tsv,2020-11-05,18,13
ParlaMint-IS-en_2020-11-05-17-meta.tsv,2020-11-05,13,5
ParlaMint-IS-en_2020-11-12-18-meta.tsv,2020-11-12,20,14
ParlaMint-IS-en_2020-11-13-19-meta.tsv,2020-11-13,10,10
ParlaMint-IS-en_2020-11-13-20-meta.tsv,2020-11-13,5,9
ParlaMint-IS-en_2020-11-17-21-meta.tsv,2020-11-17,13,16
ParlaMint-IS-en_2020-11-18-22-meta.tsv,2020-11-18,19,14
ParlaMint-IS-en_2020-11-19-23-meta.tsv,2020-11-19,22,12
ParlaMint-IS-en_2020-11-24-24-meta.tsv,2020-11-24,21,12
ParlaMint-IS-en_2020-11-25-25-meta.tsv,2020-11-25,18,16
ParlaMint-IS-en_2020-11-26-26-meta.tsv,2020-11-26,19,16
ParlaMint-IS-en_2020-11-27-27-meta.tsv,2020-11-27,4,6
ParlaMint-IS-en_2020-11-27-28-meta.tsv,2020-11-27,8,11
ParlaMint-IS-en_2020-12-02-30-meta.tsv,2020-12-02,19,10
ParlaMint-IS-en_2020-12-03-31-meta.tsv,2020-12-03,20,16
ParlaMint-IS-en_2020-12-07-32-meta.tsv,2020-12-07,17,9
ParlaMint-IS-en_2020-12-08-33-meta.tsv,2020-12-08,26,12
ParlaMint-IS-en_2020-12-09-34-meta.tsv,2020-12-09,18,16
ParlaMint-IS-en_2020-12-10-35-meta.tsv,2020-12-10,14,7
ParlaMint-IS-en_2020-12-11-36-meta.tsv,2020-12-11,27,16
ParlaMint-IS-en_2020-12-14-37-meta.tsv,2020-12-14,16,13
ParlaMint-IS-en_2020-12-15-38-meta.tsv,2020-12-15,28,18
ParlaMint-IS-en_2020-12-16-39-meta.tsv,2020-12-16,25,13
ParlaMint-IS-en_2020-12-17-40-meta.tsv,2020-12-17,29,20
ParlaMint-IS-en_2020-12-17-41-meta.tsv,2020-12-17,8,8
ParlaMint-IS-en_2020-12-18-42-meta.tsv,2020-12-18,25,20
ParlaMint-IS-en_2020-12-18-43-meta.tsv,2020-12-18,23,10
ParlaMint-IS-en_2021-01-18-44-meta.tsv,2021-01-18,20,11
ParlaMint-IS-en_2021-01-19-45-meta.tsv,2021-01-19,16,8
ParlaMint-IS-en_2021-01-20-46-meta.tsv,2021-01-20,10,12
ParlaMint-IS-en_2021-01-21-47-meta.tsv,2021-01-21,25,11
ParlaMint-IS-en_2021-01-26-48-meta.tsv,2021-01-26,20,14
ParlaMint-IS-en_2021-01-27-49-meta.tsv,2021-01-27,18,6
ParlaMint-IS-en_2021-01-28-50-meta.tsv,2021-01-28,22,12
ParlaMint-IS-en_2021-02-02-51-meta.tsv,2021-02-02,27,10
ParlaMint-IS-en_2021-02-03-52-meta.tsv,2021-02-03,21,12
ParlaMint-IS-en_2021-02-04-53-meta.tsv,2021-02-04,21,12
ParlaMint-IS-en_2021-02-11-54-meta.tsv,2021-02-11,19,8
ParlaMint-IS-en_2021-02-16-55-meta.tsv,2021-02-16,25,14
ParlaMint-IS-en_2021-02-17-56-meta.tsv,2021-02-17,21,14
ParlaMint-IS-en_2021-02-18-57-meta.tsv,2021-02-18,18,9
ParlaMint-IS-en_2021-02-23-58-meta.tsv,2021-02-23,15,11
ParlaMint-IS-en_2021-02-24-59-meta.tsv,2021-02-24,18,8
ParlaMint-IS-en_2021-02-25-60-meta.tsv,2021-02-25,21,15
ParlaMint-IS-en_2021-03-02-61-meta.tsv,2021-03-02,18,15
ParlaMint-IS-en_2021-03-03-62-meta.tsv,2021-03-03,16,13
ParlaMint-IS-en_2021-03-03-63-meta.tsv,2021-03-03,5,5
ParlaMint-IS-en_2021-03-04-64-meta.tsv,2021-03-04,17,12
ParlaMint-IS-en_2021-03-11-65-meta.tsv,2021-03-11,26,18
ParlaMint-IS-en_2021-03-12-66-meta.tsv,2021-03-12,27,16
ParlaMint-IS-en_2021-03-16-67-meta.tsv,2021-03-16,21,13
ParlaMint-IS-en_2021-03-17-68-meta.tsv,2021-03-17,17,18
ParlaMint-IS-en_2021-03-18-69-meta.tsv,2021-03-18,9,4
ParlaMint-IS-en_2021-03-18-70-meta.tsv,2021-03-18,3,2
ParlaMint-IS-en_2021-03-18-71-meta.tsv,2021-03-18,10,7
ParlaMint-IS-en_2021-03-23-72-meta.tsv,2021-03-23,16,14
ParlaMint-IS-en_2021-03-24-73-meta.tsv,2021-03-24,25,17
ParlaMint-IS-en_2021-03-25-74-meta.tsv,2021-03-25,23,15
ParlaMint-IS-en_2021-03-26-75-meta.tsv,2021-03-26,19,13
ParlaMint-IS-en_2021-04-12-76-meta.tsv,2021-04-12,16,9
ParlaMint-IS-en_2021-04-13-77-meta.tsv,2021-04-13,26,14
ParlaMint-IS-en_2021-04-14-78-meta.tsv,2021-04-14,19,11
ParlaMint-IS-en_2021-04-15-79-meta.tsv,2021-04-15,28,13
ParlaMint-IS-en_2021-04-19-80-meta.tsv,2021-04-19,19,8
ParlaMint-IS-en_2021-04-20-81-meta.tsv,2021-04-20,15,10
ParlaMint-IS-en_2021-04-21-82-meta.tsv,2021-04-21,11,10
ParlaMint-IS-en_2021-04-22-83-meta.tsv,2021-04-22,5,5
ParlaMint-IS-en_2021-04-22-84-meta.tsv,2021-04-22,7,3
ParlaMint-IS-en_2021-04-26-85-meta.tsv,2021-04-26,22,15
ParlaMint-IS-en_2021-04-27-86-meta.tsv,2021-04-27,15,7
ParlaMint-IS-en_2021-04-27-87-meta.tsv,2021-04-27,12,6
ParlaMint-IS-en_2021-05-03-88-meta.tsv,2021-05-03,15,9
ParlaMint-IS-en_2021-05-04-89-meta.tsv,2021-05-04,26,12
ParlaMint-IS-en_2021-05-05-90-meta.tsv,2021-05-05,25,15
ParlaMint-IS-en_2021-05-06-91-meta.tsv,2021-05-06,12,15
ParlaMint-IS-en_2021-05-10-92-meta.tsv,2021-05-10,18,10
ParlaMint-IS-en_2021-05-11-93-meta.tsv,2021-05-11,18,11
ParlaMint-IS-en_2021-05-11-94-meta.tsv,2021-05-11,3,1
ParlaMint-IS-en_2021-05-11-95-meta.tsv,2021-05-11,5,3
ParlaMint-IS-en_2021-05-17-96-meta.tsv,2021-05-17,15,11
ParlaMint-IS-en_2021-05-18-97-meta.tsv,2021-05-18,22,14
ParlaMint-IS-en_2021-05-19-98-meta.tsv,2021-05-19,15,13
ParlaMint-IS-en_2021-05-20-99-meta.tsv,2021-05-20,18,3
ParlaMint-IS-en_2021-05-25-100-meta.tsv,2021-05-25,18,12
ParlaMint-IS-en_2021-05-26-101-meta.tsv,2021-05-26,18,8
ParlaMint-IS-en_2021-05-27-102-meta.tsv,2021-05-27,17,5
ParlaMint-IS-en_2021-05-31-103-meta.tsv,2021-05-31,21,12
ParlaMint-IS-en_2021-06-01-104-meta.tsv,2021-06-01,23,14
ParlaMint-IS-en_2021-06-02-105-meta.tsv,2021-06-02,24,7
ParlaMint-IS-en_2021-06-03-106-meta.tsv,2021-06-03,11,9
ParlaMint-IS-en_2021-06-04-107-meta.tsv,2021-06-04,15,10
ParlaMint-IS-en_2021-06-07-108-meta.tsv,2021-06-07,11,12
ParlaMint-IS-en_2021-06-08-109-meta.tsv,2021-06-08,22,13
ParlaMint-IS-en_2021-06-09-110-meta.tsv,2021-06-09,14,10
ParlaMint-IS-en_2021-06-10-111-meta.tsv,2021-06-10,16,6
ParlaMint-IS-en_2021-06-11-112-meta.tsv,2021-06-11,27,16
ParlaMint-IS-en_2021-06-12-113-meta.tsv,2021-06-12,27,14
ParlaMint-IS-en_2021-06-12-114-meta.tsv,2021-06-12,18,10
ParlaMint-IS-en_2021-06-13-115-meta.tsv,2021-06-13,4,0
ParlaMint-IS-en_2021-06-13-116-meta.tsv,2021-06-13,0,1
ParlaMint-IS-en_2021-06-13-117-meta.tsv,2021-06-13,1,2
ParlaMint-IS-en_2021-07-06-118-meta.tsv,2021-07-06,2,1
ParlaMint-IS-en_2021-07-06-119-meta.tsv,2021-07-06,8,8
ParlaMint-IS-en_2021-07-06-120-meta.tsv,2021-07-06,1,1
ParlaMint-IS-en_2021-11-23-1-meta.tsv,2021-11-23,2,1
ParlaMint-IS-en_2021-11-25-meta.tsv,2021-11-25,11,12
ParlaMint-IS-en_2021-12-01-2-meta.tsv,2021-12-01,13,11
ParlaMint-IS-en_2021-12-02-3-meta.tsv,2021-12-02,19,16
ParlaMint-IS-en_2021-12-03-4-meta.tsv,2021-12-03,14,16
ParlaMint-IS-en_2021-12-04-5-meta.tsv,2021-12-04,8,7
ParlaMint-IS-en_2021-12-07-6-meta.tsv,2021-12-07,17,12
ParlaMint-IS-en_2021-12-08-7-meta.tsv,2021-12-08,13,13
ParlaMint-IS-en_2021-12-09-8-meta.tsv,2021-12-09,15,17
ParlaMint-IS-en_2021-12-13-9-meta.tsv,2021-12-13,12,15
ParlaMint-IS-en_2021-12-14-10-meta.tsv,2021-12-14,12,7
ParlaMint-IS-en_2021-12-15-11-meta.tsv,2021-12-15,15,15
ParlaMint-IS-en_2021-12-16-12-meta.tsv,2021-12-16,12,10
ParlaMint-IS-en_2021-12-20-13-meta.tsv,2021-12-20,1,0
ParlaMint-IS-en_2021-12-21-14-meta.tsv,2021-12-21,16,4
ParlaMint-IS-en_2021-12-21-15-meta.tsv,2021-12-21,13,7
ParlaMint-IS-en_2021-12-22-16-meta.tsv,2021-12-22,17,10
ParlaMint-IS-en_2021-12-27-17-meta.tsv,2021-12-27,8,11
ParlaMint-IS-en_2021-12-28-18-meta.tsv,2021-12-28,6,11
ParlaMint-IS-en_2021-12-28-19-meta.tsv,2021-12-28,9,9
ParlaMint-IS-en_2022-01-17-20-meta.tsv,2022-01-17,12,9
ParlaMint-IS-en_2022-01-17-21-meta.tsv,2022-01-17,2,3
ParlaMint-IS-en_2022-01-18-23-meta.tsv,2022-01-18,18,16
ParlaMint-IS-en_2022-01-19-24-meta.tsv,2022-01-19,14,14
ParlaMint-IS-en_2022-01-20-25-meta.tsv,2022-01-20,18,15
ParlaMint-IS-en_2022-01-25-26-meta.tsv,2022-01-25,13,17
ParlaMint-IS-en_2022-01-26-27-meta.tsv,2022-01-26,14,15
ParlaMint-IS-en_2022-01-27-28-meta.tsv,2022-01-27,19,27
ParlaMint-IS-en_2022-01-31-29-meta.tsv,2022-01-31,13,16
ParlaMint-IS-en_2022-01-31-30-meta.tsv,2022-01-31,0,2
ParlaMint-IS-en_2022-02-01-31-meta.tsv,2022-02-01,15,17
ParlaMint-IS-en_2022-02-02-32-meta.tsv,2022-02-02,16,20
ParlaMint-IS-en_2022-02-03-33-meta.tsv,2022-02-03,18,17
ParlaMint-IS-en_2022-02-07-34-meta.tsv,2022-02-07,16,7
ParlaMint-IS-en_2022-02-08-35-meta.tsv,2022-02-08,20,9
ParlaMint-IS-en_2022-02-09-36-meta.tsv,2022-02-09,21,13
ParlaMint-IS-en_2022-02-10-37-meta.tsv,2022-02-10,19,13
ParlaMint-IS-en_2022-02-21-38-meta.tsv,2022-02-21,10,13
ParlaMint-IS-en_2022-02-22-39-meta.tsv,2022-02-22,13,16
ParlaMint-IS-en_2022-02-23-40-meta.tsv,2022-02-23,19,18
ParlaMint-IS-en_2022-02-24-41-meta.tsv,2022-02-24,11,11
ParlaMint-IS-en_2022-02-24-42-meta.tsv,2022-02-24,2,3
ParlaMint-IS-en_2022-02-28-43-meta.tsv,2022-02-28,13,12
ParlaMint-IS-en_2022-03-01-44-meta.tsv,2022-03-01,22,17
ParlaMint-IS-en_2022-03-02-45-meta.tsv,2022-03-02,14,16
ParlaMint-IS-en_2022-03-03-46-meta.tsv,2022-03-03,15,14
ParlaMint-IS-en_2022-03-07-47-meta.tsv,2022-03-07,19,15
ParlaMint-IS-en_2022-03-08-48-meta.tsv,2022-03-08,16,20
ParlaMint-IS-en_2022-03-09-49-meta.tsv,2022-03-09,13,15
ParlaMint-IS-en_2022-03-10-50-meta.tsv,2022-03-10,15,17
ParlaMint-IS-en_2022-03-14-51-meta.tsv,2022-03-14,15,19
ParlaMint-IS-en_2022-03-15-52-meta.tsv,2022-03-15,20,17
ParlaMint-IS-en_2022-03-21-53-meta.tsv,2022-03-21,15,12
ParlaMint-IS-en_2022-03-22-54-meta.tsv,2022-03-22,14,16
ParlaMint-IS-en_2022-03-22-meta.tsv,2022-03-22,11,11
ParlaMint-IS-en_2022-03-23-55-meta.tsv,2022-03-23,10,12
ParlaMint-IS-en_2022-03-23-meta.tsv,2022-03-23,8,7
ParlaMint-IS-en_2022-03-24-56-meta.tsv,2022-03-24,18,13
ParlaMint-IS-en_2022-03-24-meta.tsv,2022-03-24,11,11
ParlaMint-IS-en_2022-03-28-57-meta.tsv,2022-03-28,16,17
ParlaMint-IS-en_2022-03-28-meta.tsv,2022-03-28,9,17
ParlaMint-IS-en_2022-03-29-59-meta.tsv,2022-03-29,9,19
ParlaMint-IS-en_2022-03-29-meta.tsv,2022-03-29,9,14
ParlaMint-IS-en_2022-03-30-60-meta.tsv,2022-03-30,15,16
ParlaMint-IS-en_2022-04-04-61-meta.tsv,2022-04-04,10,5
ParlaMint-IS-en_2022-04-04-meta.tsv,2022-04-04,8,7
ParlaMint-IS-en_2022-04-05-62-meta.tsv,2022-04-05,16,15
ParlaMint-IS-en_2022-04-05-meta.tsv,2022-04-05,18,11
ParlaMint-IS-en_2022-04-06-63-meta.tsv,2022-04-06,10,7
ParlaMint-IS-en_2022-04-06-meta.tsv,2022-04-06,13,8
ParlaMint-IS-en_2022-04-07-64-meta.tsv,2022-04-07,17,10
ParlaMint-IS-en_2022-04-07-meta.tsv,2022-04-07,15,12
ParlaMint-IS-en_2022-04-08-65-meta.tsv,2022-04-08,15,15
ParlaMint-IS-en_2022-04-08-67-meta.tsv,2022-04-08,10,11
ParlaMint-IS-en_2022-04-08-meta.tsv,2022-04-08,10,14
ParlaMint-IS-en_2022-04-25-68-meta.tsv,2022-04-25,14,17
ParlaMint-IS-en_2022-04-25-meta.tsv,2022-04-25,10,7
ParlaMint-IS-en_2022-04-26-69-meta.tsv,2022-04-26,9,18
ParlaMint-IS-en_2022-04-26-meta.tsv,2022-04-26,16,16
ParlaMint-IS-en_2022-04-27-meta.tsv,2022-04-27,19,18
ParlaMint-IS-en_2022-04-28-meta.tsv,2022-04-28,20,25
ParlaMint-IS-en_2022-04-29-meta.tsv,2022-04-29,16,17
ParlaMint-IS-en_2022-05-16-meta.tsv,2022-05-16,14,15
ParlaMint-IS-en_2022-05-17-meta.tsv,2022-05-17,14,15
ParlaMint-IS-en_2022-05-18-meta.tsv,2022-05-18,9,9
ParlaMint-IS-en_2022-05-23-meta.tsv,2022-05-23,16,8
ParlaMint-IS-en_2022-05-24-meta.tsv,2022-05-24,6,10
ParlaMint-IS-en_2022-05-30-meta.tsv,2022-05-30,6,6
ParlaMint-IS-en_2022-05-31-meta.tsv,2022-05-31,7,11
ParlaMint-IS-en_2022-06-01-meta.tsv,2022-06-01,18,17
ParlaMint-IS-en_2022-06-02-meta.tsv,2022-06-02,18,15
ParlaMint-IS-en_2022-06-07-meta.tsv,2022-06-07,17,16
ParlaMint-IS-en_2022-06-08-meta.tsv,2022-06-08,8,11
ParlaMint-IS-en_2022-06-09-meta.tsv,2022-06-09,17,16
ParlaMint-IS-en_2022-06-10-meta.tsv,2022-06-10,0,1
ParlaMint-IS-en_2022-06-13-meta.tsv,2022-06-13,18,8
ParlaMint-IS-en_2022-06-14-meta.tsv,2022-06-14,23,17
ParlaMint-IS-en_2022-06-15-meta.tsv,2022-06-15,23,23
ParlaMint-IS-en_2022-06-16-meta.tsv,2022-06-16,8,6
