Text_ID	ID	Title	Date	Body	Term	Session	Meeting	Sitting	Agenda	Subcorpus	Lang	Speaker_role	Speaker_MP	Speaker_minister	Speaker_party	Speaker_party_name	Party_status	Party_orientation	Speaker_ID	Speaker_name	Speaker_gender	Speaker_birth
ParlaMint-UA-en_2013-11-05-m1	ParlaMint-UA_2013-11-05-m1.u1	Ukrainian parliamentary corpus ParlaMint-UA-en, term 7, session 3, sitting day 2013-11-05, n1	2013-11-05	Unicameralism	7	3	-	2013-11-05	-	Reference	English	Chairperson	MP	notMinister	PR	Party of Regions	-	Centre	ВолодимирВасильовичРибак.1946	Rybak, Volodymyr Vasyl'ovyč	M	1946	
ParlaMint-UA-en_2013-11-05-m1	ParlaMint-UA_2013-11-05-m1.u2	Ukrainian parliamentary corpus ParlaMint-UA-en, term 7, session 3, sitting day 2013-11-05, n1	2013-11-05	Unicameralism	7	3	-	2013-11-05	-	Reference	English	Chairperson	MP	notMinister	PR	Party of Regions	-	Centre	ВолодимирВасильовичРибак.1946	Rybak, Volodymyr Vasyl'ovyč	M	1946	
ParlaMint-UA-en_2013-11-05-m1	ParlaMint-UA_2013-11-05-m1.u3	Ukrainian parliamentary corpus ParlaMint-UA-en, term 7, session 3, sitting day 2013-11-05, n1	2013-11-05	Unicameralism	7	3	-	2013-11-05	-	Reference	English	Regular	MP	notMinister	frSvoboda	All-Ukrainian Union "Freedom" (Svoboda) Faction	Opposition	Right to far-right	ІринаІгорівнаСех.1970	Sech, Iryna Ihorivna	F	1970	
ParlaMint-UA-en_2013-11-05-m1	ParlaMint-UA_2013-11-05-m1.u4	Ukrainian parliamentary corpus ParlaMint-UA-en, term 7, session 3, sitting day 2013-11-05, n1	2013-11-05	Unicameralism	7	3	-	2013-11-05	-	Reference	English	Chairperson	MP	notMinister	PR	Party of Regions	-	Centre	ВолодимирВасильовичРибак.1946	Rybak, Volodymyr Vasyl'ovyč	M	1946	
ParlaMint-UA-en_2013-11-05-m1	ParlaMint-UA_2013-11-05-m1.u5	Ukrainian parliamentary corpus ParlaMint-UA-en, term 7, session 3, sitting day 2013-11-05, n1	2013-11-05	Unicameralism	7	3	-	2013-11-05	-	Reference	English	Regular	MP	notMinister	frPR	Party of Regions Faction	Coalition	Centre	ГригорійЄвдокимовичСмітюх.1961	Smitjuch, Hryhorij Jevdokymovyč	M	1961	
ParlaMint-UA-en_2013-11-05-m1	ParlaMint-UA_2013-11-05-m1.u6	Ukrainian parliamentary corpus ParlaMint-UA-en, term 7, session 3, sitting day 2013-11-05, n1	2013-11-05	Unicameralism	7	3	-	2013-11-05	-	Reference	English	Chairperson	MP	notMinister	PR	Party of Regions	-	Centre	ВолодимирВасильовичРибак.1946	Rybak, Volodymyr Vasyl'ovyč	M	1946	
ParlaMint-UA-en_2013-11-05-m1	ParlaMint-UA_2013-11-05-m1.u7	Ukrainian parliamentary corpus ParlaMint-UA-en, term 7, session 3, sitting day 2013-11-05, n1	2013-11-05	Unicameralism	7	3	-	2013-11-05	-	Reference	English	Regular	MP	notMinister	frSvoboda	All-Ukrainian Union "Freedom" (Svoboda) Faction	Opposition	Right to far-right	ІринаІгорівнаСех.1970	Sech, Iryna Ihorivna	F	1970	
ParlaMint-UA-en_2013-11-05-m1	ParlaMint-UA_2013-11-05-m1.u8	Ukrainian parliamentary corpus ParlaMint-UA-en, term 7, session 3, sitting day 2013-11-05, n1	2013-11-05	Unicameralism	7	3	-	2013-11-05	-	Reference	English	Chairperson	MP	notMinister	PR	Party of Regions	-	Centre	ВолодимирВасильовичРибак.1946	Rybak, Volodymyr Vasyl'ovyč	M	1946	
ParlaMint-UA-en_2013-11-05-m1	ParlaMint-UA_2013-11-05-m1.u9	Ukrainian parliamentary corpus ParlaMint-UA-en, term 7, session 3, sitting day 2013-11-05, n1	2013-11-05	Unicameralism	7	3	-	2013-11-05	-	Reference	English	Regular	MP	notMinister	frCPU	Communist Party Faction	Coalition	Far-left	ВолодимирІларіоновичКудря.1948	Kudrja, Volodymyr Ilarionovyč	M	1948	
ParlaMint-UA-en_2013-11-05-m1	ParlaMint-UA_2013-11-05-m1.u10	Ukrainian parliamentary corpus ParlaMint-UA-en, term 7, session 3, sitting day 2013-11-05, n1	2013-11-05	Unicameralism	7	3	-	2013-11-05	-	Reference	English	Chairperson	MP	notMinister	PR	Party of Regions	-	Centre	ВолодимирВасильовичРибак.1946	Rybak, Volodymyr Vasyl'ovyč	M	1946	
ParlaMint-UA-en_2013-11-05-m1	ParlaMint-UA_2013-11-05-m1.u11	Ukrainian parliamentary corpus ParlaMint-UA-en, term 7, session 3, sitting day 2013-11-05, n1	2013-11-05	Unicameralism	7	3	-	2013-11-05	-	Reference	English	Regular	MP	notMinister	frCPU	Communist Party Faction	Coalition	Far-left	СергійВолодимировичГордієнко.1957	Hordijenko, Serhij Volodymyrovyč	M	1957	
ParlaMint-UA-en_2013-11-05-m1	ParlaMint-UA_2013-11-05-m1.u12	Ukrainian parliamentary corpus ParlaMint-UA-en, term 7, session 3, sitting day 2013-11-05, n1	2013-11-05	Unicameralism	7	3	-	2013-11-05	-	Reference	English	Regular	MP	notMinister	frSvoboda	All-Ukrainian Union "Freedom" (Svoboda) Faction	Opposition	Right to far-right	ІринаІгорівнаСех.1970	Sech, Iryna Ihorivna	F	1970	
ParlaMint-UA-en_2013-11-05-m1	ParlaMint-UA_2013-11-05-m1.u13	Ukrainian parliamentary corpus ParlaMint-UA-en, term 7, session 3, sitting day 2013-11-05, n1	2013-11-05	Unicameralism	7	3	-	2013-11-05	-	Reference	English	Chairperson	MP	notMinister	PR	Party of Regions	-	Centre	ВолодимирВасильовичРибак.1946	Rybak, Volodymyr Vasyl'ovyč	M	1946	
ParlaMint-UA-en_2013-11-05-m1	ParlaMint-UA_2013-11-05-m1.u14	Ukrainian parliamentary corpus ParlaMint-UA-en, term 7, session 3, sitting day 2013-11-05, n1	2013-11-05	Unicameralism	7	3	-	2013-11-05	-	Reference	English	Regular	MP	notMinister	frPR	Party of Regions Faction	Coalition	Centre	ОлегОлександровичЗарубінський.1963	Zarubins'kyj, Oleh Oleksandrovyč	M	1963	
ParlaMint-UA-en_2013-11-05-m1	ParlaMint-UA_2013-11-05-m1.u15	Ukrainian parliamentary corpus ParlaMint-UA-en, term 7, session 3, sitting day 2013-11-05, n1	2013-11-05	Unicameralism	7	3	-	2013-11-05	-	Reference	English	Chairperson	MP	notMinister	PR	Party of Regions	-	Centre	ВолодимирВасильовичРибак.1946	Rybak, Volodymyr Vasyl'ovyč	M	1946	
ParlaMint-UA-en_2013-11-05-m1	ParlaMint-UA_2013-11-05-m1.u16	Ukrainian parliamentary corpus ParlaMint-UA-en, term 7, session 3, sitting day 2013-11-05, n1	2013-11-05	Unicameralism	7	3	-	2013-11-05	-	Reference	English	Regular	MP	notMinister	frPR	Party of Regions Faction	Coalition	Centre	ЛеонідВолодимировичБайсаров.1947	Bajsarov, Leonid Volodymyrovyč	M	1947	
ParlaMint-UA-en_2013-11-05-m1	ParlaMint-UA_2013-11-05-m1.u17	Ukrainian parliamentary corpus ParlaMint-UA-en, term 7, session 3, sitting day 2013-11-05, n1	2013-11-05	Unicameralism	7	3	-	2013-11-05	-	Reference	English	Chairperson	MP	notMinister	PR	Party of Regions	-	Centre	ВолодимирВасильовичРибак.1946	Rybak, Volodymyr Vasyl'ovyč	M	1946	
ParlaMint-UA-en_2013-11-05-m1	ParlaMint-UA_2013-11-05-m1.u18	Ukrainian parliamentary corpus ParlaMint-UA-en, term 7, session 3, sitting day 2013-11-05, n1	2013-11-05	Unicameralism	7	3	-	2013-11-05	-	Reference	English	Regular	MP	notMinister	frUDAR	Ukrainian Democratic Alliance for Reform (UDAR) Faction	Opposition	Centre	ПавлоВалерійовичРозенко.1970	Rozenko, Pavlo Valerijovyč	M	1970	
ParlaMint-UA-en_2013-11-05-m1	ParlaMint-UA_2013-11-05-m1.u19	Ukrainian parliamentary corpus ParlaMint-UA-en, term 7, session 3, sitting day 2013-11-05, n1	2013-11-05	Unicameralism	7	3	-	2013-11-05	-	Reference	English	Chairperson	MP	notMinister	PR	Party of Regions	-	Centre	ВолодимирВасильовичРибак.1946	Rybak, Volodymyr Vasyl'ovyč	M	1946	
ParlaMint-UA-en_2013-11-05-m1	ParlaMint-UA_2013-11-05-m1.u20	Ukrainian parliamentary corpus ParlaMint-UA-en, term 7, session 3, sitting day 2013-11-05, n1	2013-11-05	Unicameralism	7	3	-	2013-11-05	-	Reference	English	Regular	MP	notMinister	frSvoboda	All-Ukrainian Union "Freedom" (Svoboda) Faction	Opposition	Right to far-right	ІгорМихайловичМірошниченко.1976	Mirošnyčenko, Ihor Mychajlovyč	M	1976	
ParlaMint-UA-en_2013-11-05-m1	ParlaMint-UA_2013-11-05-m1.u21	Ukrainian parliamentary corpus ParlaMint-UA-en, term 7, session 3, sitting day 2013-11-05, n1	2013-11-05	Unicameralism	7	3	-	2013-11-05	-	Reference	English	Chairperson	MP	notMinister	PR	Party of Regions	-	Centre	ВолодимирВасильовичРибак.1946	Rybak, Volodymyr Vasyl'ovyč	M	1946	
ParlaMint-UA-en_2013-11-05-m1	ParlaMint-UA_2013-11-05-m1.u22	Ukrainian parliamentary corpus ParlaMint-UA-en, term 7, session 3, sitting day 2013-11-05, n1	2013-11-05	Unicameralism	7	3	-	2013-11-05	-	Reference	English	Regular	MP	notMinister	frSvoboda	All-Ukrainian Union "Freedom" (Svoboda) Faction	Opposition	Right to far-right	ОлександрБорисовичМирний.1961	Myrnyj, Oleksandr Borysovyč	M	1961	
ParlaMint-UA-en_2013-11-05-m1	ParlaMint-UA_2013-11-05-m1.u23	Ukrainian parliamentary corpus ParlaMint-UA-en, term 7, session 3, sitting day 2013-11-05, n1	2013-11-05	Unicameralism	7	3	-	2013-11-05	-	Reference	English	Chairperson	MP	notMinister	PR	Party of Regions	-	Centre	ВолодимирВасильовичРибак.1946	Rybak, Volodymyr Vasyl'ovyč	M	1946	
ParlaMint-UA-en_2013-11-05-m1	ParlaMint-UA_2013-11-05-m1.u24	Ukrainian parliamentary corpus ParlaMint-UA-en, term 7, session 3, sitting day 2013-11-05, n1	2013-11-05	Unicameralism	7	3	-	2013-11-05	-	Reference	English	Regular	MP	notMinister	frCPU	Communist Party Faction	Coalition	Far-left	ВолодимирІларіоновичКудря.1948	Kudrja, Volodymyr Ilarionovyč	M	1948	
ParlaMint-UA-en_2013-11-05-m1	ParlaMint-UA_2013-11-05-m1.u25	Ukrainian parliamentary corpus ParlaMint-UA-en, term 7, session 3, sitting day 2013-11-05, n1	2013-11-05	Unicameralism	7	3	-	2013-11-05	-	Reference	English	Chairperson	MP	notMinister	PR	Party of Regions	-	Centre	ВолодимирВасильовичРибак.1946	Rybak, Volodymyr Vasyl'ovyč	M	1946	
ParlaMint-UA-en_2013-11-05-m1	ParlaMint-UA_2013-11-05-m1.u26	Ukrainian parliamentary corpus ParlaMint-UA-en, term 7, session 3, sitting day 2013-11-05, n1	2013-11-05	Unicameralism	7	3	-	2013-11-05	-	Reference	English	Regular	MP	notMinister	frCPU	Communist Party Faction	Coalition	Far-left	ЄвгенВасильовичМармазов.1938	Marmazov, Jevhen Vasyl'ovyč	M	1938	
ParlaMint-UA-en_2013-11-05-m1	ParlaMint-UA_2013-11-05-m1.u27	Ukrainian parliamentary corpus ParlaMint-UA-en, term 7, session 3, sitting day 2013-11-05, n1	2013-11-05	Unicameralism	7	3	-	2013-11-05	-	Reference	English	Chairperson	MP	notMinister	PR	Party of Regions	-	Centre	ВолодимирВасильовичРибак.1946	Rybak, Volodymyr Vasyl'ovyč	M	1946	
ParlaMint-UA-en_2013-11-05-m1	ParlaMint-UA_2013-11-05-m1.u28	Ukrainian parliamentary corpus ParlaMint-UA-en, term 7, session 3, sitting day 2013-11-05, n1	2013-11-05	Unicameralism	7	3	-	2013-11-05	-	Reference	English	Regular	MP	notMinister	frBatkivshchyna	All-Ukrainian Union "Fatherland" Faction	Opposition	Centre	АндрійВолодимировичІванчук.1973	Ivančuk, Andrij Volodymyrovyč	M	1973	
ParlaMint-UA-en_2013-11-05-m1	ParlaMint-UA_2013-11-05-m1.u29	Ukrainian parliamentary corpus ParlaMint-UA-en, term 7, session 3, sitting day 2013-11-05, n1	2013-11-05	Unicameralism	7	3	-	2013-11-05	-	Reference	English	Chairperson	MP	notMinister	PR	Party of Regions	-	Centre	ВолодимирВасильовичРибак.1946	Rybak, Volodymyr Vasyl'ovyč	M	1946	
ParlaMint-UA-en_2013-11-05-m1	ParlaMint-UA_2013-11-05-m1.u30	Ukrainian parliamentary corpus ParlaMint-UA-en, term 7, session 3, sitting day 2013-11-05, n1	2013-11-05	Unicameralism	7	3	-	2013-11-05	-	Reference	English	Regular	MP	notMinister	frPR	Party of Regions Faction	Coalition	Centre	СергійМиколайовичГлазунов.1958	Hlazunov, Serhij Mykolajovyč	M	1958	
ParlaMint-UA-en_2013-11-05-m1	ParlaMint-UA_2013-11-05-m1.u31	Ukrainian parliamentary corpus ParlaMint-UA-en, term 7, session 3, sitting day 2013-11-05, n1	2013-11-05	Unicameralism	7	3	-	2013-11-05	-	Reference	English	Chairperson	MP	notMinister	PR	Party of Regions	-	Centre	ВолодимирВасильовичРибак.1946	Rybak, Volodymyr Vasyl'ovyč	M	1946	
ParlaMint-UA-en_2013-11-05-m1	ParlaMint-UA_2013-11-05-m1.u32	Ukrainian parliamentary corpus ParlaMint-UA-en, term 7, session 3, sitting day 2013-11-05, n1	2013-11-05	Unicameralism	7	3	-	2013-11-05	-	Reference	English	Regular	MP	notMinister	frPR	Party of Regions Faction	Coalition	Centre	ОлександрІвановичМомот.1956	Momot, Oleksandr Ivanovyč	M	1956	
ParlaMint-UA-en_2013-11-05-m1	ParlaMint-UA_2013-11-05-m1.u33	Ukrainian parliamentary corpus ParlaMint-UA-en, term 7, session 3, sitting day 2013-11-05, n1	2013-11-05	Unicameralism	7	3	-	2013-11-05	-	Reference	English	Chairperson	MP	notMinister	PR	Party of Regions	-	Centre	ВолодимирВасильовичРибак.1946	Rybak, Volodymyr Vasyl'ovyč	M	1946	
ParlaMint-UA-en_2013-11-05-m1	ParlaMint-UA_2013-11-05-m1.u34	Ukrainian parliamentary corpus ParlaMint-UA-en, term 7, session 3, sitting day 2013-11-05, n1	2013-11-05	Unicameralism	7	3	-	2013-11-05	-	Reference	English	Regular	MP	notMinister	frBatkivshchyna	All-Ukrainian Union "Fatherland" Faction	Opposition	Centre	РоманРомановичІлик.1963	Ilyk, Roman Romanovyč	M	1963	
ParlaMint-UA-en_2013-11-05-m1	ParlaMint-UA_2013-11-05-m1.u35	Ukrainian parliamentary corpus ParlaMint-UA-en, term 7, session 3, sitting day 2013-11-05, n1	2013-11-05	Unicameralism	7	3	-	2013-11-05	-	Reference	English	Chairperson	MP	notMinister	PR	Party of Regions	-	Centre	ВолодимирВасильовичРибак.1946	Rybak, Volodymyr Vasyl'ovyč	M	1946	
ParlaMint-UA-en_2013-11-05-m1	ParlaMint-UA_2013-11-05-m1.u36	Ukrainian parliamentary corpus ParlaMint-UA-en, term 7, session 3, sitting day 2013-11-05, n1	2013-11-05	Unicameralism	7	3	-	2013-11-05	-	Reference	English	Regular	MP	notMinister	frBatkivshchyna	All-Ukrainian Union "Fatherland" Faction	Opposition	Centre	МиколаДмитровичКатеринчук.1967	Katerynčuk, Mykola Dmytrovyč	M	1967	
ParlaMint-UA-en_2013-11-05-m1	ParlaMint-UA_2013-11-05-m1.u37	Ukrainian parliamentary corpus ParlaMint-UA-en, term 7, session 3, sitting day 2013-11-05, n1	2013-11-05	Unicameralism	7	3	-	2013-11-05	-	Reference	English	Chairperson	MP	notMinister	PR	Party of Regions	-	Centre	ВолодимирВасильовичРибак.1946	Rybak, Volodymyr Vasyl'ovyč	M	1946	
ParlaMint-UA-en_2013-11-05-m1	ParlaMint-UA_2013-11-05-m1.u38	Ukrainian parliamentary corpus ParlaMint-UA-en, term 7, session 3, sitting day 2013-11-05, n1	2013-11-05	Unicameralism	7	3	-	2013-11-05	-	Reference	English	Regular	MP	notMinister	frSvoboda	All-Ukrainian Union "Freedom" (Svoboda) Faction	Opposition	Right to far-right	ЕдуардВолодимировичЛеонов.1974	Leonov, Eduard Volodymyrovyč	M	1974	
ParlaMint-UA-en_2013-11-05-m1	ParlaMint-UA_2013-11-05-m1.u39	Ukrainian parliamentary corpus ParlaMint-UA-en, term 7, session 3, sitting day 2013-11-05, n1	2013-11-05	Unicameralism	7	3	-	2013-11-05	-	Reference	English	Chairperson	MP	notMinister	PR	Party of Regions	-	Centre	ВолодимирВасильовичРибак.1946	Rybak, Volodymyr Vasyl'ovyč	M	1946	
ParlaMint-UA-en_2013-11-05-m1	ParlaMint-UA_2013-11-05-m1.u40	Ukrainian parliamentary corpus ParlaMint-UA-en, term 7, session 3, sitting day 2013-11-05, n1	2013-11-05	Unicameralism	7	3	-	2013-11-05	-	Reference	English	Regular	MP	notMinister	frSvoboda	All-Ukrainian Union "Freedom" (Svoboda) Faction	Opposition	Right to far-right	РусланРомановичМарцінків.1979	Marcinkiv, Ruslan Romanovyč	M	1979	
ParlaMint-UA-en_2013-11-05-m1	ParlaMint-UA_2013-11-05-m1.u41	Ukrainian parliamentary corpus ParlaMint-UA-en, term 7, session 3, sitting day 2013-11-05, n1	2013-11-05	Unicameralism	7	3	-	2013-11-05	-	Reference	English	Chairperson	MP	notMinister	PR	Party of Regions	-	Centre	ВолодимирВасильовичРибак.1946	Rybak, Volodymyr Vasyl'ovyč	M	1946	
ParlaMint-UA-en_2013-11-05-m1	ParlaMint-UA_2013-11-05-m1.u42	Ukrainian parliamentary corpus ParlaMint-UA-en, term 7, session 3, sitting day 2013-11-05, n1	2013-11-05	Unicameralism	7	3	-	2013-11-05	-	Reference	English	Regular	MP	notMinister	frUDAR	Ukrainian Democratic Alliance for Reform (UDAR) Faction	Opposition	Centre	СергійМиколайовичКаплін.1979	Kaplin, Serhij Mykolajovyč	M	1979	
ParlaMint-UA-en_2013-11-05-m1	ParlaMint-UA_2013-11-05-m1.u43	Ukrainian parliamentary corpus ParlaMint-UA-en, term 7, session 3, sitting day 2013-11-05, n1	2013-11-05	Unicameralism	7	3	-	2013-11-05	-	Reference	English	Chairperson	MP	notMinister	PR	Party of Regions	-	Centre	ВолодимирВасильовичРибак.1946	Rybak, Volodymyr Vasyl'ovyč	M	1946	
ParlaMint-UA-en_2013-11-05-m1	ParlaMint-UA_2013-11-05-m1.u44	Ukrainian parliamentary corpus ParlaMint-UA-en, term 7, session 3, sitting day 2013-11-05, n1	2013-11-05	Unicameralism	7	3	-	2013-11-05	-	Reference	English	Regular	MP	notMinister	frCPU	Communist Party Faction	Coalition	Far-left	ЛарисаМакарівнаБайдюк.1951	Bajdjuk, Larysa Makarivna	F	1951	
ParlaMint-UA-en_2013-11-05-m1	ParlaMint-UA_2013-11-05-m1.u45	Ukrainian parliamentary corpus ParlaMint-UA-en, term 7, session 3, sitting day 2013-11-05, n1	2013-11-05	Unicameralism	7	3	-	2013-11-05	-	Reference	English	Chairperson	MP	notMinister	PR	Party of Regions	-	Centre	ВолодимирВасильовичРибак.1946	Rybak, Volodymyr Vasyl'ovyč	M	1946	
ParlaMint-UA-en_2013-11-05-m1	ParlaMint-UA_2013-11-05-m1.u46	Ukrainian parliamentary corpus ParlaMint-UA-en, term 7, session 3, sitting day 2013-11-05, n1	2013-11-05	Unicameralism	7	3	-	2013-11-05	-	Reference	English	Regular	MP	notMinister	frCPU	Communist Party Faction	Coalition	Far-left	СпірідонПавловичКілінкаров.1968	Kilinkarov, Spiridon Pavlovyč	M	1968	
ParlaMint-UA-en_2013-11-05-m1	ParlaMint-UA_2013-11-05-m1.u47	Ukrainian parliamentary corpus ParlaMint-UA-en, term 7, session 3, sitting day 2013-11-05, n1	2013-11-05	Unicameralism	7	3	-	2013-11-05	-	Reference	English	Chairperson	MP	notMinister	PR	Party of Regions	-	Centre	ВолодимирВасильовичРибак.1946	Rybak, Volodymyr Vasyl'ovyč	M	1946	
ParlaMint-UA-en_2013-11-05-m1	ParlaMint-UA_2013-11-05-m1.u48	Ukrainian parliamentary corpus ParlaMint-UA-en, term 7, session 3, sitting day 2013-11-05, n1	2013-11-05	Unicameralism	7	3	-	2013-11-05	-	Reference	English	Regular	MP	notMinister	frPR	Party of Regions Faction	Coalition	Centre	ВікторВолодимировичБутківський.1959	Butkivs'kyj, Viktor Volodymyrovyč	M	1959	
ParlaMint-UA-en_2013-11-05-m1	ParlaMint-UA_2013-11-05-m1.u49	Ukrainian parliamentary corpus ParlaMint-UA-en, term 7, session 3, sitting day 2013-11-05, n1	2013-11-05	Unicameralism	7	3	-	2013-11-05	-	Reference	English	Chairperson	MP	notMinister	PR	Party of Regions	-	Centre	ВолодимирВасильовичРибак.1946	Rybak, Volodymyr Vasyl'ovyč	M	1946	
ParlaMint-UA-en_2013-11-05-m1	ParlaMint-UA_2013-11-05-m1.u50	Ukrainian parliamentary corpus ParlaMint-UA-en, term 7, session 3, sitting day 2013-11-05, n1	2013-11-05	Unicameralism	7	3	-	2013-11-05	-	Reference	English	Regular	MP	notMinister	frSvoboda	All-Ukrainian Union "Freedom" (Svoboda) Faction	Opposition	Right to far-right	ОлександрБорисовичМирний.1961	Myrnyj, Oleksandr Borysovyč	M	1961	
ParlaMint-UA-en_2013-11-05-m1	ParlaMint-UA_2013-11-05-m1.u51	Ukrainian parliamentary corpus ParlaMint-UA-en, term 7, session 3, sitting day 2013-11-05, n1	2013-11-05	Unicameralism	7	3	-	2013-11-05	-	Reference	English	Chairperson	MP	notMinister	PR	Party of Regions	-	Centre	ВолодимирВасильовичРибак.1946	Rybak, Volodymyr Vasyl'ovyč	M	1946	
ParlaMint-UA-en_2013-11-05-m1	ParlaMint-UA_2013-11-05-m1.u52	Ukrainian parliamentary corpus ParlaMint-UA-en, term 7, session 3, sitting day 2013-11-05, n1	2013-11-05	Unicameralism	7	3	-	2013-11-05	-	Reference	English	Regular	MP	notMinister	frPR	Party of Regions Faction	Coalition	Centre	ЯрославМихайловичСухий.1951	Suchyj, Jaroslav Mychajlovyč	M	1951	
ParlaMint-UA-en_2013-11-05-m1	ParlaMint-UA_2013-11-05-m1.u53	Ukrainian parliamentary corpus ParlaMint-UA-en, term 7, session 3, sitting day 2013-11-05, n1	2013-11-05	Unicameralism	7	3	-	2013-11-05	-	Reference	English	Chairperson	MP	notMinister	PR	Party of Regions	-	Centre	ВолодимирВасильовичРибак.1946	Rybak, Volodymyr Vasyl'ovyč	M	1946	
ParlaMint-UA-en_2013-11-05-m1	ParlaMint-UA_2013-11-05-m1.u54	Ukrainian parliamentary corpus ParlaMint-UA-en, term 7, session 3, sitting day 2013-11-05, n1	2013-11-05	Unicameralism	7	3	-	2013-11-05	-	Reference	English	Regular	MP	notMinister	frSvoboda	All-Ukrainian Union "Freedom" (Svoboda) Faction	Opposition	Right to far-right	ІринаІгорівнаСех.1970	Sech, Iryna Ihorivna	F	1970	
ParlaMint-UA-en_2013-11-05-m1	ParlaMint-UA_2013-11-05-m1.u55	Ukrainian parliamentary corpus ParlaMint-UA-en, term 7, session 3, sitting day 2013-11-05, n1	2013-11-05	Unicameralism	7	3	-	2013-11-05	-	Reference	English	Chairperson	MP	notMinister	PR	Party of Regions	-	Centre	ВолодимирВасильовичРибак.1946	Rybak, Volodymyr Vasyl'ovyč	M	1946	
ParlaMint-UA-en_2013-11-05-m1	ParlaMint-UA_2013-11-05-m1.u56	Ukrainian parliamentary corpus ParlaMint-UA-en, term 7, session 3, sitting day 2013-11-05, n1	2013-11-05	Unicameralism	7	3	-	2013-11-05	-	Reference	English	Regular	MP	notMinister	frSvoboda	All-Ukrainian Union "Freedom" (Svoboda) Faction	Opposition	Right to far-right	ОлександрБорисовичМирний.1961	Myrnyj, Oleksandr Borysovyč	M	1961	
ParlaMint-UA-en_2013-11-05-m1	ParlaMint-UA_2013-11-05-m1.u57	Ukrainian parliamentary corpus ParlaMint-UA-en, term 7, session 3, sitting day 2013-11-05, n1	2013-11-05	Unicameralism	7	3	-	2013-11-05	-	Reference	English	Chairperson	MP	notMinister	PR	Party of Regions	-	Centre	ВолодимирВасильовичРибак.1946	Rybak, Volodymyr Vasyl'ovyč	M	1946	
ParlaMint-UA-en_2013-11-05-m1	ParlaMint-UA_2013-11-05-m1.u58	Ukrainian parliamentary corpus ParlaMint-UA-en, term 7, session 3, sitting day 2013-11-05, n1	2013-11-05	Unicameralism	7	3	-	2013-11-05	-	Reference	English	Regular	MP	notMinister	frBatkivshchyna	All-Ukrainian Union "Fatherland" Faction	Opposition	Centre	ВолодимирОлександровичЯворівський.1942	Javorivs'kyj, Volodymyr Oleksandrovyč	M	1942	
ParlaMint-UA-en_2013-11-05-m1	ParlaMint-UA_2013-11-05-m1.u59	Ukrainian parliamentary corpus ParlaMint-UA-en, term 7, session 3, sitting day 2013-11-05, n1	2013-11-05	Unicameralism	7	3	-	2013-11-05	-	Reference	English	Chairperson	MP	notMinister	PR	Party of Regions	-	Centre	ВолодимирВасильовичРибак.1946	Rybak, Volodymyr Vasyl'ovyč	M	1946	
ParlaMint-UA-en_2013-11-05-m1	ParlaMint-UA_2013-11-05-m1.u60	Ukrainian parliamentary corpus ParlaMint-UA-en, term 7, session 3, sitting day 2013-11-05, n1	2013-11-05	Unicameralism	7	3	-	2013-11-05	-	Reference	English	Regular	MP	notMinister	frBatkivshchyna	All-Ukrainian Union "Fatherland" Faction	Opposition	Centre	ЮрійВіталійовичОдарченко.1960	Odarčenko, Jurij Vitalijovyč	M	1960	
ParlaMint-UA-en_2013-11-05-m1	ParlaMint-UA_2013-11-05-m1.u61	Ukrainian parliamentary corpus ParlaMint-UA-en, term 7, session 3, sitting day 2013-11-05, n1	2013-11-05	Unicameralism	7	3	-	2013-11-05	-	Reference	English	Chairperson	MP	notMinister	PR	Party of Regions	-	Centre	ВолодимирВасильовичРибак.1946	Rybak, Volodymyr Vasyl'ovyč	M	1946	
ParlaMint-UA-en_2013-11-05-m1	ParlaMint-UA_2013-11-05-m1.u62	Ukrainian parliamentary corpus ParlaMint-UA-en, term 7, session 3, sitting day 2013-11-05, n1	2013-11-05	Unicameralism	7	3	-	2013-11-05	-	Reference	English	Regular	MP	notMinister	frPR	Party of Regions Faction	Coalition	Centre	МихайлоВасильовичЧечетов.1953	Čečetov, Mychajlo Vasyl'ovyč	M	1953	
ParlaMint-UA-en_2013-11-05-m1	ParlaMint-UA_2013-11-05-m1.u63	Ukrainian parliamentary corpus ParlaMint-UA-en, term 7, session 3, sitting day 2013-11-05, n1	2013-11-05	Unicameralism	7	3	-	2013-11-05	-	Reference	English	Chairperson	MP	notMinister	PR	Party of Regions	-	Centre	ВолодимирВасильовичРибак.1946	Rybak, Volodymyr Vasyl'ovyč	M	1946	
ParlaMint-UA-en_2013-11-05-m1	ParlaMint-UA_2013-11-05-m1.u64	Ukrainian parliamentary corpus ParlaMint-UA-en, term 7, session 3, sitting day 2013-11-05, n1	2013-11-05	Unicameralism	7	3	-	2013-11-05	-	Reference	English	Regular	MP	notMinister	frSvoboda	All-Ukrainian Union "Freedom" (Svoboda) Faction	Opposition	Right to far-right	ЮрійМиколайовичСиротюк.1976	Syrotjuk, Jurij Mykolajovyč	M	1976	
ParlaMint-UA-en_2013-11-05-m1	ParlaMint-UA_2013-11-05-m1.u65	Ukrainian parliamentary corpus ParlaMint-UA-en, term 7, session 3, sitting day 2013-11-05, n1	2013-11-05	Unicameralism	7	3	-	2013-11-05	-	Reference	English	Chairperson	MP	notMinister	PR	Party of Regions	-	Centre	ВолодимирВасильовичРибак.1946	Rybak, Volodymyr Vasyl'ovyč	M	1946	
ParlaMint-UA-en_2013-11-05-m1	ParlaMint-UA_2013-11-05-m1.u66	Ukrainian parliamentary corpus ParlaMint-UA-en, term 7, session 3, sitting day 2013-11-05, n1	2013-11-05	Unicameralism	7	3	-	2013-11-05	-	Reference	English	Regular	MP	notMinister	frSvoboda	All-Ukrainian Union "Freedom" (Svoboda) Faction	Opposition	Right to far-right	РусланРомановичМарцінків.1979	Marcinkiv, Ruslan Romanovyč	M	1979	
ParlaMint-UA-en_2013-11-05-m1	ParlaMint-UA_2013-11-05-m1.u67	Ukrainian parliamentary corpus ParlaMint-UA-en, term 7, session 3, sitting day 2013-11-05, n1	2013-11-05	Unicameralism	7	3	-	2013-11-05	-	Reference	English	Chairperson	MP	notMinister	PR	Party of Regions	-	Centre	ВолодимирВасильовичРибак.1946	Rybak, Volodymyr Vasyl'ovyč	M	1946	
ParlaMint-UA-en_2013-11-05-m1	ParlaMint-UA_2013-11-05-m1.u68	Ukrainian parliamentary corpus ParlaMint-UA-en, term 7, session 3, sitting day 2013-11-05, n1	2013-11-05	Unicameralism	7	3	-	2013-11-05	-	Reference	English	Regular	MP	notMinister	frSvoboda	All-Ukrainian Union "Freedom" (Svoboda) Faction	Opposition	Right to far-right	ІринаІгорівнаСех.1970	Sech, Iryna Ihorivna	F	1970	
ParlaMint-UA-en_2013-11-05-m1	ParlaMint-UA_2013-11-05-m1.u69	Ukrainian parliamentary corpus ParlaMint-UA-en, term 7, session 3, sitting day 2013-11-05, n1	2013-11-05	Unicameralism	7	3	-	2013-11-05	-	Reference	English	Chairperson	MP	notMinister	PR	Party of Regions	-	Centre	ВолодимирВасильовичРибак.1946	Rybak, Volodymyr Vasyl'ovyč	M	1946	
ParlaMint-UA-en_2013-11-05-m1	ParlaMint-UA_2013-11-05-m1.u70	Ukrainian parliamentary corpus ParlaMint-UA-en, term 7, session 3, sitting day 2013-11-05, n1	2013-11-05	Unicameralism	7	3	-	2013-11-05	-	Reference	English	Regular	MP	notMinister	frPR	Party of Regions Faction	Coalition	Centre	ВікторІвановичТурманов.1945	Turmanov, Viktor Ivanovyč	M	1945	
ParlaMint-UA-en_2013-11-05-m1	ParlaMint-UA_2013-11-05-m1.u71	Ukrainian parliamentary corpus ParlaMint-UA-en, term 7, session 3, sitting day 2013-11-05, n1	2013-11-05	Unicameralism	7	3	-	2013-11-05	-	Reference	English	Chairperson	MP	notMinister	PR	Party of Regions	-	Centre	ВолодимирВасильовичРибак.1946	Rybak, Volodymyr Vasyl'ovyč	M	1946	
ParlaMint-UA-en_2013-11-05-m1	ParlaMint-UA_2013-11-05-m1.u72	Ukrainian parliamentary corpus ParlaMint-UA-en, term 7, session 3, sitting day 2013-11-05, n1	2013-11-05	Unicameralism	7	3	-	2013-11-05	-	Reference	English	Regular	MP	notMinister	frUDAR	Ukrainian Democratic Alliance for Reform (UDAR) Faction	Opposition	Centre	ОлександрБорисовичМочков.1981	Močkov, Oleksandr Borysovyč	M	1981	
ParlaMint-UA-en_2013-11-05-m1	ParlaMint-UA_2013-11-05-m1.u73	Ukrainian parliamentary corpus ParlaMint-UA-en, term 7, session 3, sitting day 2013-11-05, n1	2013-11-05	Unicameralism	7	3	-	2013-11-05	-	Reference	English	Chairperson	MP	notMinister	PR	Party of Regions	-	Centre	ВолодимирВасильовичРибак.1946	Rybak, Volodymyr Vasyl'ovyč	M	1946	
ParlaMint-UA-en_2013-11-05-m1	ParlaMint-UA_2013-11-05-m1.u74	Ukrainian parliamentary corpus ParlaMint-UA-en, term 7, session 3, sitting day 2013-11-05, n1	2013-11-05	Unicameralism	7	3	-	2013-11-05	-	Reference	English	Regular	MP	notMinister	frSvoboda	All-Ukrainian Union "Freedom" (Svoboda) Faction	Opposition	Right to far-right	ОлександрБорисовичМирний.1961	Myrnyj, Oleksandr Borysovyč	M	1961	
ParlaMint-UA-en_2013-11-05-m1	ParlaMint-UA_2013-11-05-m1.u75	Ukrainian parliamentary corpus ParlaMint-UA-en, term 7, session 3, sitting day 2013-11-05, n1	2013-11-05	Unicameralism	7	3	-	2013-11-05	-	Reference	English	Chairperson	MP	notMinister	PR	Party of Regions	-	Centre	ВолодимирВасильовичРибак.1946	Rybak, Volodymyr Vasyl'ovyč	M	1946	
ParlaMint-UA-en_2013-11-05-m1	ParlaMint-UA_2013-11-05-m1.u76	Ukrainian parliamentary corpus ParlaMint-UA-en, term 7, session 3, sitting day 2013-11-05, n1	2013-11-05	Unicameralism	7	3	-	2013-11-05	-	Reference	English	Regular	MP	notMinister	frBatkivshchyna	All-Ukrainian Union "Fatherland" Faction	Opposition	Centre	ВолодимирОлександровичЯворівський.1942	Javorivs'kyj, Volodymyr Oleksandrovyč	M	1942	
ParlaMint-UA-en_2013-11-05-m1	ParlaMint-UA_2013-11-05-m1.u77	Ukrainian parliamentary corpus ParlaMint-UA-en, term 7, session 3, sitting day 2013-11-05, n1	2013-11-05	Unicameralism	7	3	-	2013-11-05	-	Reference	English	Chairperson	MP	notMinister	PR	Party of Regions	-	Centre	ВолодимирВасильовичРибак.1946	Rybak, Volodymyr Vasyl'ovyč	M	1946	
ParlaMint-UA-en_2013-11-05-m1	ParlaMint-UA_2013-11-05-m1.u78	Ukrainian parliamentary corpus ParlaMint-UA-en, term 7, session 3, sitting day 2013-11-05, n1	2013-11-05	Unicameralism	7	3	-	2013-11-05	-	Reference	English	Regular	MP	notMinister	frBatkivshchyna	All-Ukrainian Union "Fatherland" Faction	Opposition	Centre	ВолодимирОлександровичЯворівський.1942	Javorivs'kyj, Volodymyr Oleksandrovyč	M	1942	
ParlaMint-UA-en_2013-11-05-m1	ParlaMint-UA_2013-11-05-m1.u79	Ukrainian parliamentary corpus ParlaMint-UA-en, term 7, session 3, sitting day 2013-11-05, n1	2013-11-05	Unicameralism	7	3	-	2013-11-05	-	Reference	English	Chairperson	MP	notMinister	PR	Party of Regions	-	Centre	ВолодимирВасильовичРибак.1946	Rybak, Volodymyr Vasyl'ovyč	M	1946	
ParlaMint-UA-en_2013-11-05-m1	ParlaMint-UA_2013-11-05-m1.u80	Ukrainian parliamentary corpus ParlaMint-UA-en, term 7, session 3, sitting day 2013-11-05, n1	2013-11-05	Unicameralism	7	3	-	2013-11-05	-	Reference	English	Regular	MP	notMinister	frCPU	Communist Party Faction	Coalition	Far-left	СергійВолодимировичГордієнко.1957	Hordijenko, Serhij Volodymyrovyč	M	1957	
ParlaMint-UA-en_2013-11-05-m1	ParlaMint-UA_2013-11-05-m1.u81	Ukrainian parliamentary corpus ParlaMint-UA-en, term 7, session 3, sitting day 2013-11-05, n1	2013-11-05	Unicameralism	7	3	-	2013-11-05	-	Reference	English	Chairperson	MP	notMinister	PR	Party of Regions	-	Centre	ВолодимирВасильовичРибак.1946	Rybak, Volodymyr Vasyl'ovyč	M	1946	
ParlaMint-UA-en_2013-11-05-m1	ParlaMint-UA_2013-11-05-m1.u82	Ukrainian parliamentary corpus ParlaMint-UA-en, term 7, session 3, sitting day 2013-11-05, n1	2013-11-05	Unicameralism	7	3	-	2013-11-05	-	Reference	English	Regular	MP	notMinister	frCPU	Communist Party Faction	Coalition	Far-left	СергійВолодимировичГордієнко.1957	Hordijenko, Serhij Volodymyrovyč	M	1957	
ParlaMint-UA-en_2013-11-05-m1	ParlaMint-UA_2013-11-05-m1.u83	Ukrainian parliamentary corpus ParlaMint-UA-en, term 7, session 3, sitting day 2013-11-05, n1	2013-11-05	Unicameralism	7	3	-	2013-11-05	-	Reference	English	Chairperson	MP	notMinister	PR	Party of Regions	-	Centre	ВолодимирВасильовичРибак.1946	Rybak, Volodymyr Vasyl'ovyč	M	1946	
ParlaMint-UA-en_2013-11-05-m1	ParlaMint-UA_2013-11-05-m1.u84	Ukrainian parliamentary corpus ParlaMint-UA-en, term 7, session 3, sitting day 2013-11-05, n1	2013-11-05	Unicameralism	7	3	-	2013-11-05	-	Reference	English	Regular	MP	notMinister	frPR	Party of Regions Faction	Coalition	Centre	АнатолійДмитровичГончаров.1949	Hončarov, Anatolij Dmytrovyč	M	1949	
ParlaMint-UA-en_2013-11-05-m1	ParlaMint-UA_2013-11-05-m1.u85	Ukrainian parliamentary corpus ParlaMint-UA-en, term 7, session 3, sitting day 2013-11-05, n1	2013-11-05	Unicameralism	7	3	-	2013-11-05	-	Reference	English	Chairperson	MP	notMinister	PR	Party of Regions	-	Centre	ВолодимирВасильовичРибак.1946	Rybak, Volodymyr Vasyl'ovyč	M	1946	
ParlaMint-UA-en_2013-11-05-m1	ParlaMint-UA_2013-11-05-m1.u86	Ukrainian parliamentary corpus ParlaMint-UA-en, term 7, session 3, sitting day 2013-11-05, n1	2013-11-05	Unicameralism	7	3	-	2013-11-05	-	Reference	English	Regular	notMP	Minister	Batkivshchyna;PR	All-Ukrainian Union "Fatherland" (Batkivshchyna);Party of Regions	-	Centre	ПавлоВалентиновичЛебедєв.1962	Lebedjev, Pavlo Valentynovyč	M	1962	
ParlaMint-UA-en_2013-11-05-m1	ParlaMint-UA_2013-11-05-m1.u87	Ukrainian parliamentary corpus ParlaMint-UA-en, term 7, session 3, sitting day 2013-11-05, n1	2013-11-05	Unicameralism	7	3	-	2013-11-05	-	Reference	English	Chairperson	MP	notMinister	PR	Party of Regions	-	Centre	ВолодимирВасильовичРибак.1946	Rybak, Volodymyr Vasyl'ovyč	M	1946	
ParlaMint-UA-en_2013-11-05-m1	ParlaMint-UA_2013-11-05-m1.u88	Ukrainian parliamentary corpus ParlaMint-UA-en, term 7, session 3, sitting day 2013-11-05, n1	2013-11-05	Unicameralism	7	3	-	2013-11-05	-	Reference	English	Regular	notMP	Minister	Batkivshchyna;PR	All-Ukrainian Union "Fatherland" (Batkivshchyna);Party of Regions	-	Centre	ПавлоВалентиновичЛебедєв.1962	Lebedjev, Pavlo Valentynovyč	M	1962	
ParlaMint-UA-en_2013-11-05-m1	ParlaMint-UA_2013-11-05-m1.u89	Ukrainian parliamentary corpus ParlaMint-UA-en, term 7, session 3, sitting day 2013-11-05, n1	2013-11-05	Unicameralism	7	3	-	2013-11-05	-	Reference	English	Chairperson	MP	notMinister	PR	Party of Regions	-	Centre	ВолодимирВасильовичРибак.1946	Rybak, Volodymyr Vasyl'ovyč	M	1946	
ParlaMint-UA-en_2013-11-05-m1	ParlaMint-UA_2013-11-05-m1.u90	Ukrainian parliamentary corpus ParlaMint-UA-en, term 7, session 3, sitting day 2013-11-05, n1	2013-11-05	Unicameralism	7	3	-	2013-11-05	-	Reference	English	Regular	MP	notMinister	frPR	Party of Regions Faction	Coalition	Centre	ЮрійРомановичМірошниченко.1970	Mirošnyčenko, Jurij Romanovyč	M	1970	
ParlaMint-UA-en_2013-11-05-m1	ParlaMint-UA_2013-11-05-m1.u91	Ukrainian parliamentary corpus ParlaMint-UA-en, term 7, session 3, sitting day 2013-11-05, n1	2013-11-05	Unicameralism	7	3	-	2013-11-05	-	Reference	English	Chairperson	MP	notMinister	PR	Party of Regions	-	Centre	ВолодимирВасильовичРибак.1946	Rybak, Volodymyr Vasyl'ovyč	M	1946	
ParlaMint-UA-en_2013-11-05-m1	ParlaMint-UA_2013-11-05-m1.u92	Ukrainian parliamentary corpus ParlaMint-UA-en, term 7, session 3, sitting day 2013-11-05, n1	2013-11-05	Unicameralism	7	3	-	2013-11-05	-	Reference	English	Regular	MP	notMinister	frCPU	Communist Party Faction	Coalition	Far-left	СпірідонПавловичКілінкаров.1968	Kilinkarov, Spiridon Pavlovyč	M	1968	
ParlaMint-UA-en_2013-11-05-m1	ParlaMint-UA_2013-11-05-m1.u93	Ukrainian parliamentary corpus ParlaMint-UA-en, term 7, session 3, sitting day 2013-11-05, n1	2013-11-05	Unicameralism	7	3	-	2013-11-05	-	Reference	English	Chairperson	MP	notMinister	PR	Party of Regions	-	Centre	ВолодимирВасильовичРибак.1946	Rybak, Volodymyr Vasyl'ovyč	M	1946	
ParlaMint-UA-en_2013-11-05-m1	ParlaMint-UA_2013-11-05-m1.u94	Ukrainian parliamentary corpus ParlaMint-UA-en, term 7, session 3, sitting day 2013-11-05, n1	2013-11-05	Unicameralism	7	3	-	2013-11-05	-	Reference	English	Regular	MP	notMinister	frCPU	Communist Party Faction	Coalition	Far-left	ІгорВікторовичАлексєєв.1960	Aleksjejev, Ihor Viktorovyč	M	1960	
ParlaMint-UA-en_2013-11-05-m1	ParlaMint-UA_2013-11-05-m1.u95	Ukrainian parliamentary corpus ParlaMint-UA-en, term 7, session 3, sitting day 2013-11-05, n1	2013-11-05	Unicameralism	7	3	-	2013-11-05	-	Reference	English	Chairperson	MP	notMinister	PR	Party of Regions	-	Centre	ВолодимирВасильовичРибак.1946	Rybak, Volodymyr Vasyl'ovyč	M	1946	
ParlaMint-UA-en_2013-11-05-m1	ParlaMint-UA_2013-11-05-m1.u96	Ukrainian parliamentary corpus ParlaMint-UA-en, term 7, session 3, sitting day 2013-11-05, n1	2013-11-05	Unicameralism	7	3	-	2013-11-05	-	Reference	English	Regular	MP	notMinister	frUDAR	Ukrainian Democratic Alliance for Reform (UDAR) Faction	Opposition	Centre	ВікторВасильовичЧумак.1958	Čumak, Viktor Vasyl'ovyč	M	1958	
ParlaMint-UA-en_2013-11-05-m1	ParlaMint-UA_2013-11-05-m1.u97	Ukrainian parliamentary corpus ParlaMint-UA-en, term 7, session 3, sitting day 2013-11-05, n1	2013-11-05	Unicameralism	7	3	-	2013-11-05	-	Reference	English	Chairperson	MP	notMinister	PR	Party of Regions	-	Centre	ВолодимирВасильовичРибак.1946	Rybak, Volodymyr Vasyl'ovyč	M	1946	
ParlaMint-UA-en_2013-11-05-m1	ParlaMint-UA_2013-11-05-m1.u98	Ukrainian parliamentary corpus ParlaMint-UA-en, term 7, session 3, sitting day 2013-11-05, n1	2013-11-05	Unicameralism	7	3	-	2013-11-05	-	Reference	English	Regular	MP	notMinister	frSvoboda	All-Ukrainian Union "Freedom" (Svoboda) Faction	Opposition	Right to far-right	ЕдуардВолодимировичЛеонов.1974	Leonov, Eduard Volodymyrovyč	M	1974	
ParlaMint-UA-en_2013-11-05-m1	ParlaMint-UA_2013-11-05-m1.u99	Ukrainian parliamentary corpus ParlaMint-UA-en, term 7, session 3, sitting day 2013-11-05, n1	2013-11-05	Unicameralism	7	3	-	2013-11-05	-	Reference	English	Chairperson	MP	notMinister	PR	Party of Regions	-	Centre	ВолодимирВасильовичРибак.1946	Rybak, Volodymyr Vasyl'ovyč	M	1946	
ParlaMint-UA-en_2013-11-05-m1	ParlaMint-UA_2013-11-05-m1.u100	Ukrainian parliamentary corpus ParlaMint-UA-en, term 7, session 3, sitting day 2013-11-05, n1	2013-11-05	Unicameralism	7	3	-	2013-11-05	-	Reference	English	Regular	MP	notMinister	frSvoboda	All-Ukrainian Union "Freedom" (Svoboda) Faction	Opposition	Right to far-right	ОлександрОксеньтійовичШевченко.1937	Ševčenko, Oleksandr Oksen'tijovyč	M	1937	
ParlaMint-UA-en_2013-11-05-m1	ParlaMint-UA_2013-11-05-m1.u101	Ukrainian parliamentary corpus ParlaMint-UA-en, term 7, session 3, sitting day 2013-11-05, n1	2013-11-05	Unicameralism	7	3	-	2013-11-05	-	Reference	English	Chairperson	MP	notMinister	PR	Party of Regions	-	Centre	ВолодимирВасильовичРибак.1946	Rybak, Volodymyr Vasyl'ovyč	M	1946	
ParlaMint-UA-en_2013-11-05-m1	ParlaMint-UA_2013-11-05-m1.u102	Ukrainian parliamentary corpus ParlaMint-UA-en, term 7, session 3, sitting day 2013-11-05, n1	2013-11-05	Unicameralism	7	3	-	2013-11-05	-	Reference	English	Regular	MP	notMinister	frBatkivshchyna	All-Ukrainian Union "Fatherland" Faction	Opposition	Centre	МиколаВолодимировичТоменко.1964	Tomenko, Mykola Volodymyrovyč	M	1964	
ParlaMint-UA-en_2013-11-05-m1	ParlaMint-UA_2013-11-05-m1.u103	Ukrainian parliamentary corpus ParlaMint-UA-en, term 7, session 3, sitting day 2013-11-05, n1	2013-11-05	Unicameralism	7	3	-	2013-11-05	-	Reference	English	Chairperson	MP	notMinister	PR	Party of Regions	-	Centre	ВолодимирВасильовичРибак.1946	Rybak, Volodymyr Vasyl'ovyč	M	1946	
ParlaMint-UA-en_2013-11-05-m1	ParlaMint-UA_2013-11-05-m1.u104	Ukrainian parliamentary corpus ParlaMint-UA-en, term 7, session 3, sitting day 2013-11-05, n1	2013-11-05	Unicameralism	7	3	-	2013-11-05	-	Reference	English	Regular	MP	notMinister	frPR	Party of Regions Faction	Coalition	Centre	ІванВасильовичПопеску.1964	Popesku, Ivan Vasyl'ovyč	M	1964	
ParlaMint-UA-en_2013-11-05-m1	ParlaMint-UA_2013-11-05-m1.u105	Ukrainian parliamentary corpus ParlaMint-UA-en, term 7, session 3, sitting day 2013-11-05, n1	2013-11-05	Unicameralism	7	3	-	2013-11-05	-	Reference	English	Chairperson	MP	notMinister	PR	Party of Regions	-	Centre	ВолодимирВасильовичРибак.1946	Rybak, Volodymyr Vasyl'ovyč	M	1946	
ParlaMint-UA-en_2013-11-05-m1	ParlaMint-UA_2013-11-05-m1.u106	Ukrainian parliamentary corpus ParlaMint-UA-en, term 7, session 3, sitting day 2013-11-05, n1	2013-11-05	Unicameralism	7	3	-	2013-11-05	-	Reference	English	Guest	notMP	notMinister	-	-	-	-	АнатолійАркадійовичМаксюта.1963	Maksjuta, Anatolij Arkadijovyč	M	1963	
ParlaMint-UA-en_2013-11-05-m1	ParlaMint-UA_2013-11-05-m1.u107	Ukrainian parliamentary corpus ParlaMint-UA-en, term 7, session 3, sitting day 2013-11-05, n1	2013-11-05	Unicameralism	7	3	-	2013-11-05	-	Reference	English	Chairperson	MP	notMinister	PR	Party of Regions	-	Centre	ВолодимирВасильовичРибак.1946	Rybak, Volodymyr Vasyl'ovyč	M	1946	
ParlaMint-UA-en_2013-11-05-m1	ParlaMint-UA_2013-11-05-m1.u108	Ukrainian parliamentary corpus ParlaMint-UA-en, term 7, session 3, sitting day 2013-11-05, n1	2013-11-05	Unicameralism	7	3	-	2013-11-05	-	Reference	English	Regular	MP	notMinister	frPR	Party of Regions Faction	Coalition	Centre	ВікторЙосиповичРазвадовський.1959	Razvadovs'kyj, Viktor Josypovyč	M	1959	
ParlaMint-UA-en_2013-11-05-m1	ParlaMint-UA_2013-11-05-m1.u109	Ukrainian parliamentary corpus ParlaMint-UA-en, term 7, session 3, sitting day 2013-11-05, n1	2013-11-05	Unicameralism	7	3	-	2013-11-05	-	Reference	English	Chairperson	MP	notMinister	PR	Party of Regions	-	Centre	ВолодимирВасильовичРибак.1946	Rybak, Volodymyr Vasyl'ovyč	M	1946	
ParlaMint-UA-en_2013-11-05-m1	ParlaMint-UA_2013-11-05-m1.u110	Ukrainian parliamentary corpus ParlaMint-UA-en, term 7, session 3, sitting day 2013-11-05, n1	2013-11-05	Unicameralism	7	3	-	2013-11-05	-	Reference	English	Regular	MP	notMinister	frPR	Party of Regions Faction	Coalition	Centre	ВікторЙосиповичРазвадовський.1959	Razvadovs'kyj, Viktor Josypovyč	M	1959	
ParlaMint-UA-en_2013-11-05-m1	ParlaMint-UA_2013-11-05-m1.u111	Ukrainian parliamentary corpus ParlaMint-UA-en, term 7, session 3, sitting day 2013-11-05, n1	2013-11-05	Unicameralism	7	3	-	2013-11-05	-	Reference	English	Chairperson	MP	notMinister	PR	Party of Regions	-	Centre	ВолодимирВасильовичРибак.1946	Rybak, Volodymyr Vasyl'ovyč	M	1946	
ParlaMint-UA-en_2013-11-05-m1	ParlaMint-UA_2013-11-05-m1.u112	Ukrainian parliamentary corpus ParlaMint-UA-en, term 7, session 3, sitting day 2013-11-05, n1	2013-11-05	Unicameralism	7	3	-	2013-11-05	-	Reference	English	Regular	MP	notMinister	frPR	Party of Regions Faction	Coalition	Centre	МихайлоВасильовичЧечетов.1953	Čečetov, Mychajlo Vasyl'ovyč	M	1953	
ParlaMint-UA-en_2013-11-05-m1	ParlaMint-UA_2013-11-05-m1.u113	Ukrainian parliamentary corpus ParlaMint-UA-en, term 7, session 3, sitting day 2013-11-05, n1	2013-11-05	Unicameralism	7	3	-	2013-11-05	-	Reference	English	Chairperson	MP	notMinister	PR	Party of Regions	-	Centre	ВолодимирВасильовичРибак.1946	Rybak, Volodymyr Vasyl'ovyč	M	1946	
ParlaMint-UA-en_2013-11-05-m1	ParlaMint-UA_2013-11-05-m1.u114	Ukrainian parliamentary corpus ParlaMint-UA-en, term 7, session 3, sitting day 2013-11-05, n1	2013-11-05	Unicameralism	7	3	-	2013-11-05	-	Reference	English	Regular	MP	notMinister	frCPU	Communist Party Faction	Coalition	Far-left	МиколаСергійовичДзарданов.1953	Dzardanov, Mykola Serhijovyč	M	1953	
ParlaMint-UA-en_2013-11-05-m1	ParlaMint-UA_2013-11-05-m1.u115	Ukrainian parliamentary corpus ParlaMint-UA-en, term 7, session 3, sitting day 2013-11-05, n1	2013-11-05	Unicameralism	7	3	-	2013-11-05	-	Reference	English	Chairperson	MP	notMinister	PR	Party of Regions	-	Centre	ВолодимирВасильовичРибак.1946	Rybak, Volodymyr Vasyl'ovyč	M	1946	
ParlaMint-UA-en_2013-11-05-m1	ParlaMint-UA_2013-11-05-m1.u116	Ukrainian parliamentary corpus ParlaMint-UA-en, term 7, session 3, sitting day 2013-11-05, n1	2013-11-05	Unicameralism	7	3	-	2013-11-05	-	Reference	English	Regular	MP	notMinister	frUDAR	Ukrainian Democratic Alliance for Reform (UDAR) Faction	Opposition	Centre	ПавлоВалерійовичРозенко.1970	Rozenko, Pavlo Valerijovyč	M	1970	
ParlaMint-UA-en_2013-11-05-m1	ParlaMint-UA_2013-11-05-m1.u117	Ukrainian parliamentary corpus ParlaMint-UA-en, term 7, session 3, sitting day 2013-11-05, n1	2013-11-05	Unicameralism	7	3	-	2013-11-05	-	Reference	English	Chairperson	MP	notMinister	PR	Party of Regions	-	Centre	ВолодимирВасильовичРибак.1946	Rybak, Volodymyr Vasyl'ovyč	M	1946	
ParlaMint-UA-en_2013-11-05-m1	ParlaMint-UA_2013-11-05-m1.u118	Ukrainian parliamentary corpus ParlaMint-UA-en, term 7, session 3, sitting day 2013-11-05, n1	2013-11-05	Unicameralism	7	3	-	2013-11-05	-	Reference	English	Regular	MP	notMinister	frUDAR	Ukrainian Democratic Alliance for Reform (UDAR) Faction	Opposition	Centre	СергійМиколайовичКаплін.1979	Kaplin, Serhij Mykolajovyč	M	1979	
ParlaMint-UA-en_2013-11-05-m1	ParlaMint-UA_2013-11-05-m1.u119	Ukrainian parliamentary corpus ParlaMint-UA-en, term 7, session 3, sitting day 2013-11-05, n1	2013-11-05	Unicameralism	7	3	-	2013-11-05	-	Reference	English	Chairperson	MP	notMinister	PR	Party of Regions	-	Centre	ВолодимирВасильовичРибак.1946	Rybak, Volodymyr Vasyl'ovyč	M	1946	
ParlaMint-UA-en_2013-11-05-m1	ParlaMint-UA_2013-11-05-m1.u120	Ukrainian parliamentary corpus ParlaMint-UA-en, term 7, session 3, sitting day 2013-11-05, n1	2013-11-05	Unicameralism	7	3	-	2013-11-05	-	Reference	English	Regular	MP	notMinister	frBatkivshchyna	All-Ukrainian Union "Fatherland" Faction	Opposition	Centre	ВолодимирОлександровичЯворівський.1942	Javorivs'kyj, Volodymyr Oleksandrovyč	M	1942	
ParlaMint-UA-en_2013-11-05-m1	ParlaMint-UA_2013-11-05-m1.u121	Ukrainian parliamentary corpus ParlaMint-UA-en, term 7, session 3, sitting day 2013-11-05, n1	2013-11-05	Unicameralism	7	3	-	2013-11-05	-	Reference	English	Chairperson	MP	notMinister	PR	Party of Regions	-	Centre	ВолодимирВасильовичРибак.1946	Rybak, Volodymyr Vasyl'ovyč	M	1946	
ParlaMint-UA-en_2013-11-05-m1	ParlaMint-UA_2013-11-05-m1.u122	Ukrainian parliamentary corpus ParlaMint-UA-en, term 7, session 3, sitting day 2013-11-05, n1	2013-11-05	Unicameralism	7	3	-	2013-11-05	-	Reference	English	Regular	MP	notMinister	frSvoboda	All-Ukrainian Union "Freedom" (Svoboda) Faction	Opposition	Right to far-right	ЮрійМиколайовичСиротюк.1976	Syrotjuk, Jurij Mykolajovyč	M	1976	
ParlaMint-UA-en_2013-11-05-m1	ParlaMint-UA_2013-11-05-m1.u123	Ukrainian parliamentary corpus ParlaMint-UA-en, term 7, session 3, sitting day 2013-11-05, n1	2013-11-05	Unicameralism	7	3	-	2013-11-05	-	Reference	English	Chairperson	MP	notMinister	PR	Party of Regions	-	Centre	ВолодимирВасильовичРибак.1946	Rybak, Volodymyr Vasyl'ovyč	M	1946	
ParlaMint-UA-en_2013-11-05-m1	ParlaMint-UA_2013-11-05-m1.u124	Ukrainian parliamentary corpus ParlaMint-UA-en, term 7, session 3, sitting day 2013-11-05, n1	2013-11-05	Unicameralism	7	3	-	2013-11-05	-	Reference	English	Regular	MP	notMinister	frSvoboda	All-Ukrainian Union "Freedom" (Svoboda) Faction	Opposition	Right to far-right	ЮрійМиколайовичСиротюк.1976	Syrotjuk, Jurij Mykolajovyč	M	1976	
ParlaMint-UA-en_2013-11-05-m1	ParlaMint-UA_2013-11-05-m1.u125	Ukrainian parliamentary corpus ParlaMint-UA-en, term 7, session 3, sitting day 2013-11-05, n1	2013-11-05	Unicameralism	7	3	-	2013-11-05	-	Reference	English	Chairperson	MP	notMinister	PR	Party of Regions	-	Centre	ВолодимирВасильовичРибак.1946	Rybak, Volodymyr Vasyl'ovyč	M	1946	
ParlaMint-UA-en_2013-11-05-m1	ParlaMint-UA_2013-11-05-m1.u126	Ukrainian parliamentary corpus ParlaMint-UA-en, term 7, session 3, sitting day 2013-11-05, n1	2013-11-05	Unicameralism	7	3	-	2013-11-05	-	Reference	English	Regular	MP	notMinister	Batkivshchyna	All-Ukrainian Union "Fatherland" (Batkivshchyna)	-	Centre	ВіталійОлександровичНемілостівий.1968	Nemilostivyj, Vitalij Oleksandrovyč	M	1968	
ParlaMint-UA-en_2013-11-05-m1	ParlaMint-UA_2013-11-05-m1.u127	Ukrainian parliamentary corpus ParlaMint-UA-en, term 7, session 3, sitting day 2013-11-05, n1	2013-11-05	Unicameralism	7	3	-	2013-11-05	-	Reference	English	Chairperson	MP	notMinister	PR	Party of Regions	-	Centre	ВолодимирВасильовичРибак.1946	Rybak, Volodymyr Vasyl'ovyč	M	1946	
ParlaMint-UA-en_2013-11-05-m1	ParlaMint-UA_2013-11-05-m1.u128	Ukrainian parliamentary corpus ParlaMint-UA-en, term 7, session 3, sitting day 2013-11-05, n1	2013-11-05	Unicameralism	7	3	-	2013-11-05	-	Reference	English	Regular	notMP	notMinister	-	-	-	-	ІннаІванівнаЄмельянова.1974	Jemel'janova, Inna Ivanivna	F	1974	
ParlaMint-UA-en_2013-11-05-m1	ParlaMint-UA_2013-11-05-m1.u129	Ukrainian parliamentary corpus ParlaMint-UA-en, term 7, session 3, sitting day 2013-11-05, n1	2013-11-05	Unicameralism	7	3	-	2013-11-05	-	Reference	English	Chairperson	MP	notMinister	PR	Party of Regions	-	Centre	ВолодимирВасильовичРибак.1946	Rybak, Volodymyr Vasyl'ovyč	M	1946	
ParlaMint-UA-en_2013-11-05-m1	ParlaMint-UA_2013-11-05-m1.u130	Ukrainian parliamentary corpus ParlaMint-UA-en, term 7, session 3, sitting day 2013-11-05, n1	2013-11-05	Unicameralism	7	3	-	2013-11-05	-	Reference	English	Regular	MP	notMinister	frPR	Party of Regions Faction	Coalition	Centre	ІштванФеренцовичГайдош.1971	Hajdoš, Ištvan Ferencovyč	M	1971	
ParlaMint-UA-en_2013-11-05-m1	ParlaMint-UA_2013-11-05-m1.u131	Ukrainian parliamentary corpus ParlaMint-UA-en, term 7, session 3, sitting day 2013-11-05, n1	2013-11-05	Unicameralism	7	3	-	2013-11-05	-	Reference	English	Chairperson	MP	notMinister	PR	Party of Regions	-	Centre	ВолодимирВасильовичРибак.1946	Rybak, Volodymyr Vasyl'ovyč	M	1946	
