Text_ID	ID	Title	Date	Body	Term	Session	Meeting	Sitting	Agenda	Subcorpus	Lang	Speaker_role	Speaker_MP	Speaker_minister	Speaker_party	Speaker_party_name	Party_status	Party_orientation	Speaker_ID	Speaker_name	Speaker_gender	Speaker_birth
ParlaMint-FR-en_2017-11-30-O1078	ParlaMint-FR_2017-11-30-O1078.u1	Proceedings of the debates in plenary sitting of the Assemblée Nationale, sitting: 78, 30/11/2017	2017-11-30	Lower house	15e législature	Session ordinaire 2017-2018 (CRSANR5L15S2018O1N078)	-	78. séance	-	Reference	English	Chairperson	MP	notMinister	LAREM	La République en Marche	Coalition	Centre	PA721824	Renson, Hugues	M	1978	
ParlaMint-FR-en_2017-11-30-O1078	ParlaMint-FR_2017-11-30-O1078.u2	Proceedings of the debates in plenary sitting of the Assemblée Nationale, sitting: 78, 30/11/2017	2017-11-30	Lower house	15e législature	Session ordinaire 2017-2018 (CRSANR5L15S2018O1N078)	-	78. séance	-	Reference	English	Chairperson	MP	notMinister	LAREM	La République en Marche	Coalition	Centre	PA721824	Renson, Hugues	M	1978	
ParlaMint-FR-en_2017-11-30-O1078	ParlaMint-FR_2017-11-30-O1078.u3	Proceedings of the debates in plenary sitting of the Assemblée Nationale, sitting: 78, 30/11/2017	2017-11-30	Lower house	15e législature	Session ordinaire 2017-2018 (CRSANR5L15S2018O1N078)	-	78. séance	-	Reference	English	Regular	MP	notMinister	LAREM	La République en Marche	Coalition	Centre	PA722228	Leclabart, Jean-Claude	M	1954	
ParlaMint-FR-en_2017-11-30-O1078	ParlaMint-FR_2017-11-30-O1078.u4	Proceedings of the debates in plenary sitting of the Assemblée Nationale, sitting: 78, 30/11/2017	2017-11-30	Lower house	15e législature	Session ordinaire 2017-2018 (CRSANR5L15S2018O1N078)	-	78. séance	-	Reference	English	Regular	MP	notMinister	LAREM	La République en Marche	Coalition	Centre	PA721824	Renson, Hugues	M	1978	
ParlaMint-FR-en_2017-11-30-O1078	ParlaMint-FR_2017-11-30-O1078.u5	Proceedings of the debates in plenary sitting of the Assemblée Nationale, sitting: 78, 30/11/2017	2017-11-30	Lower house	15e législature	Session ordinaire 2017-2018 (CRSANR5L15S2018O1N078)	-	78. séance	-	Reference	English	Regular	notMP	notMinister	LR	Les Républicains	Opposition	Centre-right	PA721314	Schellenberger, Raphaël	M	1990	
ParlaMint-FR-en_2017-11-30-O1078	ParlaMint-FR_2017-11-30-O1078.u6	Proceedings of the debates in plenary sitting of the Assemblée Nationale, sitting: 78, 30/11/2017	2017-11-30	Lower house	15e législature	Session ordinaire 2017-2018 (CRSANR5L15S2018O1N078)	-	78. séance	-	Reference	English	Regular	notMP	notMinister	LR	Les Républicains	Opposition	Centre-right	PA642847	Bazin, Thibault	M	1984	
ParlaMint-FR-en_2017-11-30-O1078	ParlaMint-FR_2017-11-30-O1078.u7	Proceedings of the debates in plenary sitting of the Assemblée Nationale, sitting: 78, 30/11/2017	2017-11-30	Lower house	15e législature	Session ordinaire 2017-2018 (CRSANR5L15S2018O1N078)	-	78. séance	-	Reference	English	Regular	notMP	notMinister	LR	Les Républicains	Opposition	Centre-right	PA721314	Schellenberger, Raphaël	M	1990	
ParlaMint-FR-en_2017-11-30-O1078	ParlaMint-FR_2017-11-30-O1078.u8	Proceedings of the debates in plenary sitting of the Assemblée Nationale, sitting: 78, 30/11/2017	2017-11-30	Lower house	15e législature	Session ordinaire 2017-2018 (CRSANR5L15S2018O1N078)	-	78. séance	-	Reference	English	Regular	notMP	notMinister	LR	Les Républicains	Opposition	Centre-right	PA642847	Bazin, Thibault	M	1984	
ParlaMint-FR-en_2017-11-30-O1078	ParlaMint-FR_2017-11-30-O1078.u9	Proceedings of the debates in plenary sitting of the Assemblée Nationale, sitting: 78, 30/11/2017	2017-11-30	Lower house	15e législature	Session ordinaire 2017-2018 (CRSANR5L15S2018O1N078)	-	78. séance	-	Reference	English	Regular	notMP	notMinister	LR	Les Républicains	Opposition	Centre-right	PA721314	Schellenberger, Raphaël	M	1990	
ParlaMint-FR-en_2017-11-30-O1078	ParlaMint-FR_2017-11-30-O1078.u10	Proceedings of the debates in plenary sitting of the Assemblée Nationale, sitting: 78, 30/11/2017	2017-11-30	Lower house	15e législature	Session ordinaire 2017-2018 (CRSANR5L15S2018O1N078)	-	78. séance	-	Reference	English	Regular	notMP	notMinister	LR	Les Républicains	Opposition	Centre-right	PA330909	Descoeur, Vincent	M	1962	
ParlaMint-FR-en_2017-11-30-O1078	ParlaMint-FR_2017-11-30-O1078.u11	Proceedings of the debates in plenary sitting of the Assemblée Nationale, sitting: 78, 30/11/2017	2017-11-30	Lower house	15e législature	Session ordinaire 2017-2018 (CRSANR5L15S2018O1N078)	-	78. séance	-	Reference	English	Regular	notMP	notMinister	LR	Les Républicains	Opposition	Centre-right	PA721314	Schellenberger, Raphaël	M	1990	
ParlaMint-FR-en_2017-11-30-O1078	ParlaMint-FR_2017-11-30-O1078.u12	Proceedings of the debates in plenary sitting of the Assemblée Nationale, sitting: 78, 30/11/2017	2017-11-30	Lower house	15e législature	Session ordinaire 2017-2018 (CRSANR5L15S2018O1N078)	-	78. séance	-	Reference	English	Regular	notMP	notMinister	LR	Les Républicains	Opposition	Centre-right	PA330909	Descoeur, Vincent	M	1962	
ParlaMint-FR-en_2017-11-30-O1078	ParlaMint-FR_2017-11-30-O1078.u13	Proceedings of the debates in plenary sitting of the Assemblée Nationale, sitting: 78, 30/11/2017	2017-11-30	Lower house	15e législature	Session ordinaire 2017-2018 (CRSANR5L15S2018O1N078)	-	78. séance	-	Reference	English	Regular	notMP	notMinister	LR	Les Républicains	Opposition	Centre-right	PA721314	Schellenberger, Raphaël	M	1990	
ParlaMint-FR-en_2017-11-30-O1078	ParlaMint-FR_2017-11-30-O1078.u14	Proceedings of the debates in plenary sitting of the Assemblée Nationale, sitting: 78, 30/11/2017	2017-11-30	Lower house	15e législature	Session ordinaire 2017-2018 (CRSANR5L15S2018O1N078)	-	78. séance	-	Reference	English	Regular	MP	notMinister	LAREM	La République en Marche	Coalition	Centre	PA721824	Renson, Hugues	M	1978	
ParlaMint-FR-en_2017-11-30-O1078	ParlaMint-FR_2017-11-30-O1078.u15	Proceedings of the debates in plenary sitting of the Assemblée Nationale, sitting: 78, 30/11/2017	2017-11-30	Lower house	15e législature	Session ordinaire 2017-2018 (CRSANR5L15S2018O1N078)	-	78. séance	-	Reference	English	Regular	notMP	notMinister	-	-	-	-	PA719608	Ménard, Emmanuelle	F	1968	
ParlaMint-FR-en_2017-11-30-O1078	ParlaMint-FR_2017-11-30-O1078.u16	Proceedings of the debates in plenary sitting of the Assemblée Nationale, sitting: 78, 30/11/2017	2017-11-30	Lower house	15e législature	Session ordinaire 2017-2018 (CRSANR5L15S2018O1N078)	-	78. séance	-	Reference	English	Regular	MP	notMinister	LAREM	La République en Marche	Coalition	Centre	PA721824	Renson, Hugues	M	1978	
ParlaMint-FR-en_2017-11-30-O1078	ParlaMint-FR_2017-11-30-O1078.u17	Proceedings of the debates in plenary sitting of the Assemblée Nationale, sitting: 78, 30/11/2017	2017-11-30	Lower house	15e législature	Session ordinaire 2017-2018 (CRSANR5L15S2018O1N078)	-	78. séance	-	Reference	English	Regular	MP	notMinister	LAREM	La République en Marche	Coalition	Centre	PA719994	Kamowski, Catherine	F	1958	
ParlaMint-FR-en_2017-11-30-O1078	ParlaMint-FR_2017-11-30-O1078.u18	Proceedings of the debates in plenary sitting of the Assemblée Nationale, sitting: 78, 30/11/2017	2017-11-30	Lower house	15e législature	Session ordinaire 2017-2018 (CRSANR5L15S2018O1N078)	-	78. séance	-	Reference	English	Regular	notMP	notMinister	LR	Les Républicains	Opposition	Centre-right	PA721678	Reda, Robin	M	1991	
ParlaMint-FR-en_2017-11-30-O1078	ParlaMint-FR_2017-11-30-O1078.u19	Proceedings of the debates in plenary sitting of the Assemblée Nationale, sitting: 78, 30/11/2017	2017-11-30	Lower house	15e législature	Session ordinaire 2017-2018 (CRSANR5L15S2018O1N078)	-	78. séance	-	Reference	English	Regular	MP	notMinister	LAREM	La République en Marche	Coalition	Centre	PA719994	Kamowski, Catherine	F	1958	
ParlaMint-FR-en_2017-11-30-O1078	ParlaMint-FR_2017-11-30-O1078.u20	Proceedings of the debates in plenary sitting of the Assemblée Nationale, sitting: 78, 30/11/2017	2017-11-30	Lower house	15e législature	Session ordinaire 2017-2018 (CRSANR5L15S2018O1N078)	-	78. séance	-	Reference	English	Regular	notMP	notMinister	LR	Les Républicains	Opposition	Centre-right	PA721314	Schellenberger, Raphaël	M	1990	
ParlaMint-FR-en_2017-11-30-O1078	ParlaMint-FR_2017-11-30-O1078.u21	Proceedings of the debates in plenary sitting of the Assemblée Nationale, sitting: 78, 30/11/2017	2017-11-30	Lower house	15e législature	Session ordinaire 2017-2018 (CRSANR5L15S2018O1N078)	-	78. séance	-	Reference	English	Regular	MP	notMinister	LAREM	La République en Marche	Coalition	Centre	PA719994	Kamowski, Catherine	F	1958	
ParlaMint-FR-en_2017-11-30-O1078	ParlaMint-FR_2017-11-30-O1078.u22	Proceedings of the debates in plenary sitting of the Assemblée Nationale, sitting: 78, 30/11/2017	2017-11-30	Lower house	15e législature	Session ordinaire 2017-2018 (CRSANR5L15S2018O1N078)	-	78. séance	-	Reference	English	Chairperson	MP	notMinister	LAREM	La République en Marche	Coalition	Centre	PA721824	Renson, Hugues	M	1978	
ParlaMint-FR-en_2017-11-30-O1078	ParlaMint-FR_2017-11-30-O1078.u23	Proceedings of the debates in plenary sitting of the Assemblée Nationale, sitting: 78, 30/11/2017	2017-11-30	Lower house	15e législature	Session ordinaire 2017-2018 (CRSANR5L15S2018O1N078)	-	78. séance	-	Reference	English	Chairperson	MP	notMinister	LAREM	La République en Marche	Coalition	Centre	PA721824	Renson, Hugues	M	1978	
ParlaMint-FR-en_2017-11-30-O1078	ParlaMint-FR_2017-11-30-O1078.u24	Proceedings of the debates in plenary sitting of the Assemblée Nationale, sitting: 78, 30/11/2017	2017-11-30	Lower house	15e législature	Session ordinaire 2017-2018 (CRSANR5L15S2018O1N078)	-	78. séance	-	Reference	English	Regular	MP	notMinister	LAREM	La République en Marche	Coalition	Centre	PA721824	Renson, Hugues	M	1978	
ParlaMint-FR-en_2017-11-30-O1078	ParlaMint-FR_2017-11-30-O1078.u25	Proceedings of the debates in plenary sitting of the Assemblée Nationale, sitting: 78, 30/11/2017	2017-11-30	Lower house	15e législature	Session ordinaire 2017-2018 (CRSANR5L15S2018O1N078)	-	78. séance	-	Reference	English	Regular	notMP	notMinister	-	-	-	-	PA719146	Acquaviva, Jean-Félix	M	1973	
ParlaMint-FR-en_2017-11-30-O1078	ParlaMint-FR_2017-11-30-O1078.u26	Proceedings of the debates in plenary sitting of the Assemblée Nationale, sitting: 78, 30/11/2017	2017-11-30	Lower house	15e législature	Session ordinaire 2017-2018 (CRSANR5L15S2018O1N078)	-	78. séance	-	Reference	English	Regular	MP	notMinister	LAREM	La République en Marche	Coalition	Centre	PA721824	Renson, Hugues	M	1978	
ParlaMint-FR-en_2017-11-30-O1078	ParlaMint-FR_2017-11-30-O1078.u27	Proceedings of the debates in plenary sitting of the Assemblée Nationale, sitting: 78, 30/11/2017	2017-11-30	Lower house	15e législature	Session ordinaire 2017-2018 (CRSANR5L15S2018O1N078)	-	78. séance	-	Reference	English	Regular	MP	notMinister	MODEM	Mouvement Démocrate et apparentés	Coalition	Centre to centre-right	PA720652	Duvergé, Bruno	M	1957	
ParlaMint-FR-en_2017-11-30-O1078	ParlaMint-FR_2017-11-30-O1078.u28	Proceedings of the debates in plenary sitting of the Assemblée Nationale, sitting: 78, 30/11/2017	2017-11-30	Lower house	15e législature	Session ordinaire 2017-2018 (CRSANR5L15S2018O1N078)	-	78. séance	-	Reference	English	Regular	MP	notMinister	LAREM	La République en Marche	Coalition	Centre	PA721824	Renson, Hugues	M	1978	
ParlaMint-FR-en_2017-11-30-O1078	ParlaMint-FR_2017-11-30-O1078.u29	Proceedings of the debates in plenary sitting of the Assemblée Nationale, sitting: 78, 30/11/2017	2017-11-30	Lower house	15e législature	Session ordinaire 2017-2018 (CRSANR5L15S2018O1N078)	-	78. séance	-	Reference	English	Regular	notMP	notMinister	LR	Les Républicains	Opposition	Centre-right	PA642847	Bazin, Thibault	M	1984	
ParlaMint-FR-en_2017-11-30-O1078	ParlaMint-FR_2017-11-30-O1078.u30	Proceedings of the debates in plenary sitting of the Assemblée Nationale, sitting: 78, 30/11/2017	2017-11-30	Lower house	15e législature	Session ordinaire 2017-2018 (CRSANR5L15S2018O1N078)	-	78. séance	-	Reference	English	Regular	MP	notMinister	LAREM	La République en Marche	Coalition	Centre	PA721824	Renson, Hugues	M	1978	
ParlaMint-FR-en_2017-11-30-O1078	ParlaMint-FR_2017-11-30-O1078.u31	Proceedings of the debates in plenary sitting of the Assemblée Nationale, sitting: 78, 30/11/2017	2017-11-30	Lower house	15e législature	Session ordinaire 2017-2018 (CRSANR5L15S2018O1N078)	-	78. séance	-	Reference	English	Regular	MP	notMinister	LR	Les Républicains	Opposition	Centre-right	PA267527	Saddier, Martial	M	1969	
ParlaMint-FR-en_2017-11-30-O1078	ParlaMint-FR_2017-11-30-O1078.u32	Proceedings of the debates in plenary sitting of the Assemblée Nationale, sitting: 78, 30/11/2017	2017-11-30	Lower house	15e législature	Session ordinaire 2017-2018 (CRSANR5L15S2018O1N078)	-	78. séance	-	Reference	English	Regular	MP	notMinister	LAREM	La République en Marche	Coalition	Centre	PA721824	Renson, Hugues	M	1978	
ParlaMint-FR-en_2017-11-30-O1078	ParlaMint-FR_2017-11-30-O1078.u33	Proceedings of the debates in plenary sitting of the Assemblée Nationale, sitting: 78, 30/11/2017	2017-11-30	Lower house	15e législature	Session ordinaire 2017-2018 (CRSANR5L15S2018O1N078)	-	78. séance	-	Reference	English	Regular	notMP	notMinister	LR	Les Républicains	Opposition	Centre-right	PA330909	Descoeur, Vincent	M	1962	
ParlaMint-FR-en_2017-11-30-O1078	ParlaMint-FR_2017-11-30-O1078.u34	Proceedings of the debates in plenary sitting of the Assemblée Nationale, sitting: 78, 30/11/2017	2017-11-30	Lower house	15e législature	Session ordinaire 2017-2018 (CRSANR5L15S2018O1N078)	-	78. séance	-	Reference	English	Chairperson	MP	notMinister	LAREM	La République en Marche	Coalition	Centre	PA721824	Renson, Hugues	M	1978	
ParlaMint-FR-en_2017-11-30-O1078	ParlaMint-FR_2017-11-30-O1078.u35	Proceedings of the debates in plenary sitting of the Assemblée Nationale, sitting: 78, 30/11/2017	2017-11-30	Lower house	15e législature	Session ordinaire 2017-2018 (CRSANR5L15S2018O1N078)	-	78. séance	-	Reference	English	Regular	MP	notMinister	FI	La France insoumise	Opposition	Left to far-left	PA719578	Prud'homme, Loïc	M	1969	
ParlaMint-FR-en_2017-11-30-O1078	ParlaMint-FR_2017-11-30-O1078.u36	Proceedings of the debates in plenary sitting of the Assemblée Nationale, sitting: 78, 30/11/2017	2017-11-30	Lower house	15e législature	Session ordinaire 2017-2018 (CRSANR5L15S2018O1N078)	-	78. séance	-	Reference	English	Regular	MP	notMinister	FI	La France insoumise	Opposition	Left to far-left	PA720430	Bernalicis, Ugo	M	1989	
ParlaMint-FR-en_2017-11-30-O1078	ParlaMint-FR_2017-11-30-O1078.u37	Proceedings of the debates in plenary sitting of the Assemblée Nationale, sitting: 78, 30/11/2017	2017-11-30	Lower house	15e législature	Session ordinaire 2017-2018 (CRSANR5L15S2018O1N078)	-	78. séance	-	Reference	English	Regular	MP	notMinister	LAREM	La République en Marche	Coalition	Centre	PA721824	Renson, Hugues	M	1978	
ParlaMint-FR-en_2017-11-30-O1078	ParlaMint-FR_2017-11-30-O1078.u38	Proceedings of the debates in plenary sitting of the Assemblée Nationale, sitting: 78, 30/11/2017	2017-11-30	Lower house	15e législature	Session ordinaire 2017-2018 (CRSANR5L15S2018O1N078)	-	78. séance	-	Reference	English	Regular	notMP	notMinister	MODEM	Mouvement Démocrate et apparentés	Coalition	Centre to centre-right	PA719874	Jacquier-Laforge, Élodie	F	1978	
ParlaMint-FR-en_2017-11-30-O1078	ParlaMint-FR_2017-11-30-O1078.u39	Proceedings of the debates in plenary sitting of the Assemblée Nationale, sitting: 78, 30/11/2017	2017-11-30	Lower house	15e législature	Session ordinaire 2017-2018 (CRSANR5L15S2018O1N078)	-	78. séance	-	Reference	English	Regular	MP	notMinister	LAREM	La République en Marche	Coalition	Centre	PA721824	Renson, Hugues	M	1978	
ParlaMint-FR-en_2017-11-30-O1078	ParlaMint-FR_2017-11-30-O1078.u40	Proceedings of the debates in plenary sitting of the Assemblée Nationale, sitting: 78, 30/11/2017	2017-11-30	Lower house	15e législature	Session ordinaire 2017-2018 (CRSANR5L15S2018O1N078)	-	78. séance	-	Reference	English	Regular	notMP	Minister	-	-	-	-	PA227076	Gourault, Jacqueline	F	1950	
ParlaMint-FR-en_2017-11-30-O1078	ParlaMint-FR_2017-11-30-O1078.u41	Proceedings of the debates in plenary sitting of the Assemblée Nationale, sitting: 78, 30/11/2017	2017-11-30	Lower house	15e législature	Session ordinaire 2017-2018 (CRSANR5L15S2018O1N078)	-	78. séance	-	Reference	English	Regular	notMP	notMinister	LR	Les Républicains	Opposition	Centre-right	PA642847	Bazin, Thibault	M	1984	
ParlaMint-FR-en_2017-11-30-O1078	ParlaMint-FR_2017-11-30-O1078.u42	Proceedings of the debates in plenary sitting of the Assemblée Nationale, sitting: 78, 30/11/2017	2017-11-30	Lower house	15e législature	Session ordinaire 2017-2018 (CRSANR5L15S2018O1N078)	-	78. séance	-	Reference	English	Regular	notMP	Minister	-	-	-	-	PA227076	Gourault, Jacqueline	F	1950	
ParlaMint-FR-en_2017-11-30-O1078	ParlaMint-FR_2017-11-30-O1078.u43	Proceedings of the debates in plenary sitting of the Assemblée Nationale, sitting: 78, 30/11/2017	2017-11-30	Lower house	15e législature	Session ordinaire 2017-2018 (CRSANR5L15S2018O1N078)	-	78. séance	-	Reference	English	Regular	notMP	notMinister	LR	Les Républicains	Opposition	Centre-right	PA721474	Viry, Stéphane	M	1969	
ParlaMint-FR-en_2017-11-30-O1078	ParlaMint-FR_2017-11-30-O1078.u44	Proceedings of the debates in plenary sitting of the Assemblée Nationale, sitting: 78, 30/11/2017	2017-11-30	Lower house	15e législature	Session ordinaire 2017-2018 (CRSANR5L15S2018O1N078)	-	78. séance	-	Reference	English	Regular	notMP	Minister	-	-	-	-	PA227076	Gourault, Jacqueline	F	1950	
ParlaMint-FR-en_2017-11-30-O1078	ParlaMint-FR_2017-11-30-O1078.u45	Proceedings of the debates in plenary sitting of the Assemblée Nationale, sitting: 78, 30/11/2017	2017-11-30	Lower house	15e législature	Session ordinaire 2017-2018 (CRSANR5L15S2018O1N078)	-	78. séance	-	Reference	English	Regular	notMP	notMinister	LR	Les Républicains	Opposition	Centre-right	PA721314	Schellenberger, Raphaël	M	1990	
ParlaMint-FR-en_2017-11-30-O1078	ParlaMint-FR_2017-11-30-O1078.u46	Proceedings of the debates in plenary sitting of the Assemblée Nationale, sitting: 78, 30/11/2017	2017-11-30	Lower house	15e législature	Session ordinaire 2017-2018 (CRSANR5L15S2018O1N078)	-	78. séance	-	Reference	English	Regular	notMP	Minister	-	-	-	-	PA227076	Gourault, Jacqueline	F	1950	
ParlaMint-FR-en_2017-11-30-O1078	ParlaMint-FR_2017-11-30-O1078.u47	Proceedings of the debates in plenary sitting of the Assemblée Nationale, sitting: 78, 30/11/2017	2017-11-30	Lower house	15e législature	Session ordinaire 2017-2018 (CRSANR5L15S2018O1N078)	-	78. séance	-	Reference	English	Regular	notMP	notMinister	LR	Les Républicains	Opposition	Centre-right	PA721314	Schellenberger, Raphaël	M	1990	
ParlaMint-FR-en_2017-11-30-O1078	ParlaMint-FR_2017-11-30-O1078.u48	Proceedings of the debates in plenary sitting of the Assemblée Nationale, sitting: 78, 30/11/2017	2017-11-30	Lower house	15e législature	Session ordinaire 2017-2018 (CRSANR5L15S2018O1N078)	-	78. séance	-	Reference	English	Regular	MP	notMinister	LAREM	La République en Marche	Coalition	Centre	PA721824	Renson, Hugues	M	1978	
ParlaMint-FR-en_2017-11-30-O1078	ParlaMint-FR_2017-11-30-O1078.u49	Proceedings of the debates in plenary sitting of the Assemblée Nationale, sitting: 78, 30/11/2017	2017-11-30	Lower house	15e législature	Session ordinaire 2017-2018 (CRSANR5L15S2018O1N078)	-	78. séance	-	Reference	English	Regular	notMP	notMinister	GDR	Gauche démocrate et républicaine	Opposition	Left	PA267306	Chassaigne, André	M	1950	
ParlaMint-FR-en_2017-11-30-O1078	ParlaMint-FR_2017-11-30-O1078.u50	Proceedings of the debates in plenary sitting of the Assemblée Nationale, sitting: 78, 30/11/2017	2017-11-30	Lower house	15e législature	Session ordinaire 2017-2018 (CRSANR5L15S2018O1N078)	-	78. séance	-	Reference	English	Regular	MP	notMinister	LAREM	La République en Marche	Coalition	Centre	PA721824	Renson, Hugues	M	1978	
ParlaMint-FR-en_2017-11-30-O1078	ParlaMint-FR_2017-11-30-O1078.u51	Proceedings of the debates in plenary sitting of the Assemblée Nationale, sitting: 78, 30/11/2017	2017-11-30	Lower house	15e législature	Session ordinaire 2017-2018 (CRSANR5L15S2018O1N078)	-	78. séance	-	Reference	English	Regular	MP	notMinister	MODEM	Mouvement Démocrate et apparentés	Coalition	Centre to centre-right	PA719938	Fesneau, Marc	M	1971	
ParlaMint-FR-en_2017-11-30-O1078	ParlaMint-FR_2017-11-30-O1078.u52	Proceedings of the debates in plenary sitting of the Assemblée Nationale, sitting: 78, 30/11/2017	2017-11-30	Lower house	15e législature	Session ordinaire 2017-2018 (CRSANR5L15S2018O1N078)	-	78. séance	-	Reference	English	Regular	notMP	notMinister	GDR	Gauche démocrate et républicaine	Opposition	Left	PA267306	Chassaigne, André	M	1950	
ParlaMint-FR-en_2017-11-30-O1078	ParlaMint-FR_2017-11-30-O1078.u53	Proceedings of the debates in plenary sitting of the Assemblée Nationale, sitting: 78, 30/11/2017	2017-11-30	Lower house	15e législature	Session ordinaire 2017-2018 (CRSANR5L15S2018O1N078)	-	78. séance	-	Reference	English	Regular	MP	notMinister	MODEM	Mouvement Démocrate et apparentés	Coalition	Centre to centre-right	PA719938	Fesneau, Marc	M	1971	
ParlaMint-FR-en_2017-11-30-O1078	ParlaMint-FR_2017-11-30-O1078.u54	Proceedings of the debates in plenary sitting of the Assemblée Nationale, sitting: 78, 30/11/2017	2017-11-30	Lower house	15e législature	Session ordinaire 2017-2018 (CRSANR5L15S2018O1N078)	-	78. séance	-	Reference	English	Regular	notMP	notMinister	GDR	Gauche démocrate et républicaine	Opposition	Left	PA267306	Chassaigne, André	M	1950	
ParlaMint-FR-en_2017-11-30-O1078	ParlaMint-FR_2017-11-30-O1078.u55	Proceedings of the debates in plenary sitting of the Assemblée Nationale, sitting: 78, 30/11/2017	2017-11-30	Lower house	15e législature	Session ordinaire 2017-2018 (CRSANR5L15S2018O1N078)	-	78. séance	-	Reference	English	Regular	MP	notMinister	MODEM	Mouvement Démocrate et apparentés	Coalition	Centre to centre-right	PA719938	Fesneau, Marc	M	1971	
ParlaMint-FR-en_2017-11-30-O1078	ParlaMint-FR_2017-11-30-O1078.u56	Proceedings of the debates in plenary sitting of the Assemblée Nationale, sitting: 78, 30/11/2017	2017-11-30	Lower house	15e législature	Session ordinaire 2017-2018 (CRSANR5L15S2018O1N078)	-	78. séance	-	Reference	English	Chairperson	MP	notMinister	LAREM	La République en Marche	Coalition	Centre	PA721824	Renson, Hugues	M	1978	
ParlaMint-FR-en_2017-11-30-O1078	ParlaMint-FR_2017-11-30-O1078.u57	Proceedings of the debates in plenary sitting of the Assemblée Nationale, sitting: 78, 30/11/2017	2017-11-30	Lower house	15e législature	Session ordinaire 2017-2018 (CRSANR5L15S2018O1N078)	-	78. séance	-	Reference	English	Regular	notMP	Minister	-	-	-	-	PA227076	Gourault, Jacqueline	F	1950	
ParlaMint-FR-en_2017-11-30-O1078	ParlaMint-FR_2017-11-30-O1078.u58	Proceedings of the debates in plenary sitting of the Assemblée Nationale, sitting: 78, 30/11/2017	2017-11-30	Lower house	15e législature	Session ordinaire 2017-2018 (CRSANR5L15S2018O1N078)	-	78. séance	-	Reference	English	Regular	MP	notMinister	LAREM	La République en Marche	Coalition	Centre	PA721824	Renson, Hugues	M	1978	
ParlaMint-FR-en_2017-11-30-O1078	ParlaMint-FR_2017-11-30-O1078.u59	Proceedings of the debates in plenary sitting of the Assemblée Nationale, sitting: 78, 30/11/2017	2017-11-30	Lower house	15e législature	Session ordinaire 2017-2018 (CRSANR5L15S2018O1N078)	-	78. séance	-	Reference	English	Regular	notMP	notMinister	MODEM	Mouvement Démocrate et apparentés	Coalition	Centre to centre-right	PA719874	Jacquier-Laforge, Élodie	F	1978	
ParlaMint-FR-en_2017-11-30-O1078	ParlaMint-FR_2017-11-30-O1078.u60	Proceedings of the debates in plenary sitting of the Assemblée Nationale, sitting: 78, 30/11/2017	2017-11-30	Lower house	15e législature	Session ordinaire 2017-2018 (CRSANR5L15S2018O1N078)	-	78. séance	-	Reference	English	Regular	MP	notMinister	LAREM	La République en Marche	Coalition	Centre	PA721824	Renson, Hugues	M	1978	
ParlaMint-FR-en_2017-11-30-O1078	ParlaMint-FR_2017-11-30-O1078.u61	Proceedings of the debates in plenary sitting of the Assemblée Nationale, sitting: 78, 30/11/2017	2017-11-30	Lower house	15e législature	Session ordinaire 2017-2018 (CRSANR5L15S2018O1N078)	-	78. séance	-	Reference	English	Regular	MP	notMinister	GDR	Gauche démocrate et républicaine	Opposition	Left	PA718720	Dufrègne, Jean-Paul	M	1958	
ParlaMint-FR-en_2017-11-30-O1078	ParlaMint-FR_2017-11-30-O1078.u62	Proceedings of the debates in plenary sitting of the Assemblée Nationale, sitting: 78, 30/11/2017	2017-11-30	Lower house	15e législature	Session ordinaire 2017-2018 (CRSANR5L15S2018O1N078)	-	78. séance	-	Reference	English	Regular	notMP	notMinister	GDR	Gauche démocrate et républicaine	Opposition	Left	PA267306	Chassaigne, André	M	1950	
ParlaMint-FR-en_2017-11-30-O1078	ParlaMint-FR_2017-11-30-O1078.u63	Proceedings of the debates in plenary sitting of the Assemblée Nationale, sitting: 78, 30/11/2017	2017-11-30	Lower house	15e législature	Session ordinaire 2017-2018 (CRSANR5L15S2018O1N078)	-	78. séance	-	Reference	English	Chairperson	MP	notMinister	LAREM	La République en Marche	Coalition	Centre	PA721824	Renson, Hugues	M	1978	
ParlaMint-FR-en_2017-11-30-O1078	ParlaMint-FR_2017-11-30-O1078.u64	Proceedings of the debates in plenary sitting of the Assemblée Nationale, sitting: 78, 30/11/2017	2017-11-30	Lower house	15e législature	Session ordinaire 2017-2018 (CRSANR5L15S2018O1N078)	-	78. séance	-	Reference	English	Regular	notMP	notMinister	MODEM	Mouvement Démocrate et apparentés	Coalition	Centre to centre-right	PA719874	Jacquier-Laforge, Élodie	F	1978	
ParlaMint-FR-en_2017-11-30-O1078	ParlaMint-FR_2017-11-30-O1078.u65	Proceedings of the debates in plenary sitting of the Assemblée Nationale, sitting: 78, 30/11/2017	2017-11-30	Lower house	15e législature	Session ordinaire 2017-2018 (CRSANR5L15S2018O1N078)	-	78. séance	-	Reference	English	Chairperson	MP	notMinister	LAREM	La République en Marche	Coalition	Centre	PA721824	Renson, Hugues	M	1978	
ParlaMint-FR-en_2017-11-30-O1078	ParlaMint-FR_2017-11-30-O1078.u66	Proceedings of the debates in plenary sitting of the Assemblée Nationale, sitting: 78, 30/11/2017	2017-11-30	Lower house	15e législature	Session ordinaire 2017-2018 (CRSANR5L15S2018O1N078)	-	78. séance	-	Reference	English	Regular	notMP	Minister	-	-	-	-	PA227076	Gourault, Jacqueline	F	1950	
ParlaMint-FR-en_2017-11-30-O1078	ParlaMint-FR_2017-11-30-O1078.u67	Proceedings of the debates in plenary sitting of the Assemblée Nationale, sitting: 78, 30/11/2017	2017-11-30	Lower house	15e législature	Session ordinaire 2017-2018 (CRSANR5L15S2018O1N078)	-	78. séance	-	Reference	English	Chairperson	MP	notMinister	LAREM	La République en Marche	Coalition	Centre	PA721824	Renson, Hugues	M	1978	
ParlaMint-FR-en_2017-11-30-O1078	ParlaMint-FR_2017-11-30-O1078.u68	Proceedings of the debates in plenary sitting of the Assemblée Nationale, sitting: 78, 30/11/2017	2017-11-30	Lower house	15e législature	Session ordinaire 2017-2018 (CRSANR5L15S2018O1N078)	-	78. séance	-	Reference	English	Regular	MP	notMinister	LAREM	La République en Marche	Coalition	Centre	PA719994	Kamowski, Catherine	F	1958	
ParlaMint-FR-en_2017-11-30-O1078	ParlaMint-FR_2017-11-30-O1078.u69	Proceedings of the debates in plenary sitting of the Assemblée Nationale, sitting: 78, 30/11/2017	2017-11-30	Lower house	15e législature	Session ordinaire 2017-2018 (CRSANR5L15S2018O1N078)	-	78. séance	-	Reference	English	Regular	MP	notMinister	LAREM	La République en Marche	Coalition	Centre	PA721824	Renson, Hugues	M	1978	
ParlaMint-FR-en_2017-11-30-O1078	ParlaMint-FR_2017-11-30-O1078.u70	Proceedings of the debates in plenary sitting of the Assemblée Nationale, sitting: 78, 30/11/2017	2017-11-30	Lower house	15e législature	Session ordinaire 2017-2018 (CRSANR5L15S2018O1N078)	-	78. séance	-	Reference	English	Regular	notMP	notMinister	MODEM	Mouvement Démocrate et apparentés	Coalition	Centre to centre-right	PA719874	Jacquier-Laforge, Élodie	F	1978	
ParlaMint-FR-en_2017-11-30-O1078	ParlaMint-FR_2017-11-30-O1078.u71	Proceedings of the debates in plenary sitting of the Assemblée Nationale, sitting: 78, 30/11/2017	2017-11-30	Lower house	15e législature	Session ordinaire 2017-2018 (CRSANR5L15S2018O1N078)	-	78. séance	-	Reference	English	Regular	notMP	notMinister	LR	Les Républicains	Opposition	Centre-right	PA721314	Schellenberger, Raphaël	M	1990	
ParlaMint-FR-en_2017-11-30-O1078	ParlaMint-FR_2017-11-30-O1078.u72	Proceedings of the debates in plenary sitting of the Assemblée Nationale, sitting: 78, 30/11/2017	2017-11-30	Lower house	15e législature	Session ordinaire 2017-2018 (CRSANR5L15S2018O1N078)	-	78. séance	-	Reference	English	Regular	notMP	notMinister	MODEM	Mouvement Démocrate et apparentés	Coalition	Centre to centre-right	PA719874	Jacquier-Laforge, Élodie	F	1978	
ParlaMint-FR-en_2017-11-30-O1078	ParlaMint-FR_2017-11-30-O1078.u73	Proceedings of the debates in plenary sitting of the Assemblée Nationale, sitting: 78, 30/11/2017	2017-11-30	Lower house	15e législature	Session ordinaire 2017-2018 (CRSANR5L15S2018O1N078)	-	78. séance	-	Reference	English	Regular	MP	notMinister	LAREM	La République en Marche	Coalition	Centre	PA721824	Renson, Hugues	M	1978	
ParlaMint-FR-en_2017-11-30-O1078	ParlaMint-FR_2017-11-30-O1078.u74	Proceedings of the debates in plenary sitting of the Assemblée Nationale, sitting: 78, 30/11/2017	2017-11-30	Lower house	15e législature	Session ordinaire 2017-2018 (CRSANR5L15S2018O1N078)	-	78. séance	-	Reference	English	Regular	notMP	notMinister	LR	Les Républicains	Opposition	Centre-right	PA721314	Schellenberger, Raphaël	M	1990	
ParlaMint-FR-en_2017-11-30-O1078	ParlaMint-FR_2017-11-30-O1078.u75	Proceedings of the debates in plenary sitting of the Assemblée Nationale, sitting: 78, 30/11/2017	2017-11-30	Lower house	15e législature	Session ordinaire 2017-2018 (CRSANR5L15S2018O1N078)	-	78. séance	-	Reference	English	Regular	MP	notMinister	LAREM	La République en Marche	Coalition	Centre	PA721824	Renson, Hugues	M	1978	
ParlaMint-FR-en_2017-11-30-O1078	ParlaMint-FR_2017-11-30-O1078.u76	Proceedings of the debates in plenary sitting of the Assemblée Nationale, sitting: 78, 30/11/2017	2017-11-30	Lower house	15e législature	Session ordinaire 2017-2018 (CRSANR5L15S2018O1N078)	-	78. séance	-	Reference	English	Regular	notMP	Minister	-	-	-	-	PA227076	Gourault, Jacqueline	F	1950	
ParlaMint-FR-en_2017-11-30-O1078	ParlaMint-FR_2017-11-30-O1078.u77	Proceedings of the debates in plenary sitting of the Assemblée Nationale, sitting: 78, 30/11/2017	2017-11-30	Lower house	15e législature	Session ordinaire 2017-2018 (CRSANR5L15S2018O1N078)	-	78. séance	-	Reference	English	Regular	notMP	notMinister	LR	Les Républicains	Opposition	Centre-right	PA330909	Descoeur, Vincent	M	1962	
ParlaMint-FR-en_2017-11-30-O1078	ParlaMint-FR_2017-11-30-O1078.u78	Proceedings of the debates in plenary sitting of the Assemblée Nationale, sitting: 78, 30/11/2017	2017-11-30	Lower house	15e législature	Session ordinaire 2017-2018 (CRSANR5L15S2018O1N078)	-	78. séance	-	Reference	English	Regular	notMP	Minister	-	-	-	-	PA227076	Gourault, Jacqueline	F	1950	
ParlaMint-FR-en_2017-11-30-O1078	ParlaMint-FR_2017-11-30-O1078.u79	Proceedings of the debates in plenary sitting of the Assemblée Nationale, sitting: 78, 30/11/2017	2017-11-30	Lower house	15e législature	Session ordinaire 2017-2018 (CRSANR5L15S2018O1N078)	-	78. séance	-	Reference	English	Chairperson	MP	notMinister	LAREM	La République en Marche	Coalition	Centre	PA721824	Renson, Hugues	M	1978	
ParlaMint-FR-en_2017-11-30-O1078	ParlaMint-FR_2017-11-30-O1078.u80	Proceedings of the debates in plenary sitting of the Assemblée Nationale, sitting: 78, 30/11/2017	2017-11-30	Lower house	15e législature	Session ordinaire 2017-2018 (CRSANR5L15S2018O1N078)	-	78. séance	-	Reference	English	Regular	MP	notMinister	LR	Les Républicains	Opposition	Centre-right	PA346054	Maquet, Emmanuel	M	1968	
ParlaMint-FR-en_2017-11-30-O1078	ParlaMint-FR_2017-11-30-O1078.u81	Proceedings of the debates in plenary sitting of the Assemblée Nationale, sitting: 78, 30/11/2017	2017-11-30	Lower house	15e législature	Session ordinaire 2017-2018 (CRSANR5L15S2018O1N078)	-	78. séance	-	Reference	English	Regular	MP	notMinister	LAREM	La République en Marche	Coalition	Centre	PA721824	Renson, Hugues	M	1978	
ParlaMint-FR-en_2017-11-30-O1078	ParlaMint-FR_2017-11-30-O1078.u82	Proceedings of the debates in plenary sitting of the Assemblée Nationale, sitting: 78, 30/11/2017	2017-11-30	Lower house	15e législature	Session ordinaire 2017-2018 (CRSANR5L15S2018O1N078)	-	78. séance	-	Reference	English	Regular	notMP	notMinister	MODEM	Mouvement Démocrate et apparentés	Coalition	Centre to centre-right	PA719874	Jacquier-Laforge, Élodie	F	1978	
ParlaMint-FR-en_2017-11-30-O1078	ParlaMint-FR_2017-11-30-O1078.u83	Proceedings of the debates in plenary sitting of the Assemblée Nationale, sitting: 78, 30/11/2017	2017-11-30	Lower house	15e législature	Session ordinaire 2017-2018 (CRSANR5L15S2018O1N078)	-	78. séance	-	Reference	English	Regular	MP	notMinister	LAREM	La République en Marche	Coalition	Centre	PA721824	Renson, Hugues	M	1978	
ParlaMint-FR-en_2017-11-30-O1078	ParlaMint-FR_2017-11-30-O1078.u84	Proceedings of the debates in plenary sitting of the Assemblée Nationale, sitting: 78, 30/11/2017	2017-11-30	Lower house	15e législature	Session ordinaire 2017-2018 (CRSANR5L15S2018O1N078)	-	78. séance	-	Reference	English	Regular	notMP	Minister	-	-	-	-	PA227076	Gourault, Jacqueline	F	1950	
ParlaMint-FR-en_2017-11-30-O1078	ParlaMint-FR_2017-11-30-O1078.u85	Proceedings of the debates in plenary sitting of the Assemblée Nationale, sitting: 78, 30/11/2017	2017-11-30	Lower house	15e législature	Session ordinaire 2017-2018 (CRSANR5L15S2018O1N078)	-	78. séance	-	Reference	English	Regular	MP	notMinister	LAREM	La République en Marche	Coalition	Centre	PA721824	Renson, Hugues	M	1978	
ParlaMint-FR-en_2017-11-30-O1078	ParlaMint-FR_2017-11-30-O1078.u86	Proceedings of the debates in plenary sitting of the Assemblée Nationale, sitting: 78, 30/11/2017	2017-11-30	Lower house	15e législature	Session ordinaire 2017-2018 (CRSANR5L15S2018O1N078)	-	78. séance	-	Reference	English	Regular	MP	notMinister	LR	Les Républicains	Opposition	Centre-right	PA346054	Maquet, Emmanuel	M	1968	
ParlaMint-FR-en_2017-11-30-O1078	ParlaMint-FR_2017-11-30-O1078.u87	Proceedings of the debates in plenary sitting of the Assemblée Nationale, sitting: 78, 30/11/2017	2017-11-30	Lower house	15e législature	Session ordinaire 2017-2018 (CRSANR5L15S2018O1N078)	-	78. séance	-	Reference	English	Chairperson	MP	notMinister	LAREM	La République en Marche	Coalition	Centre	PA721824	Renson, Hugues	M	1978	
ParlaMint-FR-en_2017-11-30-O1078	ParlaMint-FR_2017-11-30-O1078.u88	Proceedings of the debates in plenary sitting of the Assemblée Nationale, sitting: 78, 30/11/2017	2017-11-30	Lower house	15e législature	Session ordinaire 2017-2018 (CRSANR5L15S2018O1N078)	-	78. séance	-	Reference	English	Regular	notMP	notMinister	LR	Les Républicains	Opposition	Centre-right	PA721314	Schellenberger, Raphaël	M	1990	
ParlaMint-FR-en_2017-11-30-O1078	ParlaMint-FR_2017-11-30-O1078.u89	Proceedings of the debates in plenary sitting of the Assemblée Nationale, sitting: 78, 30/11/2017	2017-11-30	Lower house	15e législature	Session ordinaire 2017-2018 (CRSANR5L15S2018O1N078)	-	78. séance	-	Reference	English	Regular	MP	notMinister	LAREM	La République en Marche	Coalition	Centre	PA721824	Renson, Hugues	M	1978	
ParlaMint-FR-en_2017-11-30-O1078	ParlaMint-FR_2017-11-30-O1078.u90	Proceedings of the debates in plenary sitting of the Assemblée Nationale, sitting: 78, 30/11/2017	2017-11-30	Lower house	15e législature	Session ordinaire 2017-2018 (CRSANR5L15S2018O1N078)	-	78. séance	-	Reference	English	Regular	notMP	notMinister	MODEM	Mouvement Démocrate et apparentés	Coalition	Centre to centre-right	PA719874	Jacquier-Laforge, Élodie	F	1978	
ParlaMint-FR-en_2017-11-30-O1078	ParlaMint-FR_2017-11-30-O1078.u91	Proceedings of the debates in plenary sitting of the Assemblée Nationale, sitting: 78, 30/11/2017	2017-11-30	Lower house	15e législature	Session ordinaire 2017-2018 (CRSANR5L15S2018O1N078)	-	78. séance	-	Reference	English	Regular	MP	notMinister	LAREM	La République en Marche	Coalition	Centre	PA721824	Renson, Hugues	M	1978	
ParlaMint-FR-en_2017-11-30-O1078	ParlaMint-FR_2017-11-30-O1078.u92	Proceedings of the debates in plenary sitting of the Assemblée Nationale, sitting: 78, 30/11/2017	2017-11-30	Lower house	15e législature	Session ordinaire 2017-2018 (CRSANR5L15S2018O1N078)	-	78. séance	-	Reference	English	Regular	notMP	Minister	-	-	-	-	PA227076	Gourault, Jacqueline	F	1950	
ParlaMint-FR-en_2017-11-30-O1078	ParlaMint-FR_2017-11-30-O1078.u93	Proceedings of the debates in plenary sitting of the Assemblée Nationale, sitting: 78, 30/11/2017	2017-11-30	Lower house	15e législature	Session ordinaire 2017-2018 (CRSANR5L15S2018O1N078)	-	78. séance	-	Reference	English	Regular	MP	notMinister	LAREM	La République en Marche	Coalition	Centre	PA721824	Renson, Hugues	M	1978	
ParlaMint-FR-en_2017-11-30-O1078	ParlaMint-FR_2017-11-30-O1078.u94	Proceedings of the debates in plenary sitting of the Assemblée Nationale, sitting: 78, 30/11/2017	2017-11-30	Lower house	15e législature	Session ordinaire 2017-2018 (CRSANR5L15S2018O1N078)	-	78. séance	-	Reference	English	Regular	notMP	notMinister	LR	Les Républicains	Opposition	Centre-right	PA721314	Schellenberger, Raphaël	M	1990	
ParlaMint-FR-en_2017-11-30-O1078	ParlaMint-FR_2017-11-30-O1078.u95	Proceedings of the debates in plenary sitting of the Assemblée Nationale, sitting: 78, 30/11/2017	2017-11-30	Lower house	15e législature	Session ordinaire 2017-2018 (CRSANR5L15S2018O1N078)	-	78. séance	-	Reference	English	Chairperson	MP	notMinister	LAREM	La République en Marche	Coalition	Centre	PA721824	Renson, Hugues	M	1978	
ParlaMint-FR-en_2017-11-30-O1078	ParlaMint-FR_2017-11-30-O1078.u96	Proceedings of the debates in plenary sitting of the Assemblée Nationale, sitting: 78, 30/11/2017	2017-11-30	Lower house	15e législature	Session ordinaire 2017-2018 (CRSANR5L15S2018O1N078)	-	78. séance	-	Reference	English	Regular	notMP	notMinister	LR	Les Républicains	Opposition	Centre-right	PA721314	Schellenberger, Raphaël	M	1990	
ParlaMint-FR-en_2017-11-30-O1078	ParlaMint-FR_2017-11-30-O1078.u97	Proceedings of the debates in plenary sitting of the Assemblée Nationale, sitting: 78, 30/11/2017	2017-11-30	Lower house	15e législature	Session ordinaire 2017-2018 (CRSANR5L15S2018O1N078)	-	78. séance	-	Reference	English	Regular	MP	notMinister	LAREM	La République en Marche	Coalition	Centre	PA721824	Renson, Hugues	M	1978	
ParlaMint-FR-en_2017-11-30-O1078	ParlaMint-FR_2017-11-30-O1078.u98	Proceedings of the debates in plenary sitting of the Assemblée Nationale, sitting: 78, 30/11/2017	2017-11-30	Lower house	15e législature	Session ordinaire 2017-2018 (CRSANR5L15S2018O1N078)	-	78. séance	-	Reference	English	Regular	notMP	notMinister	MODEM	Mouvement Démocrate et apparentés	Coalition	Centre to centre-right	PA719874	Jacquier-Laforge, Élodie	F	1978	
ParlaMint-FR-en_2017-11-30-O1078	ParlaMint-FR_2017-11-30-O1078.u99	Proceedings of the debates in plenary sitting of the Assemblée Nationale, sitting: 78, 30/11/2017	2017-11-30	Lower house	15e législature	Session ordinaire 2017-2018 (CRSANR5L15S2018O1N078)	-	78. séance	-	Reference	English	Chairperson	MP	notMinister	LAREM	La République en Marche	Coalition	Centre	PA721824	Renson, Hugues	M	1978	
ParlaMint-FR-en_2017-11-30-O1078	ParlaMint-FR_2017-11-30-O1078.u100	Proceedings of the debates in plenary sitting of the Assemblée Nationale, sitting: 78, 30/11/2017	2017-11-30	Lower house	15e législature	Session ordinaire 2017-2018 (CRSANR5L15S2018O1N078)	-	78. séance	-	Reference	English	Regular	notMP	notMinister	LR	Les Républicains	Opposition	Centre-right	PA721314	Schellenberger, Raphaël	M	1990	
ParlaMint-FR-en_2017-11-30-O1078	ParlaMint-FR_2017-11-30-O1078.u101	Proceedings of the debates in plenary sitting of the Assemblée Nationale, sitting: 78, 30/11/2017	2017-11-30	Lower house	15e législature	Session ordinaire 2017-2018 (CRSANR5L15S2018O1N078)	-	78. séance	-	Reference	English	Regular	MP	notMinister	LAREM	La République en Marche	Coalition	Centre	PA721824	Renson, Hugues	M	1978	
ParlaMint-FR-en_2017-11-30-O1078	ParlaMint-FR_2017-11-30-O1078.u102	Proceedings of the debates in plenary sitting of the Assemblée Nationale, sitting: 78, 30/11/2017	2017-11-30	Lower house	15e législature	Session ordinaire 2017-2018 (CRSANR5L15S2018O1N078)	-	78. séance	-	Reference	English	Regular	notMP	notMinister	MODEM	Mouvement Démocrate et apparentés	Coalition	Centre to centre-right	PA719874	Jacquier-Laforge, Élodie	F	1978	
ParlaMint-FR-en_2017-11-30-O1078	ParlaMint-FR_2017-11-30-O1078.u103	Proceedings of the debates in plenary sitting of the Assemblée Nationale, sitting: 78, 30/11/2017	2017-11-30	Lower house	15e législature	Session ordinaire 2017-2018 (CRSANR5L15S2018O1N078)	-	78. séance	-	Reference	English	Regular	MP	notMinister	LAREM	La République en Marche	Coalition	Centre	PA721824	Renson, Hugues	M	1978	
ParlaMint-FR-en_2017-11-30-O1078	ParlaMint-FR_2017-11-30-O1078.u104	Proceedings of the debates in plenary sitting of the Assemblée Nationale, sitting: 78, 30/11/2017	2017-11-30	Lower house	15e législature	Session ordinaire 2017-2018 (CRSANR5L15S2018O1N078)	-	78. séance	-	Reference	English	Regular	notMP	Minister	-	-	-	-	PA227076	Gourault, Jacqueline	F	1950	
ParlaMint-FR-en_2017-11-30-O1078	ParlaMint-FR_2017-11-30-O1078.u105	Proceedings of the debates in plenary sitting of the Assemblée Nationale, sitting: 78, 30/11/2017	2017-11-30	Lower house	15e législature	Session ordinaire 2017-2018 (CRSANR5L15S2018O1N078)	-	78. séance	-	Reference	English	Regular	MP	notMinister	LAREM	La République en Marche	Coalition	Centre	PA721824	Renson, Hugues	M	1978	
ParlaMint-FR-en_2017-11-30-O1078	ParlaMint-FR_2017-11-30-O1078.u106	Proceedings of the debates in plenary sitting of the Assemblée Nationale, sitting: 78, 30/11/2017	2017-11-30	Lower house	15e législature	Session ordinaire 2017-2018 (CRSANR5L15S2018O1N078)	-	78. séance	-	Reference	English	Regular	notMP	notMinister	LAREM	La République en Marche	Coalition	Centre	PA719890	Brulebois, Danielle	F	1947	
ParlaMint-FR-en_2017-11-30-O1078	ParlaMint-FR_2017-11-30-O1078.u107	Proceedings of the debates in plenary sitting of the Assemblée Nationale, sitting: 78, 30/11/2017	2017-11-30	Lower house	15e législature	Session ordinaire 2017-2018 (CRSANR5L15S2018O1N078)	-	78. séance	-	Reference	English	Regular	notMP	notMinister	LR	Les Républicains	Opposition	Centre-right	PA642847	Bazin, Thibault	M	1984	
ParlaMint-FR-en_2017-11-30-O1078	ParlaMint-FR_2017-11-30-O1078.u108	Proceedings of the debates in plenary sitting of the Assemblée Nationale, sitting: 78, 30/11/2017	2017-11-30	Lower house	15e législature	Session ordinaire 2017-2018 (CRSANR5L15S2018O1N078)	-	78. séance	-	Reference	English	Regular	MP	notMinister	LAREM	La République en Marche	Coalition	Centre	PA721824	Renson, Hugues	M	1978	
ParlaMint-FR-en_2017-11-30-O1078	ParlaMint-FR_2017-11-30-O1078.u109	Proceedings of the debates in plenary sitting of the Assemblée Nationale, sitting: 78, 30/11/2017	2017-11-30	Lower house	15e législature	Session ordinaire 2017-2018 (CRSANR5L15S2018O1N078)	-	78. séance	-	Reference	English	Regular	notMP	notMinister	LR	Les Républicains	Opposition	Centre-right	PA721314	Schellenberger, Raphaël	M	1990	
ParlaMint-FR-en_2017-11-30-O1078	ParlaMint-FR_2017-11-30-O1078.u110	Proceedings of the debates in plenary sitting of the Assemblée Nationale, sitting: 78, 30/11/2017	2017-11-30	Lower house	15e législature	Session ordinaire 2017-2018 (CRSANR5L15S2018O1N078)	-	78. séance	-	Reference	English	Chairperson	MP	notMinister	LAREM	La République en Marche	Coalition	Centre	PA721824	Renson, Hugues	M	1978	
ParlaMint-FR-en_2017-11-30-O1078	ParlaMint-FR_2017-11-30-O1078.u111	Proceedings of the debates in plenary sitting of the Assemblée Nationale, sitting: 78, 30/11/2017	2017-11-30	Lower house	15e législature	Session ordinaire 2017-2018 (CRSANR5L15S2018O1N078)	-	78. séance	-	Reference	English	Regular	notMP	Minister	-	-	-	-	PA227076	Gourault, Jacqueline	F	1950	
ParlaMint-FR-en_2017-11-30-O1078	ParlaMint-FR_2017-11-30-O1078.u112	Proceedings of the debates in plenary sitting of the Assemblée Nationale, sitting: 78, 30/11/2017	2017-11-30	Lower house	15e législature	Session ordinaire 2017-2018 (CRSANR5L15S2018O1N078)	-	78. séance	-	Reference	English	Regular	MP	notMinister	LAREM	La République en Marche	Coalition	Centre	PA721824	Renson, Hugues	M	1978	
ParlaMint-FR-en_2017-11-30-O1078	ParlaMint-FR_2017-11-30-O1078.u113	Proceedings of the debates in plenary sitting of the Assemblée Nationale, sitting: 78, 30/11/2017	2017-11-30	Lower house	15e législature	Session ordinaire 2017-2018 (CRSANR5L15S2018O1N078)	-	78. séance	-	Reference	English	Regular	notMP	notMinister	MODEM	Mouvement Démocrate et apparentés	Coalition	Centre to centre-right	PA719874	Jacquier-Laforge, Élodie	F	1978	
ParlaMint-FR-en_2017-11-30-O1078	ParlaMint-FR_2017-11-30-O1078.u114	Proceedings of the debates in plenary sitting of the Assemblée Nationale, sitting: 78, 30/11/2017	2017-11-30	Lower house	15e législature	Session ordinaire 2017-2018 (CRSANR5L15S2018O1N078)	-	78. séance	-	Reference	English	Regular	MP	notMinister	LAREM	La République en Marche	Coalition	Centre	PA721824	Renson, Hugues	M	1978	
ParlaMint-FR-en_2017-11-30-O1078	ParlaMint-FR_2017-11-30-O1078.u115	Proceedings of the debates in plenary sitting of the Assemblée Nationale, sitting: 78, 30/11/2017	2017-11-30	Lower house	15e législature	Session ordinaire 2017-2018 (CRSANR5L15S2018O1N078)	-	78. séance	-	Reference	English	Regular	notMP	notMinister	LAREM	La République en Marche	Coalition	Centre	PA722398	Rebeyrotte, Rémy	M	1966	
ParlaMint-FR-en_2017-11-30-O1078	ParlaMint-FR_2017-11-30-O1078.u116	Proceedings of the debates in plenary sitting of the Assemblée Nationale, sitting: 78, 30/11/2017	2017-11-30	Lower house	15e législature	Session ordinaire 2017-2018 (CRSANR5L15S2018O1N078)	-	78. séance	-	Reference	English	Regular	MP	notMinister	LAREM	La République en Marche	Coalition	Centre	PA721824	Renson, Hugues	M	1978	
ParlaMint-FR-en_2017-11-30-O1078	ParlaMint-FR_2017-11-30-O1078.u117	Proceedings of the debates in plenary sitting of the Assemblée Nationale, sitting: 78, 30/11/2017	2017-11-30	Lower house	15e législature	Session ordinaire 2017-2018 (CRSANR5L15S2018O1N078)	-	78. séance	-	Reference	English	Regular	MP	notMinister	MODEM	Mouvement Démocrate et apparentés	Coalition	Centre to centre-right	PA719938	Fesneau, Marc	M	1971	
ParlaMint-FR-en_2017-11-30-O1078	ParlaMint-FR_2017-11-30-O1078.u118	Proceedings of the debates in plenary sitting of the Assemblée Nationale, sitting: 78, 30/11/2017	2017-11-30	Lower house	15e législature	Session ordinaire 2017-2018 (CRSANR5L15S2018O1N078)	-	78. séance	-	Reference	English	Regular	MP	notMinister	LAREM	La République en Marche	Coalition	Centre	PA721824	Renson, Hugues	M	1978	
ParlaMint-FR-en_2017-11-30-O1078	ParlaMint-FR_2017-11-30-O1078.u119	Proceedings of the debates in plenary sitting of the Assemblée Nationale, sitting: 78, 30/11/2017	2017-11-30	Lower house	15e législature	Session ordinaire 2017-2018 (CRSANR5L15S2018O1N078)	-	78. séance	-	Reference	English	Regular	MP	notMinister	LR	Les Républicains	Opposition	Centre-right	PA267527	Saddier, Martial	M	1969	
ParlaMint-FR-en_2017-11-30-O1078	ParlaMint-FR_2017-11-30-O1078.u120	Proceedings of the debates in plenary sitting of the Assemblée Nationale, sitting: 78, 30/11/2017	2017-11-30	Lower house	15e législature	Session ordinaire 2017-2018 (CRSANR5L15S2018O1N078)	-	78. séance	-	Reference	English	Regular	MP	notMinister	MODEM	Mouvement Démocrate et apparentés	Coalition	Centre to centre-right	PA719938	Fesneau, Marc	M	1971	
ParlaMint-FR-en_2017-11-30-O1078	ParlaMint-FR_2017-11-30-O1078.u121	Proceedings of the debates in plenary sitting of the Assemblée Nationale, sitting: 78, 30/11/2017	2017-11-30	Lower house	15e législature	Session ordinaire 2017-2018 (CRSANR5L15S2018O1N078)	-	78. séance	-	Reference	English	Regular	MP	notMinister	LR	Les Républicains	Opposition	Centre-right	PA267527	Saddier, Martial	M	1969	
ParlaMint-FR-en_2017-11-30-O1078	ParlaMint-FR_2017-11-30-O1078.u122	Proceedings of the debates in plenary sitting of the Assemblée Nationale, sitting: 78, 30/11/2017	2017-11-30	Lower house	15e législature	Session ordinaire 2017-2018 (CRSANR5L15S2018O1N078)	-	78. séance	-	Reference	English	Regular	MP	notMinister	LAREM	La République en Marche	Coalition	Centre	PA721824	Renson, Hugues	M	1978	
ParlaMint-FR-en_2017-11-30-O1078	ParlaMint-FR_2017-11-30-O1078.u123	Proceedings of the debates in plenary sitting of the Assemblée Nationale, sitting: 78, 30/11/2017	2017-11-30	Lower house	15e législature	Session ordinaire 2017-2018 (CRSANR5L15S2018O1N078)	-	78. séance	-	Reference	English	Regular	notMP	notMinister	GDR	Gauche démocrate et républicaine	Opposition	Left	PA267306	Chassaigne, André	M	1950	
ParlaMint-FR-en_2017-11-30-O1078	ParlaMint-FR_2017-11-30-O1078.u124	Proceedings of the debates in plenary sitting of the Assemblée Nationale, sitting: 78, 30/11/2017	2017-11-30	Lower house	15e législature	Session ordinaire 2017-2018 (CRSANR5L15S2018O1N078)	-	78. séance	-	Reference	English	Regular	MP	notMinister	LAREM	La République en Marche	Coalition	Centre	PA721824	Renson, Hugues	M	1978	
ParlaMint-FR-en_2017-11-30-O1078	ParlaMint-FR_2017-11-30-O1078.u125	Proceedings of the debates in plenary sitting of the Assemblée Nationale, sitting: 78, 30/11/2017	2017-11-30	Lower house	15e législature	Session ordinaire 2017-2018 (CRSANR5L15S2018O1N078)	-	78. séance	-	Reference	English	Regular	notMP	Minister	-	-	-	-	PA227076	Gourault, Jacqueline	F	1950	
ParlaMint-FR-en_2017-11-30-O1078	ParlaMint-FR_2017-11-30-O1078.u126	Proceedings of the debates in plenary sitting of the Assemblée Nationale, sitting: 78, 30/11/2017	2017-11-30	Lower house	15e législature	Session ordinaire 2017-2018 (CRSANR5L15S2018O1N078)	-	78. séance	-	Reference	English	Chairperson	MP	notMinister	LAREM	La République en Marche	Coalition	Centre	PA721824	Renson, Hugues	M	1978	
ParlaMint-FR-en_2017-11-30-O1078	ParlaMint-FR_2017-11-30-O1078.u127	Proceedings of the debates in plenary sitting of the Assemblée Nationale, sitting: 78, 30/11/2017	2017-11-30	Lower house	15e législature	Session ordinaire 2017-2018 (CRSANR5L15S2018O1N078)	-	78. séance	-	Reference	English	Regular	notMP	notMinister	MODEM	Mouvement Démocrate et apparentés	Coalition	Centre to centre-right	PA719874	Jacquier-Laforge, Élodie	F	1978	
ParlaMint-FR-en_2017-11-30-O1078	ParlaMint-FR_2017-11-30-O1078.u128	Proceedings of the debates in plenary sitting of the Assemblée Nationale, sitting: 78, 30/11/2017	2017-11-30	Lower house	15e législature	Session ordinaire 2017-2018 (CRSANR5L15S2018O1N078)	-	78. séance	-	Reference	English	Regular	MP	notMinister	LAREM	La République en Marche	Coalition	Centre	PA721824	Renson, Hugues	M	1978	
ParlaMint-FR-en_2017-11-30-O1078	ParlaMint-FR_2017-11-30-O1078.u129	Proceedings of the debates in plenary sitting of the Assemblée Nationale, sitting: 78, 30/11/2017	2017-11-30	Lower house	15e législature	Session ordinaire 2017-2018 (CRSANR5L15S2018O1N078)	-	78. séance	-	Reference	English	Regular	notMP	Minister	-	-	-	-	PA227076	Gourault, Jacqueline	F	1950	
ParlaMint-FR-en_2017-11-30-O1078	ParlaMint-FR_2017-11-30-O1078.u130	Proceedings of the debates in plenary sitting of the Assemblée Nationale, sitting: 78, 30/11/2017	2017-11-30	Lower house	15e législature	Session ordinaire 2017-2018 (CRSANR5L15S2018O1N078)	-	78. séance	-	Reference	English	Regular	MP	notMinister	LAREM	La République en Marche	Coalition	Centre	PA721824	Renson, Hugues	M	1978	
ParlaMint-FR-en_2017-11-30-O1078	ParlaMint-FR_2017-11-30-O1078.u131	Proceedings of the debates in plenary sitting of the Assemblée Nationale, sitting: 78, 30/11/2017	2017-11-30	Lower house	15e législature	Session ordinaire 2017-2018 (CRSANR5L15S2018O1N078)	-	78. séance	-	Reference	English	Regular	MP	notMinister	MODEM	Mouvement Démocrate et apparentés	Coalition	Centre to centre-right	PA721836	Barrot, Jean-Noël	M	1983	
ParlaMint-FR-en_2017-11-30-O1078	ParlaMint-FR_2017-11-30-O1078.u132	Proceedings of the debates in plenary sitting of the Assemblée Nationale, sitting: 78, 30/11/2017	2017-11-30	Lower house	15e législature	Session ordinaire 2017-2018 (CRSANR5L15S2018O1N078)	-	78. séance	-	Reference	English	Regular	notMP	notMinister	MODEM	Mouvement Démocrate et apparentés	Coalition	Centre to centre-right	PA721608	Bourlanges, Jean-Louis	M	1946	
ParlaMint-FR-en_2017-11-30-O1078	ParlaMint-FR_2017-11-30-O1078.u133	Proceedings of the debates in plenary sitting of the Assemblée Nationale, sitting: 78, 30/11/2017	2017-11-30	Lower house	15e législature	Session ordinaire 2017-2018 (CRSANR5L15S2018O1N078)	-	78. séance	-	Reference	English	Regular	notMP	notMinister	GDR	Gauche démocrate et républicaine	Opposition	Left	PA267306	Chassaigne, André	M	1950	
ParlaMint-FR-en_2017-11-30-O1078	ParlaMint-FR_2017-11-30-O1078.u134	Proceedings of the debates in plenary sitting of the Assemblée Nationale, sitting: 78, 30/11/2017	2017-11-30	Lower house	15e législature	Session ordinaire 2017-2018 (CRSANR5L15S2018O1N078)	-	78. séance	-	Reference	English	Regular	MP	notMinister	LAREM	La République en Marche	Coalition	Centre	PA721824	Renson, Hugues	M	1978	
ParlaMint-FR-en_2017-11-30-O1078	ParlaMint-FR_2017-11-30-O1078.u135	Proceedings of the debates in plenary sitting of the Assemblée Nationale, sitting: 78, 30/11/2017	2017-11-30	Lower house	15e législature	Session ordinaire 2017-2018 (CRSANR5L15S2018O1N078)	-	78. séance	-	Reference	English	Regular	notMP	notMinister	LR	Les Républicains	Opposition	Centre-right	PA721314	Schellenberger, Raphaël	M	1990	
ParlaMint-FR-en_2017-11-30-O1078	ParlaMint-FR_2017-11-30-O1078.u136	Proceedings of the debates in plenary sitting of the Assemblée Nationale, sitting: 78, 30/11/2017	2017-11-30	Lower house	15e législature	Session ordinaire 2017-2018 (CRSANR5L15S2018O1N078)	-	78. séance	-	Reference	English	Regular	MP	notMinister	LAREM	La République en Marche	Coalition	Centre	PA721824	Renson, Hugues	M	1978	
ParlaMint-FR-en_2017-11-30-O1078	ParlaMint-FR_2017-11-30-O1078.u137	Proceedings of the debates in plenary sitting of the Assemblée Nationale, sitting: 78, 30/11/2017	2017-11-30	Lower house	15e législature	Session ordinaire 2017-2018 (CRSANR5L15S2018O1N078)	-	78. séance	-	Reference	English	Regular	notMP	Minister	-	-	-	-	PA227076	Gourault, Jacqueline	F	1950	
ParlaMint-FR-en_2017-11-30-O1078	ParlaMint-FR_2017-11-30-O1078.u138	Proceedings of the debates in plenary sitting of the Assemblée Nationale, sitting: 78, 30/11/2017	2017-11-30	Lower house	15e législature	Session ordinaire 2017-2018 (CRSANR5L15S2018O1N078)	-	78. séance	-	Reference	English	Chairperson	MP	notMinister	LAREM	La République en Marche	Coalition	Centre	PA721824	Renson, Hugues	M	1978	
ParlaMint-FR-en_2017-11-30-O1078	ParlaMint-FR_2017-11-30-O1078.u139	Proceedings of the debates in plenary sitting of the Assemblée Nationale, sitting: 78, 30/11/2017	2017-11-30	Lower house	15e législature	Session ordinaire 2017-2018 (CRSANR5L15S2018O1N078)	-	78. séance	-	Reference	English	Regular	notMP	Minister	-	-	-	-	PA227076	Gourault, Jacqueline	F	1950	
ParlaMint-FR-en_2017-11-30-O1078	ParlaMint-FR_2017-11-30-O1078.u140	Proceedings of the debates in plenary sitting of the Assemblée Nationale, sitting: 78, 30/11/2017	2017-11-30	Lower house	15e législature	Session ordinaire 2017-2018 (CRSANR5L15S2018O1N078)	-	78. séance	-	Reference	English	Regular	MP	notMinister	LAREM	La République en Marche	Coalition	Centre	PA721824	Renson, Hugues	M	1978	
ParlaMint-FR-en_2017-11-30-O1078	ParlaMint-FR_2017-11-30-O1078.u141	Proceedings of the debates in plenary sitting of the Assemblée Nationale, sitting: 78, 30/11/2017	2017-11-30	Lower house	15e législature	Session ordinaire 2017-2018 (CRSANR5L15S2018O1N078)	-	78. séance	-	Reference	English	Regular	notMP	notMinister	MODEM	Mouvement Démocrate et apparentés	Coalition	Centre to centre-right	PA719874	Jacquier-Laforge, Élodie	F	1978	
ParlaMint-FR-en_2017-11-30-O1078	ParlaMint-FR_2017-11-30-O1078.u142	Proceedings of the debates in plenary sitting of the Assemblée Nationale, sitting: 78, 30/11/2017	2017-11-30	Lower house	15e législature	Session ordinaire 2017-2018 (CRSANR5L15S2018O1N078)	-	78. séance	-	Reference	English	Chairperson	MP	notMinister	LAREM	La République en Marche	Coalition	Centre	PA721824	Renson, Hugues	M	1978	
ParlaMint-FR-en_2017-11-30-O1078	ParlaMint-FR_2017-11-30-O1078.u143	Proceedings of the debates in plenary sitting of the Assemblée Nationale, sitting: 78, 30/11/2017	2017-11-30	Lower house	15e législature	Session ordinaire 2017-2018 (CRSANR5L15S2018O1N078)	-	78. séance	-	Reference	English	Regular	MP	notMinister	LR	Les Républicains	Opposition	Centre-right	PA267527	Saddier, Martial	M	1969	
ParlaMint-FR-en_2017-11-30-O1078	ParlaMint-FR_2017-11-30-O1078.u144	Proceedings of the debates in plenary sitting of the Assemblée Nationale, sitting: 78, 30/11/2017	2017-11-30	Lower house	15e législature	Session ordinaire 2017-2018 (CRSANR5L15S2018O1N078)	-	78. séance	-	Reference	English	Chairperson	MP	notMinister	LAREM	La République en Marche	Coalition	Centre	PA721824	Renson, Hugues	M	1978	
ParlaMint-FR-en_2017-11-30-O1078	ParlaMint-FR_2017-11-30-O1078.u145	Proceedings of the debates in plenary sitting of the Assemblée Nationale, sitting: 78, 30/11/2017	2017-11-30	Lower house	15e législature	Session ordinaire 2017-2018 (CRSANR5L15S2018O1N078)	-	78. séance	-	Reference	English	Regular	MP	notMinister	UDI-AGIR	UDI, Agir et Indépendants	Opposition	Right	PA719806	Auconie, Sophie	F	1963	
ParlaMint-FR-en_2017-11-30-O1078	ParlaMint-FR_2017-11-30-O1078.u146	Proceedings of the debates in plenary sitting of the Assemblée Nationale, sitting: 78, 30/11/2017	2017-11-30	Lower house	15e législature	Session ordinaire 2017-2018 (CRSANR5L15S2018O1N078)	-	78. séance	-	Reference	English	Regular	MP	notMinister	LAREM	La République en Marche	Coalition	Centre	PA721824	Renson, Hugues	M	1978	
ParlaMint-FR-en_2017-11-30-O1078	ParlaMint-FR_2017-11-30-O1078.u147	Proceedings of the debates in plenary sitting of the Assemblée Nationale, sitting: 78, 30/11/2017	2017-11-30	Lower house	15e législature	Session ordinaire 2017-2018 (CRSANR5L15S2018O1N078)	-	78. séance	-	Reference	English	Regular	notMP	notMinister	MODEM	Mouvement Démocrate et apparentés	Coalition	Centre to centre-right	PA719874	Jacquier-Laforge, Élodie	F	1978	
ParlaMint-FR-en_2017-11-30-O1078	ParlaMint-FR_2017-11-30-O1078.u148	Proceedings of the debates in plenary sitting of the Assemblée Nationale, sitting: 78, 30/11/2017	2017-11-30	Lower house	15e législature	Session ordinaire 2017-2018 (CRSANR5L15S2018O1N078)	-	78. séance	-	Reference	English	Regular	MP	notMinister	LAREM	La République en Marche	Coalition	Centre	PA721824	Renson, Hugues	M	1978	
ParlaMint-FR-en_2017-11-30-O1078	ParlaMint-FR_2017-11-30-O1078.u149	Proceedings of the debates in plenary sitting of the Assemblée Nationale, sitting: 78, 30/11/2017	2017-11-30	Lower house	15e législature	Session ordinaire 2017-2018 (CRSANR5L15S2018O1N078)	-	78. séance	-	Reference	English	Regular	notMP	Minister	-	-	-	-	PA227076	Gourault, Jacqueline	F	1950	
ParlaMint-FR-en_2017-11-30-O1078	ParlaMint-FR_2017-11-30-O1078.u150	Proceedings of the debates in plenary sitting of the Assemblée Nationale, sitting: 78, 30/11/2017	2017-11-30	Lower house	15e législature	Session ordinaire 2017-2018 (CRSANR5L15S2018O1N078)	-	78. séance	-	Reference	English	Regular	MP	notMinister	LAREM	La République en Marche	Coalition	Centre	PA721824	Renson, Hugues	M	1978	
ParlaMint-FR-en_2017-11-30-O1078	ParlaMint-FR_2017-11-30-O1078.u151	Proceedings of the debates in plenary sitting of the Assemblée Nationale, sitting: 78, 30/11/2017	2017-11-30	Lower house	15e législature	Session ordinaire 2017-2018 (CRSANR5L15S2018O1N078)	-	78. séance	-	Reference	English	Regular	MP	notMinister	LR	Les Républicains	Opposition	Centre-right	PA267527	Saddier, Martial	M	1969	
ParlaMint-FR-en_2017-11-30-O1078	ParlaMint-FR_2017-11-30-O1078.u152	Proceedings of the debates in plenary sitting of the Assemblée Nationale, sitting: 78, 30/11/2017	2017-11-30	Lower house	15e législature	Session ordinaire 2017-2018 (CRSANR5L15S2018O1N078)	-	78. séance	-	Reference	English	Regular	MP	notMinister	LAREM	La République en Marche	Coalition	Centre	PA721824	Renson, Hugues	M	1978	
ParlaMint-FR-en_2017-11-30-O1078	ParlaMint-FR_2017-11-30-O1078.u153	Proceedings of the debates in plenary sitting of the Assemblée Nationale, sitting: 78, 30/11/2017	2017-11-30	Lower house	15e législature	Session ordinaire 2017-2018 (CRSANR5L15S2018O1N078)	-	78. séance	-	Reference	English	Regular	MP	notMinister	UDI-AGIR	UDI, Agir et Indépendants	Opposition	Right	PA719806	Auconie, Sophie	F	1963	
ParlaMint-FR-en_2017-11-30-O1078	ParlaMint-FR_2017-11-30-O1078.u154	Proceedings of the debates in plenary sitting of the Assemblée Nationale, sitting: 78, 30/11/2017	2017-11-30	Lower house	15e législature	Session ordinaire 2017-2018 (CRSANR5L15S2018O1N078)	-	78. séance	-	Reference	English	Chairperson	MP	notMinister	LAREM	La République en Marche	Coalition	Centre	PA721824	Renson, Hugues	M	1978	
ParlaMint-FR-en_2017-11-30-O1078	ParlaMint-FR_2017-11-30-O1078.u155	Proceedings of the debates in plenary sitting of the Assemblée Nationale, sitting: 78, 30/11/2017	2017-11-30	Lower house	15e législature	Session ordinaire 2017-2018 (CRSANR5L15S2018O1N078)	-	78. séance	-	Reference	English	Regular	MP	notMinister	MODEM	Mouvement Démocrate et apparentés	Coalition	Centre to centre-right	PA721836	Barrot, Jean-Noël	M	1983	
ParlaMint-FR-en_2017-11-30-O1078	ParlaMint-FR_2017-11-30-O1078.u156	Proceedings of the debates in plenary sitting of the Assemblée Nationale, sitting: 78, 30/11/2017	2017-11-30	Lower house	15e législature	Session ordinaire 2017-2018 (CRSANR5L15S2018O1N078)	-	78. séance	-	Reference	English	Regular	MP	notMinister	LAREM	La République en Marche	Coalition	Centre	PA721824	Renson, Hugues	M	1978	
ParlaMint-FR-en_2017-11-30-O1078	ParlaMint-FR_2017-11-30-O1078.u157	Proceedings of the debates in plenary sitting of the Assemblée Nationale, sitting: 78, 30/11/2017	2017-11-30	Lower house	15e législature	Session ordinaire 2017-2018 (CRSANR5L15S2018O1N078)	-	78. séance	-	Reference	English	Regular	MP	notMinister	MODEM	Mouvement Démocrate et apparentés	Coalition	Centre to centre-right	PA720746	Waserman, Sylvain	M	1967	
ParlaMint-FR-en_2017-11-30-O1078	ParlaMint-FR_2017-11-30-O1078.u158	Proceedings of the debates in plenary sitting of the Assemblée Nationale, sitting: 78, 30/11/2017	2017-11-30	Lower house	15e législature	Session ordinaire 2017-2018 (CRSANR5L15S2018O1N078)	-	78. séance	-	Reference	English	Regular	MP	notMinister	LAREM	La République en Marche	Coalition	Centre	PA721824	Renson, Hugues	M	1978	
ParlaMint-FR-en_2017-11-30-O1078	ParlaMint-FR_2017-11-30-O1078.u159	Proceedings of the debates in plenary sitting of the Assemblée Nationale, sitting: 78, 30/11/2017	2017-11-30	Lower house	15e législature	Session ordinaire 2017-2018 (CRSANR5L15S2018O1N078)	-	78. séance	-	Reference	English	Regular	notMP	notMinister	LR	Les Républicains	Opposition	Centre-right	PA721314	Schellenberger, Raphaël	M	1990	
ParlaMint-FR-en_2017-11-30-O1078	ParlaMint-FR_2017-11-30-O1078.u160	Proceedings of the debates in plenary sitting of the Assemblée Nationale, sitting: 78, 30/11/2017	2017-11-30	Lower house	15e législature	Session ordinaire 2017-2018 (CRSANR5L15S2018O1N078)	-	78. séance	-	Reference	English	Chairperson	MP	notMinister	LAREM	La République en Marche	Coalition	Centre	PA721824	Renson, Hugues	M	1978	
ParlaMint-FR-en_2017-11-30-O1078	ParlaMint-FR_2017-11-30-O1078.u161	Proceedings of the debates in plenary sitting of the Assemblée Nationale, sitting: 78, 30/11/2017	2017-11-30	Lower house	15e législature	Session ordinaire 2017-2018 (CRSANR5L15S2018O1N078)	-	78. séance	-	Reference	English	Regular	notMP	Minister	-	-	-	-	PA227076	Gourault, Jacqueline	F	1950	
ParlaMint-FR-en_2017-11-30-O1078	ParlaMint-FR_2017-11-30-O1078.u162	Proceedings of the debates in plenary sitting of the Assemblée Nationale, sitting: 78, 30/11/2017	2017-11-30	Lower house	15e législature	Session ordinaire 2017-2018 (CRSANR5L15S2018O1N078)	-	78. séance	-	Reference	English	Regular	MP	notMinister	LAREM	La République en Marche	Coalition	Centre	PA721824	Renson, Hugues	M	1978	
ParlaMint-FR-en_2017-11-30-O1078	ParlaMint-FR_2017-11-30-O1078.u163	Proceedings of the debates in plenary sitting of the Assemblée Nationale, sitting: 78, 30/11/2017	2017-11-30	Lower house	15e législature	Session ordinaire 2017-2018 (CRSANR5L15S2018O1N078)	-	78. séance	-	Reference	English	Regular	notMP	notMinister	MODEM	Mouvement Démocrate et apparentés	Coalition	Centre to centre-right	PA719874	Jacquier-Laforge, Élodie	F	1978	
ParlaMint-FR-en_2017-11-30-O1078	ParlaMint-FR_2017-11-30-O1078.u164	Proceedings of the debates in plenary sitting of the Assemblée Nationale, sitting: 78, 30/11/2017	2017-11-30	Lower house	15e législature	Session ordinaire 2017-2018 (CRSANR5L15S2018O1N078)	-	78. séance	-	Reference	English	Regular	MP	notMinister	LAREM	La République en Marche	Coalition	Centre	PA721824	Renson, Hugues	M	1978	
ParlaMint-FR-en_2017-11-30-O1078	ParlaMint-FR_2017-11-30-O1078.u165	Proceedings of the debates in plenary sitting of the Assemblée Nationale, sitting: 78, 30/11/2017	2017-11-30	Lower house	15e législature	Session ordinaire 2017-2018 (CRSANR5L15S2018O1N078)	-	78. séance	-	Reference	English	Regular	MP	notMinister	LAREM	La République en Marche	Coalition	Centre	PA719994	Kamowski, Catherine	F	1958	
ParlaMint-FR-en_2017-11-30-O1078	ParlaMint-FR_2017-11-30-O1078.u166	Proceedings of the debates in plenary sitting of the Assemblée Nationale, sitting: 78, 30/11/2017	2017-11-30	Lower house	15e législature	Session ordinaire 2017-2018 (CRSANR5L15S2018O1N078)	-	78. séance	-	Reference	English	Regular	MP	notMinister	LAREM	La République en Marche	Coalition	Centre	PA721824	Renson, Hugues	M	1978	
ParlaMint-FR-en_2017-11-30-O1078	ParlaMint-FR_2017-11-30-O1078.u167	Proceedings of the debates in plenary sitting of the Assemblée Nationale, sitting: 78, 30/11/2017	2017-11-30	Lower house	15e législature	Session ordinaire 2017-2018 (CRSANR5L15S2018O1N078)	-	78. séance	-	Reference	English	Regular	MP	notMinister	MODEM	Mouvement Démocrate et apparentés	Coalition	Centre to centre-right	PA720746	Waserman, Sylvain	M	1967	
ParlaMint-FR-en_2017-11-30-O1078	ParlaMint-FR_2017-11-30-O1078.u168	Proceedings of the debates in plenary sitting of the Assemblée Nationale, sitting: 78, 30/11/2017	2017-11-30	Lower house	15e législature	Session ordinaire 2017-2018 (CRSANR5L15S2018O1N078)	-	78. séance	-	Reference	English	Chairperson	MP	notMinister	LAREM	La République en Marche	Coalition	Centre	PA721824	Renson, Hugues	M	1978	
ParlaMint-FR-en_2017-11-30-O1078	ParlaMint-FR_2017-11-30-O1078.u169	Proceedings of the debates in plenary sitting of the Assemblée Nationale, sitting: 78, 30/11/2017	2017-11-30	Lower house	15e législature	Session ordinaire 2017-2018 (CRSANR5L15S2018O1N078)	-	78. séance	-	Reference	English	Regular	notMP	notMinister	MODEM	Mouvement Démocrate et apparentés	Coalition	Centre to centre-right	PA719874	Jacquier-Laforge, Élodie	F	1978	
ParlaMint-FR-en_2017-11-30-O1078	ParlaMint-FR_2017-11-30-O1078.u170	Proceedings of the debates in plenary sitting of the Assemblée Nationale, sitting: 78, 30/11/2017	2017-11-30	Lower house	15e législature	Session ordinaire 2017-2018 (CRSANR5L15S2018O1N078)	-	78. séance	-	Reference	English	Chairperson	MP	notMinister	LAREM	La République en Marche	Coalition	Centre	PA721824	Renson, Hugues	M	1978	
ParlaMint-FR-en_2017-11-30-O1078	ParlaMint-FR_2017-11-30-O1078.u171	Proceedings of the debates in plenary sitting of the Assemblée Nationale, sitting: 78, 30/11/2017	2017-11-30	Lower house	15e législature	Session ordinaire 2017-2018 (CRSANR5L15S2018O1N078)	-	78. séance	-	Reference	English	Regular	MP	notMinister	LAREM	La République en Marche	Coalition	Centre	PA722228	Leclabart, Jean-Claude	M	1954	
ParlaMint-FR-en_2017-11-30-O1078	ParlaMint-FR_2017-11-30-O1078.u172	Proceedings of the debates in plenary sitting of the Assemblée Nationale, sitting: 78, 30/11/2017	2017-11-30	Lower house	15e législature	Session ordinaire 2017-2018 (CRSANR5L15S2018O1N078)	-	78. séance	-	Reference	English	Regular	MP	notMinister	LAREM	La République en Marche	Coalition	Centre	PA721824	Renson, Hugues	M	1978	
ParlaMint-FR-en_2017-11-30-O1078	ParlaMint-FR_2017-11-30-O1078.u173	Proceedings of the debates in plenary sitting of the Assemblée Nationale, sitting: 78, 30/11/2017	2017-11-30	Lower house	15e législature	Session ordinaire 2017-2018 (CRSANR5L15S2018O1N078)	-	78. séance	-	Reference	English	Regular	notMP	notMinister	MODEM	Mouvement Démocrate et apparentés	Coalition	Centre to centre-right	PA719874	Jacquier-Laforge, Élodie	F	1978	
ParlaMint-FR-en_2017-11-30-O1078	ParlaMint-FR_2017-11-30-O1078.u174	Proceedings of the debates in plenary sitting of the Assemblée Nationale, sitting: 78, 30/11/2017	2017-11-30	Lower house	15e législature	Session ordinaire 2017-2018 (CRSANR5L15S2018O1N078)	-	78. séance	-	Reference	English	Regular	MP	notMinister	LAREM	La République en Marche	Coalition	Centre	PA721824	Renson, Hugues	M	1978	
ParlaMint-FR-en_2017-11-30-O1078	ParlaMint-FR_2017-11-30-O1078.u175	Proceedings of the debates in plenary sitting of the Assemblée Nationale, sitting: 78, 30/11/2017	2017-11-30	Lower house	15e législature	Session ordinaire 2017-2018 (CRSANR5L15S2018O1N078)	-	78. séance	-	Reference	English	Regular	notMP	Minister	-	-	-	-	PA227076	Gourault, Jacqueline	F	1950	
ParlaMint-FR-en_2017-11-30-O1078	ParlaMint-FR_2017-11-30-O1078.u176	Proceedings of the debates in plenary sitting of the Assemblée Nationale, sitting: 78, 30/11/2017	2017-11-30	Lower house	15e législature	Session ordinaire 2017-2018 (CRSANR5L15S2018O1N078)	-	78. séance	-	Reference	English	Regular	notMP	notMinister	GDR	Gauche démocrate et républicaine	Opposition	Left	PA267306	Chassaigne, André	M	1950	
ParlaMint-FR-en_2017-11-30-O1078	ParlaMint-FR_2017-11-30-O1078.u177	Proceedings of the debates in plenary sitting of the Assemblée Nationale, sitting: 78, 30/11/2017	2017-11-30	Lower house	15e législature	Session ordinaire 2017-2018 (CRSANR5L15S2018O1N078)	-	78. séance	-	Reference	English	Regular	notMP	Minister	-	-	-	-	PA227076	Gourault, Jacqueline	F	1950	
ParlaMint-FR-en_2017-11-30-O1078	ParlaMint-FR_2017-11-30-O1078.u178	Proceedings of the debates in plenary sitting of the Assemblée Nationale, sitting: 78, 30/11/2017	2017-11-30	Lower house	15e législature	Session ordinaire 2017-2018 (CRSANR5L15S2018O1N078)	-	78. séance	-	Reference	English	Regular	MP	notMinister	LAREM	La République en Marche	Coalition	Centre	PA721824	Renson, Hugues	M	1978	
ParlaMint-FR-en_2017-11-30-O1078	ParlaMint-FR_2017-11-30-O1078.u179	Proceedings of the debates in plenary sitting of the Assemblée Nationale, sitting: 78, 30/11/2017	2017-11-30	Lower house	15e législature	Session ordinaire 2017-2018 (CRSANR5L15S2018O1N078)	-	78. séance	-	Reference	English	Regular	MP	notMinister	LAREM	La République en Marche	Coalition	Centre	PA722228	Leclabart, Jean-Claude	M	1954	
ParlaMint-FR-en_2017-11-30-O1078	ParlaMint-FR_2017-11-30-O1078.u180	Proceedings of the debates in plenary sitting of the Assemblée Nationale, sitting: 78, 30/11/2017	2017-11-30	Lower house	15e législature	Session ordinaire 2017-2018 (CRSANR5L15S2018O1N078)	-	78. séance	-	Reference	English	Regular	notMP	notMinister	GDR	Gauche démocrate et républicaine	Opposition	Left	PA267306	Chassaigne, André	M	1950	
ParlaMint-FR-en_2017-11-30-O1078	ParlaMint-FR_2017-11-30-O1078.u181	Proceedings of the debates in plenary sitting of the Assemblée Nationale, sitting: 78, 30/11/2017	2017-11-30	Lower house	15e législature	Session ordinaire 2017-2018 (CRSANR5L15S2018O1N078)	-	78. séance	-	Reference	English	Chairperson	MP	notMinister	LAREM	La République en Marche	Coalition	Centre	PA721824	Renson, Hugues	M	1978	
ParlaMint-FR-en_2017-11-30-O1078	ParlaMint-FR_2017-11-30-O1078.u182	Proceedings of the debates in plenary sitting of the Assemblée Nationale, sitting: 78, 30/11/2017	2017-11-30	Lower house	15e législature	Session ordinaire 2017-2018 (CRSANR5L15S2018O1N078)	-	78. séance	-	Reference	English	Regular	MP	notMinister	LR	Les Républicains	Opposition	Centre-right	PA267527	Saddier, Martial	M	1969	
ParlaMint-FR-en_2017-11-30-O1078	ParlaMint-FR_2017-11-30-O1078.u183	Proceedings of the debates in plenary sitting of the Assemblée Nationale, sitting: 78, 30/11/2017	2017-11-30	Lower house	15e législature	Session ordinaire 2017-2018 (CRSANR5L15S2018O1N078)	-	78. séance	-	Reference	English	Chairperson	MP	notMinister	LAREM	La République en Marche	Coalition	Centre	PA721824	Renson, Hugues	M	1978	
ParlaMint-FR-en_2017-11-30-O1078	ParlaMint-FR_2017-11-30-O1078.u184	Proceedings of the debates in plenary sitting of the Assemblée Nationale, sitting: 78, 30/11/2017	2017-11-30	Lower house	15e législature	Session ordinaire 2017-2018 (CRSANR5L15S2018O1N078)	-	78. séance	-	Reference	English	Regular	MP	notMinister	UDI-AGIR	UDI, Agir et Indépendants	Opposition	Right	PA719806	Auconie, Sophie	F	1963	
ParlaMint-FR-en_2017-11-30-O1078	ParlaMint-FR_2017-11-30-O1078.u185	Proceedings of the debates in plenary sitting of the Assemblée Nationale, sitting: 78, 30/11/2017	2017-11-30	Lower house	15e législature	Session ordinaire 2017-2018 (CRSANR5L15S2018O1N078)	-	78. séance	-	Reference	English	Regular	MP	notMinister	LAREM	La République en Marche	Coalition	Centre	PA721824	Renson, Hugues	M	1978	
ParlaMint-FR-en_2017-11-30-O1078	ParlaMint-FR_2017-11-30-O1078.u186	Proceedings of the debates in plenary sitting of the Assemblée Nationale, sitting: 78, 30/11/2017	2017-11-30	Lower house	15e législature	Session ordinaire 2017-2018 (CRSANR5L15S2018O1N078)	-	78. séance	-	Reference	English	Regular	notMP	notMinister	MODEM	Mouvement Démocrate et apparentés	Coalition	Centre to centre-right	PA719874	Jacquier-Laforge, Élodie	F	1978	
ParlaMint-FR-en_2017-11-30-O1078	ParlaMint-FR_2017-11-30-O1078.u187	Proceedings of the debates in plenary sitting of the Assemblée Nationale, sitting: 78, 30/11/2017	2017-11-30	Lower house	15e législature	Session ordinaire 2017-2018 (CRSANR5L15S2018O1N078)	-	78. séance	-	Reference	English	Regular	MP	notMinister	LAREM	La République en Marche	Coalition	Centre	PA721824	Renson, Hugues	M	1978	
ParlaMint-FR-en_2017-11-30-O1078	ParlaMint-FR_2017-11-30-O1078.u188	Proceedings of the debates in plenary sitting of the Assemblée Nationale, sitting: 78, 30/11/2017	2017-11-30	Lower house	15e législature	Session ordinaire 2017-2018 (CRSANR5L15S2018O1N078)	-	78. séance	-	Reference	English	Regular	MP	notMinister	LAREM	La République en Marche	Coalition	Centre	PA720278	Orphelin, Matthieu	M	1972	
ParlaMint-FR-en_2017-11-30-O1078	ParlaMint-FR_2017-11-30-O1078.u189	Proceedings of the debates in plenary sitting of the Assemblée Nationale, sitting: 78, 30/11/2017	2017-11-30	Lower house	15e législature	Session ordinaire 2017-2018 (CRSANR5L15S2018O1N078)	-	78. séance	-	Reference	English	Regular	MP	notMinister	LAREM	La République en Marche	Coalition	Centre	PA721824	Renson, Hugues	M	1978	
ParlaMint-FR-en_2017-11-30-O1078	ParlaMint-FR_2017-11-30-O1078.u190	Proceedings of the debates in plenary sitting of the Assemblée Nationale, sitting: 78, 30/11/2017	2017-11-30	Lower house	15e législature	Session ordinaire 2017-2018 (CRSANR5L15S2018O1N078)	-	78. séance	-	Reference	English	Regular	notMP	notMinister	LAREM	La République en Marche	Coalition	Centre	PA643175	Dupont, Stella	F	1973	
ParlaMint-FR-en_2017-11-30-O1078	ParlaMint-FR_2017-11-30-O1078.u191	Proceedings of the debates in plenary sitting of the Assemblée Nationale, sitting: 78, 30/11/2017	2017-11-30	Lower house	15e législature	Session ordinaire 2017-2018 (CRSANR5L15S2018O1N078)	-	78. séance	-	Reference	English	Regular	MP	notMinister	LAREM	La République en Marche	Coalition	Centre	PA721824	Renson, Hugues	M	1978	
ParlaMint-FR-en_2017-11-30-O1078	ParlaMint-FR_2017-11-30-O1078.u192	Proceedings of the debates in plenary sitting of the Assemblée Nationale, sitting: 78, 30/11/2017	2017-11-30	Lower house	15e législature	Session ordinaire 2017-2018 (CRSANR5L15S2018O1N078)	-	78. séance	-	Reference	English	Regular	notMP	notMinister	LAREM	La République en Marche	Coalition	Centre	PA643175	Dupont, Stella	F	1973	
ParlaMint-FR-en_2017-11-30-O1078	ParlaMint-FR_2017-11-30-O1078.u193	Proceedings of the debates in plenary sitting of the Assemblée Nationale, sitting: 78, 30/11/2017	2017-11-30	Lower house	15e législature	Session ordinaire 2017-2018 (CRSANR5L15S2018O1N078)	-	78. séance	-	Reference	English	Regular	MP	notMinister	LAREM	La République en Marche	Coalition	Centre	PA721824	Renson, Hugues	M	1978	
ParlaMint-FR-en_2017-11-30-O1078	ParlaMint-FR_2017-11-30-O1078.u194	Proceedings of the debates in plenary sitting of the Assemblée Nationale, sitting: 78, 30/11/2017	2017-11-30	Lower house	15e législature	Session ordinaire 2017-2018 (CRSANR5L15S2018O1N078)	-	78. séance	-	Reference	English	Regular	notMP	notMinister	LR	Les Républicains	Opposition	Centre-right	PA330909	Descoeur, Vincent	M	1962	
ParlaMint-FR-en_2017-11-30-O1078	ParlaMint-FR_2017-11-30-O1078.u195	Proceedings of the debates in plenary sitting of the Assemblée Nationale, sitting: 78, 30/11/2017	2017-11-30	Lower house	15e législature	Session ordinaire 2017-2018 (CRSANR5L15S2018O1N078)	-	78. séance	-	Reference	English	Regular	MP	notMinister	LAREM	La République en Marche	Coalition	Centre	PA721824	Renson, Hugues	M	1978	
ParlaMint-FR-en_2017-11-30-O1078	ParlaMint-FR_2017-11-30-O1078.u196	Proceedings of the debates in plenary sitting of the Assemblée Nationale, sitting: 78, 30/11/2017	2017-11-30	Lower house	15e législature	Session ordinaire 2017-2018 (CRSANR5L15S2018O1N078)	-	78. séance	-	Reference	English	Regular	MP	notMinister	LR	Les Républicains	Opposition	Centre-right	PA267527	Saddier, Martial	M	1969	
ParlaMint-FR-en_2017-11-30-O1078	ParlaMint-FR_2017-11-30-O1078.u197	Proceedings of the debates in plenary sitting of the Assemblée Nationale, sitting: 78, 30/11/2017	2017-11-30	Lower house	15e législature	Session ordinaire 2017-2018 (CRSANR5L15S2018O1N078)	-	78. séance	-	Reference	English	Regular	MP	notMinister	LAREM	La République en Marche	Coalition	Centre	PA721824	Renson, Hugues	M	1978	
ParlaMint-FR-en_2017-11-30-O1078	ParlaMint-FR_2017-11-30-O1078.u198	Proceedings of the debates in plenary sitting of the Assemblée Nationale, sitting: 78, 30/11/2017	2017-11-30	Lower house	15e législature	Session ordinaire 2017-2018 (CRSANR5L15S2018O1N078)	-	78. séance	-	Reference	English	Regular	notMP	notMinister	LR	Les Républicains	Opposition	Centre-right	PA642847	Bazin, Thibault	M	1984	
ParlaMint-FR-en_2017-11-30-O1078	ParlaMint-FR_2017-11-30-O1078.u199	Proceedings of the debates in plenary sitting of the Assemblée Nationale, sitting: 78, 30/11/2017	2017-11-30	Lower house	15e législature	Session ordinaire 2017-2018 (CRSANR5L15S2018O1N078)	-	78. séance	-	Reference	English	Regular	notMP	Minister	-	-	-	-	PA227076	Gourault, Jacqueline	F	1950	
ParlaMint-FR-en_2017-11-30-O1078	ParlaMint-FR_2017-11-30-O1078.u200	Proceedings of the debates in plenary sitting of the Assemblée Nationale, sitting: 78, 30/11/2017	2017-11-30	Lower house	15e législature	Session ordinaire 2017-2018 (CRSANR5L15S2018O1N078)	-	78. séance	-	Reference	English	Regular	notMP	notMinister	LR	Les Républicains	Opposition	Centre-right	PA642847	Bazin, Thibault	M	1984	
ParlaMint-FR-en_2017-11-30-O1078	ParlaMint-FR_2017-11-30-O1078.u201	Proceedings of the debates in plenary sitting of the Assemblée Nationale, sitting: 78, 30/11/2017	2017-11-30	Lower house	15e législature	Session ordinaire 2017-2018 (CRSANR5L15S2018O1N078)	-	78. séance	-	Reference	English	Regular	MP	notMinister	MODEM	Mouvement Démocrate et apparentés	Coalition	Centre to centre-right	PA719938	Fesneau, Marc	M	1971	
ParlaMint-FR-en_2017-11-30-O1078	ParlaMint-FR_2017-11-30-O1078.u202	Proceedings of the debates in plenary sitting of the Assemblée Nationale, sitting: 78, 30/11/2017	2017-11-30	Lower house	15e législature	Session ordinaire 2017-2018 (CRSANR5L15S2018O1N078)	-	78. séance	-	Reference	English	Regular	notMP	Minister	-	-	-	-	PA227076	Gourault, Jacqueline	F	1950	
ParlaMint-FR-en_2017-11-30-O1078	ParlaMint-FR_2017-11-30-O1078.u203	Proceedings of the debates in plenary sitting of the Assemblée Nationale, sitting: 78, 30/11/2017	2017-11-30	Lower house	15e législature	Session ordinaire 2017-2018 (CRSANR5L15S2018O1N078)	-	78. séance	-	Reference	English	Regular	MP	notMinister	MODEM	Mouvement Démocrate et apparentés	Coalition	Centre to centre-right	PA719488	Berta, Philippe	M	1960	
ParlaMint-FR-en_2017-11-30-O1078	ParlaMint-FR_2017-11-30-O1078.u204	Proceedings of the debates in plenary sitting of the Assemblée Nationale, sitting: 78, 30/11/2017	2017-11-30	Lower house	15e législature	Session ordinaire 2017-2018 (CRSANR5L15S2018O1N078)	-	78. séance	-	Reference	English	Regular	MP	notMinister	LAREM	La République en Marche	Coalition	Centre	PA721824	Renson, Hugues	M	1978	
ParlaMint-FR-en_2017-11-30-O1078	ParlaMint-FR_2017-11-30-O1078.u205	Proceedings of the debates in plenary sitting of the Assemblée Nationale, sitting: 78, 30/11/2017	2017-11-30	Lower house	15e législature	Session ordinaire 2017-2018 (CRSANR5L15S2018O1N078)	-	78. séance	-	Reference	English	Regular	notMP	notMinister	LR	Les Républicains	Opposition	Centre-right	PA721678	Reda, Robin	M	1991	
ParlaMint-FR-en_2017-11-30-O1078	ParlaMint-FR_2017-11-30-O1078.u206	Proceedings of the debates in plenary sitting of the Assemblée Nationale, sitting: 78, 30/11/2017	2017-11-30	Lower house	15e législature	Session ordinaire 2017-2018 (CRSANR5L15S2018O1N078)	-	78. séance	-	Reference	English	Regular	MP	notMinister	LAREM	La République en Marche	Coalition	Centre	PA721824	Renson, Hugues	M	1978	
ParlaMint-FR-en_2017-11-30-O1078	ParlaMint-FR_2017-11-30-O1078.u207	Proceedings of the debates in plenary sitting of the Assemblée Nationale, sitting: 78, 30/11/2017	2017-11-30	Lower house	15e législature	Session ordinaire 2017-2018 (CRSANR5L15S2018O1N078)	-	78. séance	-	Reference	English	Regular	MP	notMinister	MODEM	Mouvement Démocrate et apparentés	Coalition	Centre to centre-right	PA719938	Fesneau, Marc	M	1971	
ParlaMint-FR-en_2017-11-30-O1078	ParlaMint-FR_2017-11-30-O1078.u208	Proceedings of the debates in plenary sitting of the Assemblée Nationale, sitting: 78, 30/11/2017	2017-11-30	Lower house	15e législature	Session ordinaire 2017-2018 (CRSANR5L15S2018O1N078)	-	78. séance	-	Reference	English	Regular	MP	notMinister	LR	Les Républicains	Opposition	Centre-right	PA267527	Saddier, Martial	M	1969	
ParlaMint-FR-en_2017-11-30-O1078	ParlaMint-FR_2017-11-30-O1078.u209	Proceedings of the debates in plenary sitting of the Assemblée Nationale, sitting: 78, 30/11/2017	2017-11-30	Lower house	15e législature	Session ordinaire 2017-2018 (CRSANR5L15S2018O1N078)	-	78. séance	-	Reference	English	Regular	MP	notMinister	LAREM	La République en Marche	Coalition	Centre	PA721824	Renson, Hugues	M	1978	
ParlaMint-FR-en_2017-11-30-O1078	ParlaMint-FR_2017-11-30-O1078.u210	Proceedings of the debates in plenary sitting of the Assemblée Nationale, sitting: 78, 30/11/2017	2017-11-30	Lower house	15e législature	Session ordinaire 2017-2018 (CRSANR5L15S2018O1N078)	-	78. séance	-	Reference	English	Regular	MP	notMinister	UDI-AGIR	UDI, Agir et Indépendants	Opposition	Right	PA719806	Auconie, Sophie	F	1963	
ParlaMint-FR-en_2017-11-30-O1078	ParlaMint-FR_2017-11-30-O1078.u211	Proceedings of the debates in plenary sitting of the Assemblée Nationale, sitting: 78, 30/11/2017	2017-11-30	Lower house	15e législature	Session ordinaire 2017-2018 (CRSANR5L15S2018O1N078)	-	78. séance	-	Reference	English	Chairperson	MP	notMinister	LAREM	La République en Marche	Coalition	Centre	PA721824	Renson, Hugues	M	1978	
ParlaMint-FR-en_2017-11-30-O1078	ParlaMint-FR_2017-11-30-O1078.u212	Proceedings of the debates in plenary sitting of the Assemblée Nationale, sitting: 78, 30/11/2017	2017-11-30	Lower house	15e législature	Session ordinaire 2017-2018 (CRSANR5L15S2018O1N078)	-	78. séance	-	Reference	English	Regular	MP	notMinister	LR	Les Républicains	Opposition	Centre-right	PA267527	Saddier, Martial	M	1969	
ParlaMint-FR-en_2017-11-30-O1078	ParlaMint-FR_2017-11-30-O1078.u213	Proceedings of the debates in plenary sitting of the Assemblée Nationale, sitting: 78, 30/11/2017	2017-11-30	Lower house	15e législature	Session ordinaire 2017-2018 (CRSANR5L15S2018O1N078)	-	78. séance	-	Reference	English	Chairperson	MP	notMinister	LAREM	La République en Marche	Coalition	Centre	PA721824	Renson, Hugues	M	1978	
ParlaMint-FR-en_2017-11-30-O1078	ParlaMint-FR_2017-11-30-O1078.u214	Proceedings of the debates in plenary sitting of the Assemblée Nationale, sitting: 78, 30/11/2017	2017-11-30	Lower house	15e législature	Session ordinaire 2017-2018 (CRSANR5L15S2018O1N078)	-	78. séance	-	Reference	English	Regular	MP	notMinister	UDI-AGIR	UDI, Agir et Indépendants	Opposition	Right	PA719806	Auconie, Sophie	F	1963	
ParlaMint-FR-en_2017-11-30-O1078	ParlaMint-FR_2017-11-30-O1078.u215	Proceedings of the debates in plenary sitting of the Assemblée Nationale, sitting: 78, 30/11/2017	2017-11-30	Lower house	15e législature	Session ordinaire 2017-2018 (CRSANR5L15S2018O1N078)	-	78. séance	-	Reference	English	Regular	MP	notMinister	LAREM	La République en Marche	Coalition	Centre	PA721824	Renson, Hugues	M	1978	
ParlaMint-FR-en_2017-11-30-O1078	ParlaMint-FR_2017-11-30-O1078.u216	Proceedings of the debates in plenary sitting of the Assemblée Nationale, sitting: 78, 30/11/2017	2017-11-30	Lower house	15e législature	Session ordinaire 2017-2018 (CRSANR5L15S2018O1N078)	-	78. séance	-	Reference	English	Regular	notMP	notMinister	MODEM	Mouvement Démocrate et apparentés	Coalition	Centre to centre-right	PA719874	Jacquier-Laforge, Élodie	F	1978	
ParlaMint-FR-en_2017-11-30-O1078	ParlaMint-FR_2017-11-30-O1078.u217	Proceedings of the debates in plenary sitting of the Assemblée Nationale, sitting: 78, 30/11/2017	2017-11-30	Lower house	15e législature	Session ordinaire 2017-2018 (CRSANR5L15S2018O1N078)	-	78. séance	-	Reference	English	Regular	MP	notMinister	LAREM	La République en Marche	Coalition	Centre	PA721824	Renson, Hugues	M	1978	
ParlaMint-FR-en_2017-11-30-O1078	ParlaMint-FR_2017-11-30-O1078.u218	Proceedings of the debates in plenary sitting of the Assemblée Nationale, sitting: 78, 30/11/2017	2017-11-30	Lower house	15e législature	Session ordinaire 2017-2018 (CRSANR5L15S2018O1N078)	-	78. séance	-	Reference	English	Regular	notMP	Minister	-	-	-	-	PA227076	Gourault, Jacqueline	F	1950	
ParlaMint-FR-en_2017-11-30-O1078	ParlaMint-FR_2017-11-30-O1078.u219	Proceedings of the debates in plenary sitting of the Assemblée Nationale, sitting: 78, 30/11/2017	2017-11-30	Lower house	15e législature	Session ordinaire 2017-2018 (CRSANR5L15S2018O1N078)	-	78. séance	-	Reference	English	Regular	MP	notMinister	LAREM	La République en Marche	Coalition	Centre	PA721824	Renson, Hugues	M	1978	
ParlaMint-FR-en_2017-11-30-O1078	ParlaMint-FR_2017-11-30-O1078.u220	Proceedings of the debates in plenary sitting of the Assemblée Nationale, sitting: 78, 30/11/2017	2017-11-30	Lower house	15e législature	Session ordinaire 2017-2018 (CRSANR5L15S2018O1N078)	-	78. séance	-	Reference	English	Regular	MP	notMinister	MODEM	Mouvement Démocrate et apparentés	Coalition	Centre to centre-right	PA719938	Fesneau, Marc	M	1971	
ParlaMint-FR-en_2017-11-30-O1078	ParlaMint-FR_2017-11-30-O1078.u221	Proceedings of the debates in plenary sitting of the Assemblée Nationale, sitting: 78, 30/11/2017	2017-11-30	Lower house	15e législature	Session ordinaire 2017-2018 (CRSANR5L15S2018O1N078)	-	78. séance	-	Reference	English	Regular	notMP	notMinister	LR	Les Républicains	Opposition	Centre-right	PA330909	Descoeur, Vincent	M	1962	
ParlaMint-FR-en_2017-11-30-O1078	ParlaMint-FR_2017-11-30-O1078.u222	Proceedings of the debates in plenary sitting of the Assemblée Nationale, sitting: 78, 30/11/2017	2017-11-30	Lower house	15e législature	Session ordinaire 2017-2018 (CRSANR5L15S2018O1N078)	-	78. séance	-	Reference	English	Regular	notMP	notMinister	LR	Les Républicains	Opposition	Centre-right	PA721678	Reda, Robin	M	1991	
ParlaMint-FR-en_2017-11-30-O1078	ParlaMint-FR_2017-11-30-O1078.u223	Proceedings of the debates in plenary sitting of the Assemblée Nationale, sitting: 78, 30/11/2017	2017-11-30	Lower house	15e législature	Session ordinaire 2017-2018 (CRSANR5L15S2018O1N078)	-	78. séance	-	Reference	English	Chairperson	MP	notMinister	LAREM	La République en Marche	Coalition	Centre	PA721824	Renson, Hugues	M	1978	
ParlaMint-FR-en_2017-11-30-O1078	ParlaMint-FR_2017-11-30-O1078.u224	Proceedings of the debates in plenary sitting of the Assemblée Nationale, sitting: 78, 30/11/2017	2017-11-30	Lower house	15e législature	Session ordinaire 2017-2018 (CRSANR5L15S2018O1N078)	-	78. séance	-	Reference	English	Regular	MP	notMinister	LR	Les Républicains	Opposition	Centre-right	PA267527	Saddier, Martial	M	1969	
ParlaMint-FR-en_2017-11-30-O1078	ParlaMint-FR_2017-11-30-O1078.u225	Proceedings of the debates in plenary sitting of the Assemblée Nationale, sitting: 78, 30/11/2017	2017-11-30	Lower house	15e législature	Session ordinaire 2017-2018 (CRSANR5L15S2018O1N078)	-	78. séance	-	Reference	English	Regular	MP	notMinister	LAREM	La République en Marche	Coalition	Centre	PA721824	Renson, Hugues	M	1978	
ParlaMint-FR-en_2017-11-30-O1078	ParlaMint-FR_2017-11-30-O1078.u226	Proceedings of the debates in plenary sitting of the Assemblée Nationale, sitting: 78, 30/11/2017	2017-11-30	Lower house	15e législature	Session ordinaire 2017-2018 (CRSANR5L15S2018O1N078)	-	78. séance	-	Reference	English	Regular	notMP	notMinister	MODEM	Mouvement Démocrate et apparentés	Coalition	Centre to centre-right	PA719874	Jacquier-Laforge, Élodie	F	1978	
ParlaMint-FR-en_2017-11-30-O1078	ParlaMint-FR_2017-11-30-O1078.u227	Proceedings of the debates in plenary sitting of the Assemblée Nationale, sitting: 78, 30/11/2017	2017-11-30	Lower house	15e législature	Session ordinaire 2017-2018 (CRSANR5L15S2018O1N078)	-	78. séance	-	Reference	English	Regular	MP	notMinister	LR	Les Républicains	Opposition	Centre-right	PA267527	Saddier, Martial	M	1969	
ParlaMint-FR-en_2017-11-30-O1078	ParlaMint-FR_2017-11-30-O1078.u228	Proceedings of the debates in plenary sitting of the Assemblée Nationale, sitting: 78, 30/11/2017	2017-11-30	Lower house	15e législature	Session ordinaire 2017-2018 (CRSANR5L15S2018O1N078)	-	78. séance	-	Reference	English	Regular	MP	notMinister	LAREM	La République en Marche	Coalition	Centre	PA721824	Renson, Hugues	M	1978	
ParlaMint-FR-en_2017-11-30-O1078	ParlaMint-FR_2017-11-30-O1078.u229	Proceedings of the debates in plenary sitting of the Assemblée Nationale, sitting: 78, 30/11/2017	2017-11-30	Lower house	15e législature	Session ordinaire 2017-2018 (CRSANR5L15S2018O1N078)	-	78. séance	-	Reference	English	Regular	notMP	Minister	-	-	-	-	PA227076	Gourault, Jacqueline	F	1950	
ParlaMint-FR-en_2017-11-30-O1078	ParlaMint-FR_2017-11-30-O1078.u230	Proceedings of the debates in plenary sitting of the Assemblée Nationale, sitting: 78, 30/11/2017	2017-11-30	Lower house	15e législature	Session ordinaire 2017-2018 (CRSANR5L15S2018O1N078)	-	78. séance	-	Reference	English	Regular	MP	notMinister	LAREM	La République en Marche	Coalition	Centre	PA721824	Renson, Hugues	M	1978	
ParlaMint-FR-en_2017-11-30-O1078	ParlaMint-FR_2017-11-30-O1078.u231	Proceedings of the debates in plenary sitting of the Assemblée Nationale, sitting: 78, 30/11/2017	2017-11-30	Lower house	15e législature	Session ordinaire 2017-2018 (CRSANR5L15S2018O1N078)	-	78. séance	-	Reference	English	Regular	notMP	notMinister	GDR	Gauche démocrate et républicaine	Opposition	Left	PA267306	Chassaigne, André	M	1950	
ParlaMint-FR-en_2017-11-30-O1078	ParlaMint-FR_2017-11-30-O1078.u232	Proceedings of the debates in plenary sitting of the Assemblée Nationale, sitting: 78, 30/11/2017	2017-11-30	Lower house	15e législature	Session ordinaire 2017-2018 (CRSANR5L15S2018O1N078)	-	78. séance	-	Reference	English	Regular	MP	notMinister	LAREM	La République en Marche	Coalition	Centre	PA721824	Renson, Hugues	M	1978	
ParlaMint-FR-en_2017-11-30-O1078	ParlaMint-FR_2017-11-30-O1078.u233	Proceedings of the debates in plenary sitting of the Assemblée Nationale, sitting: 78, 30/11/2017	2017-11-30	Lower house	15e législature	Session ordinaire 2017-2018 (CRSANR5L15S2018O1N078)	-	78. séance	-	Reference	English	Regular	MP	notMinister	MODEM	Mouvement Démocrate et apparentés	Coalition	Centre to centre-right	PA719938	Fesneau, Marc	M	1971	
ParlaMint-FR-en_2017-11-30-O1078	ParlaMint-FR_2017-11-30-O1078.u234	Proceedings of the debates in plenary sitting of the Assemblée Nationale, sitting: 78, 30/11/2017	2017-11-30	Lower house	15e législature	Session ordinaire 2017-2018 (CRSANR5L15S2018O1N078)	-	78. séance	-	Reference	English	Regular	MP	notMinister	LR	Les Républicains	Opposition	Centre-right	PA267527	Saddier, Martial	M	1969	
ParlaMint-FR-en_2017-11-30-O1078	ParlaMint-FR_2017-11-30-O1078.u235	Proceedings of the debates in plenary sitting of the Assemblée Nationale, sitting: 78, 30/11/2017	2017-11-30	Lower house	15e législature	Session ordinaire 2017-2018 (CRSANR5L15S2018O1N078)	-	78. séance	-	Reference	English	Regular	MP	notMinister	MODEM	Mouvement Démocrate et apparentés	Coalition	Centre to centre-right	PA719938	Fesneau, Marc	M	1971	
ParlaMint-FR-en_2017-11-30-O1078	ParlaMint-FR_2017-11-30-O1078.u236	Proceedings of the debates in plenary sitting of the Assemblée Nationale, sitting: 78, 30/11/2017	2017-11-30	Lower house	15e législature	Session ordinaire 2017-2018 (CRSANR5L15S2018O1N078)	-	78. séance	-	Reference	English	Regular	MP	notMinister	LAREM	La République en Marche	Coalition	Centre	PA721824	Renson, Hugues	M	1978	
ParlaMint-FR-en_2017-11-30-O1078	ParlaMint-FR_2017-11-30-O1078.u237	Proceedings of the debates in plenary sitting of the Assemblée Nationale, sitting: 78, 30/11/2017	2017-11-30	Lower house	15e législature	Session ordinaire 2017-2018 (CRSANR5L15S2018O1N078)	-	78. séance	-	Reference	English	Regular	notMP	notMinister	LAREM	La République en Marche	Coalition	Centre	PA643175	Dupont, Stella	F	1973	
ParlaMint-FR-en_2017-11-30-O1078	ParlaMint-FR_2017-11-30-O1078.u238	Proceedings of the debates in plenary sitting of the Assemblée Nationale, sitting: 78, 30/11/2017	2017-11-30	Lower house	15e législature	Session ordinaire 2017-2018 (CRSANR5L15S2018O1N078)	-	78. séance	-	Reference	English	Regular	notMP	notMinister	GDR	Gauche démocrate et républicaine	Opposition	Left	PA267306	Chassaigne, André	M	1950	
ParlaMint-FR-en_2017-11-30-O1078	ParlaMint-FR_2017-11-30-O1078.u239	Proceedings of the debates in plenary sitting of the Assemblée Nationale, sitting: 78, 30/11/2017	2017-11-30	Lower house	15e législature	Session ordinaire 2017-2018 (CRSANR5L15S2018O1N078)	-	78. séance	-	Reference	English	Regular	notMP	notMinister	LR	Les Républicains	Opposition	Centre-right	PA642847	Bazin, Thibault	M	1984	
ParlaMint-FR-en_2017-11-30-O1078	ParlaMint-FR_2017-11-30-O1078.u240	Proceedings of the debates in plenary sitting of the Assemblée Nationale, sitting: 78, 30/11/2017	2017-11-30	Lower house	15e législature	Session ordinaire 2017-2018 (CRSANR5L15S2018O1N078)	-	78. séance	-	Reference	English	Regular	notMP	notMinister	LAREM	La République en Marche	Coalition	Centre	PA643175	Dupont, Stella	F	1973	
ParlaMint-FR-en_2017-11-30-O1078	ParlaMint-FR_2017-11-30-O1078.u241	Proceedings of the debates in plenary sitting of the Assemblée Nationale, sitting: 78, 30/11/2017	2017-11-30	Lower house	15e législature	Session ordinaire 2017-2018 (CRSANR5L15S2018O1N078)	-	78. séance	-	Reference	English	Regular	MP	notMinister	LAREM	La République en Marche	Coalition	Centre	PA721824	Renson, Hugues	M	1978	
ParlaMint-FR-en_2017-11-30-O1078	ParlaMint-FR_2017-11-30-O1078.u242	Proceedings of the debates in plenary sitting of the Assemblée Nationale, sitting: 78, 30/11/2017	2017-11-30	Lower house	15e législature	Session ordinaire 2017-2018 (CRSANR5L15S2018O1N078)	-	78. séance	-	Reference	English	Regular	MP	notMinister	LAREM	La République en Marche	Coalition	Centre	PA719994	Kamowski, Catherine	F	1958	
ParlaMint-FR-en_2017-11-30-O1078	ParlaMint-FR_2017-11-30-O1078.u243	Proceedings of the debates in plenary sitting of the Assemblée Nationale, sitting: 78, 30/11/2017	2017-11-30	Lower house	15e législature	Session ordinaire 2017-2018 (CRSANR5L15S2018O1N078)	-	78. séance	-	Reference	English	Regular	notMP	notMinister	LR	Les Républicains	Opposition	Centre-right	PA330909	Descoeur, Vincent	M	1962	
ParlaMint-FR-en_2017-11-30-O1078	ParlaMint-FR_2017-11-30-O1078.u244	Proceedings of the debates in plenary sitting of the Assemblée Nationale, sitting: 78, 30/11/2017	2017-11-30	Lower house	15e législature	Session ordinaire 2017-2018 (CRSANR5L15S2018O1N078)	-	78. séance	-	Reference	English	Regular	MP	notMinister	LAREM	La République en Marche	Coalition	Centre	PA719994	Kamowski, Catherine	F	1958	
ParlaMint-FR-en_2017-11-30-O1078	ParlaMint-FR_2017-11-30-O1078.u245	Proceedings of the debates in plenary sitting of the Assemblée Nationale, sitting: 78, 30/11/2017	2017-11-30	Lower house	15e législature	Session ordinaire 2017-2018 (CRSANR5L15S2018O1N078)	-	78. séance	-	Reference	English	Chairperson	MP	notMinister	LAREM	La République en Marche	Coalition	Centre	PA721824	Renson, Hugues	M	1978	
ParlaMint-FR-en_2017-11-30-O1078	ParlaMint-FR_2017-11-30-O1078.u246	Proceedings of the debates in plenary sitting of the Assemblée Nationale, sitting: 78, 30/11/2017	2017-11-30	Lower house	15e législature	Session ordinaire 2017-2018 (CRSANR5L15S2018O1N078)	-	78. séance	-	Reference	English	Regular	MP	notMinister	LR	Les Républicains	Opposition	Centre-right	PA346054	Maquet, Emmanuel	M	1968	
ParlaMint-FR-en_2017-11-30-O1078	ParlaMint-FR_2017-11-30-O1078.u247	Proceedings of the debates in plenary sitting of the Assemblée Nationale, sitting: 78, 30/11/2017	2017-11-30	Lower house	15e législature	Session ordinaire 2017-2018 (CRSANR5L15S2018O1N078)	-	78. séance	-	Reference	English	Chairperson	MP	notMinister	LAREM	La République en Marche	Coalition	Centre	PA721824	Renson, Hugues	M	1978	
ParlaMint-FR-en_2017-11-30-O1078	ParlaMint-FR_2017-11-30-O1078.u248	Proceedings of the debates in plenary sitting of the Assemblée Nationale, sitting: 78, 30/11/2017	2017-11-30	Lower house	15e législature	Session ordinaire 2017-2018 (CRSANR5L15S2018O1N078)	-	78. séance	-	Reference	English	Regular	MP	notMinister	FI	La France insoumise	Opposition	Left to far-left	PA719578	Prud'homme, Loïc	M	1969	
ParlaMint-FR-en_2017-11-30-O1078	ParlaMint-FR_2017-11-30-O1078.u249	Proceedings of the debates in plenary sitting of the Assemblée Nationale, sitting: 78, 30/11/2017	2017-11-30	Lower house	15e législature	Session ordinaire 2017-2018 (CRSANR5L15S2018O1N078)	-	78. séance	-	Reference	English	Regular	MP	notMinister	LAREM	La République en Marche	Coalition	Centre	PA721824	Renson, Hugues	M	1978	
ParlaMint-FR-en_2017-11-30-O1078	ParlaMint-FR_2017-11-30-O1078.u250	Proceedings of the debates in plenary sitting of the Assemblée Nationale, sitting: 78, 30/11/2017	2017-11-30	Lower house	15e législature	Session ordinaire 2017-2018 (CRSANR5L15S2018O1N078)	-	78. séance	-	Reference	English	Regular	notMP	notMinister	MODEM	Mouvement Démocrate et apparentés	Coalition	Centre to centre-right	PA719874	Jacquier-Laforge, Élodie	F	1978	
ParlaMint-FR-en_2017-11-30-O1078	ParlaMint-FR_2017-11-30-O1078.u251	Proceedings of the debates in plenary sitting of the Assemblée Nationale, sitting: 78, 30/11/2017	2017-11-30	Lower house	15e législature	Session ordinaire 2017-2018 (CRSANR5L15S2018O1N078)	-	78. séance	-	Reference	English	Regular	MP	notMinister	LR	Les Républicains	Opposition	Centre-right	PA346054	Maquet, Emmanuel	M	1968	
ParlaMint-FR-en_2017-11-30-O1078	ParlaMint-FR_2017-11-30-O1078.u252	Proceedings of the debates in plenary sitting of the Assemblée Nationale, sitting: 78, 30/11/2017	2017-11-30	Lower house	15e législature	Session ordinaire 2017-2018 (CRSANR5L15S2018O1N078)	-	78. séance	-	Reference	English	Regular	notMP	notMinister	MODEM	Mouvement Démocrate et apparentés	Coalition	Centre to centre-right	PA719874	Jacquier-Laforge, Élodie	F	1978	
ParlaMint-FR-en_2017-11-30-O1078	ParlaMint-FR_2017-11-30-O1078.u253	Proceedings of the debates in plenary sitting of the Assemblée Nationale, sitting: 78, 30/11/2017	2017-11-30	Lower house	15e législature	Session ordinaire 2017-2018 (CRSANR5L15S2018O1N078)	-	78. séance	-	Reference	English	Regular	MP	notMinister	LAREM	La République en Marche	Coalition	Centre	PA721824	Renson, Hugues	M	1978	
ParlaMint-FR-en_2017-11-30-O1078	ParlaMint-FR_2017-11-30-O1078.u254	Proceedings of the debates in plenary sitting of the Assemblée Nationale, sitting: 78, 30/11/2017	2017-11-30	Lower house	15e législature	Session ordinaire 2017-2018 (CRSANR5L15S2018O1N078)	-	78. séance	-	Reference	English	Regular	notMP	Minister	-	-	-	-	PA227076	Gourault, Jacqueline	F	1950	
ParlaMint-FR-en_2017-11-30-O1078	ParlaMint-FR_2017-11-30-O1078.u255	Proceedings of the debates in plenary sitting of the Assemblée Nationale, sitting: 78, 30/11/2017	2017-11-30	Lower house	15e législature	Session ordinaire 2017-2018 (CRSANR5L15S2018O1N078)	-	78. séance	-	Reference	English	Chairperson	MP	notMinister	LAREM	La République en Marche	Coalition	Centre	PA721824	Renson, Hugues	M	1978	
ParlaMint-FR-en_2017-11-30-O1078	ParlaMint-FR_2017-11-30-O1078.u256	Proceedings of the debates in plenary sitting of the Assemblée Nationale, sitting: 78, 30/11/2017	2017-11-30	Lower house	15e législature	Session ordinaire 2017-2018 (CRSANR5L15S2018O1N078)	-	78. séance	-	Reference	English	Regular	MP	notMinister	FI	La France insoumise	Opposition	Left to far-left	PA719578	Prud'homme, Loïc	M	1969	
ParlaMint-FR-en_2017-11-30-O1078	ParlaMint-FR_2017-11-30-O1078.u257	Proceedings of the debates in plenary sitting of the Assemblée Nationale, sitting: 78, 30/11/2017	2017-11-30	Lower house	15e législature	Session ordinaire 2017-2018 (CRSANR5L15S2018O1N078)	-	78. séance	-	Reference	English	Regular	MP	notMinister	LAREM	La République en Marche	Coalition	Centre	PA721824	Renson, Hugues	M	1978	
ParlaMint-FR-en_2017-11-30-O1078	ParlaMint-FR_2017-11-30-O1078.u258	Proceedings of the debates in plenary sitting of the Assemblée Nationale, sitting: 78, 30/11/2017	2017-11-30	Lower house	15e législature	Session ordinaire 2017-2018 (CRSANR5L15S2018O1N078)	-	78. séance	-	Reference	English	Regular	notMP	notMinister	MODEM	Mouvement Démocrate et apparentés	Coalition	Centre to centre-right	PA719874	Jacquier-Laforge, Élodie	F	1978	
ParlaMint-FR-en_2017-11-30-O1078	ParlaMint-FR_2017-11-30-O1078.u259	Proceedings of the debates in plenary sitting of the Assemblée Nationale, sitting: 78, 30/11/2017	2017-11-30	Lower house	15e législature	Session ordinaire 2017-2018 (CRSANR5L15S2018O1N078)	-	78. séance	-	Reference	English	Regular	MP	notMinister	LAREM	La République en Marche	Coalition	Centre	PA721824	Renson, Hugues	M	1978	
ParlaMint-FR-en_2017-11-30-O1078	ParlaMint-FR_2017-11-30-O1078.u260	Proceedings of the debates in plenary sitting of the Assemblée Nationale, sitting: 78, 30/11/2017	2017-11-30	Lower house	15e législature	Session ordinaire 2017-2018 (CRSANR5L15S2018O1N078)	-	78. séance	-	Reference	English	Regular	notMP	Minister	-	-	-	-	PA227076	Gourault, Jacqueline	F	1950	
ParlaMint-FR-en_2017-11-30-O1078	ParlaMint-FR_2017-11-30-O1078.u261	Proceedings of the debates in plenary sitting of the Assemblée Nationale, sitting: 78, 30/11/2017	2017-11-30	Lower house	15e législature	Session ordinaire 2017-2018 (CRSANR5L15S2018O1N078)	-	78. séance	-	Reference	English	Regular	MP	notMinister	LAREM	La République en Marche	Coalition	Centre	PA721824	Renson, Hugues	M	1978	
ParlaMint-FR-en_2017-11-30-O1078	ParlaMint-FR_2017-11-30-O1078.u262	Proceedings of the debates in plenary sitting of the Assemblée Nationale, sitting: 78, 30/11/2017	2017-11-30	Lower house	15e législature	Session ordinaire 2017-2018 (CRSANR5L15S2018O1N078)	-	78. séance	-	Reference	English	Regular	notMP	notMinister	LR	Les Républicains	Opposition	Centre-right	PA721314	Schellenberger, Raphaël	M	1990	
ParlaMint-FR-en_2017-11-30-O1078	ParlaMint-FR_2017-11-30-O1078.u263	Proceedings of the debates in plenary sitting of the Assemblée Nationale, sitting: 78, 30/11/2017	2017-11-30	Lower house	15e législature	Session ordinaire 2017-2018 (CRSANR5L15S2018O1N078)	-	78. séance	-	Reference	English	Regular	notMP	Minister	-	-	-	-	PA227076	Gourault, Jacqueline	F	1950	
ParlaMint-FR-en_2017-11-30-O1078	ParlaMint-FR_2017-11-30-O1078.u264	Proceedings of the debates in plenary sitting of the Assemblée Nationale, sitting: 78, 30/11/2017	2017-11-30	Lower house	15e législature	Session ordinaire 2017-2018 (CRSANR5L15S2018O1N078)	-	78. séance	-	Reference	English	Regular	notMP	notMinister	LR	Les Républicains	Opposition	Centre-right	PA721314	Schellenberger, Raphaël	M	1990	
ParlaMint-FR-en_2017-11-30-O1078	ParlaMint-FR_2017-11-30-O1078.u265	Proceedings of the debates in plenary sitting of the Assemblée Nationale, sitting: 78, 30/11/2017	2017-11-30	Lower house	15e législature	Session ordinaire 2017-2018 (CRSANR5L15S2018O1N078)	-	78. séance	-	Reference	English	Regular	notMP	Minister	-	-	-	-	PA227076	Gourault, Jacqueline	F	1950	
ParlaMint-FR-en_2017-11-30-O1078	ParlaMint-FR_2017-11-30-O1078.u266	Proceedings of the debates in plenary sitting of the Assemblée Nationale, sitting: 78, 30/11/2017	2017-11-30	Lower house	15e législature	Session ordinaire 2017-2018 (CRSANR5L15S2018O1N078)	-	78. séance	-	Reference	English	Regular	notMP	notMinister	LR	Les Républicains	Opposition	Centre-right	PA721314	Schellenberger, Raphaël	M	1990	
ParlaMint-FR-en_2017-11-30-O1078	ParlaMint-FR_2017-11-30-O1078.u267	Proceedings of the debates in plenary sitting of the Assemblée Nationale, sitting: 78, 30/11/2017	2017-11-30	Lower house	15e législature	Session ordinaire 2017-2018 (CRSANR5L15S2018O1N078)	-	78. séance	-	Reference	English	Regular	notMP	notMinister	GDR	Gauche démocrate et républicaine	Opposition	Left	PA267306	Chassaigne, André	M	1950	
ParlaMint-FR-en_2017-11-30-O1078	ParlaMint-FR_2017-11-30-O1078.u268	Proceedings of the debates in plenary sitting of the Assemblée Nationale, sitting: 78, 30/11/2017	2017-11-30	Lower house	15e législature	Session ordinaire 2017-2018 (CRSANR5L15S2018O1N078)	-	78. séance	-	Reference	English	Regular	MP	notMinister	LAREM	La République en Marche	Coalition	Centre	PA721824	Renson, Hugues	M	1978	
ParlaMint-FR-en_2017-11-30-O1078	ParlaMint-FR_2017-11-30-O1078.u269	Proceedings of the debates in plenary sitting of the Assemblée Nationale, sitting: 78, 30/11/2017	2017-11-30	Lower house	15e législature	Session ordinaire 2017-2018 (CRSANR5L15S2018O1N078)	-	78. séance	-	Reference	English	Regular	MP	notMinister	FI	La France insoumise	Opposition	Left to far-left	PA719578	Prud'homme, Loïc	M	1969	
ParlaMint-FR-en_2017-11-30-O1078	ParlaMint-FR_2017-11-30-O1078.u270	Proceedings of the debates in plenary sitting of the Assemblée Nationale, sitting: 78, 30/11/2017	2017-11-30	Lower house	15e législature	Session ordinaire 2017-2018 (CRSANR5L15S2018O1N078)	-	78. séance	-	Reference	English	Regular	MP	notMinister	LAREM	La République en Marche	Coalition	Centre	PA721824	Renson, Hugues	M	1978	
ParlaMint-FR-en_2017-11-30-O1078	ParlaMint-FR_2017-11-30-O1078.u271	Proceedings of the debates in plenary sitting of the Assemblée Nationale, sitting: 78, 30/11/2017	2017-11-30	Lower house	15e législature	Session ordinaire 2017-2018 (CRSANR5L15S2018O1N078)	-	78. séance	-	Reference	English	Regular	notMP	Minister	-	-	-	-	PA227076	Gourault, Jacqueline	F	1950	
ParlaMint-FR-en_2017-11-30-O1078	ParlaMint-FR_2017-11-30-O1078.u272	Proceedings of the debates in plenary sitting of the Assemblée Nationale, sitting: 78, 30/11/2017	2017-11-30	Lower house	15e législature	Session ordinaire 2017-2018 (CRSANR5L15S2018O1N078)	-	78. séance	-	Reference	English	Chairperson	MP	notMinister	LAREM	La République en Marche	Coalition	Centre	PA721824	Renson, Hugues	M	1978	
ParlaMint-FR-en_2017-11-30-O1078	ParlaMint-FR_2017-11-30-O1078.u273	Proceedings of the debates in plenary sitting of the Assemblée Nationale, sitting: 78, 30/11/2017	2017-11-30	Lower house	15e législature	Session ordinaire 2017-2018 (CRSANR5L15S2018O1N078)	-	78. séance	-	Reference	English	Regular	notMP	notMinister	FI	La France insoumise	Opposition	Left to far-left	PA720846	Lachaud, Bastien	M	1980	
ParlaMint-FR-en_2017-11-30-O1078	ParlaMint-FR_2017-11-30-O1078.u274	Proceedings of the debates in plenary sitting of the Assemblée Nationale, sitting: 78, 30/11/2017	2017-11-30	Lower house	15e législature	Session ordinaire 2017-2018 (CRSANR5L15S2018O1N078)	-	78. séance	-	Reference	English	Regular	MP	notMinister	LAREM	La République en Marche	Coalition	Centre	PA721824	Renson, Hugues	M	1978	
ParlaMint-FR-en_2017-11-30-O1078	ParlaMint-FR_2017-11-30-O1078.u275	Proceedings of the debates in plenary sitting of the Assemblée Nationale, sitting: 78, 30/11/2017	2017-11-30	Lower house	15e législature	Session ordinaire 2017-2018 (CRSANR5L15S2018O1N078)	-	78. séance	-	Reference	English	Regular	notMP	notMinister	MODEM	Mouvement Démocrate et apparentés	Coalition	Centre to centre-right	PA719874	Jacquier-Laforge, Élodie	F	1978	
ParlaMint-FR-en_2017-11-30-O1078	ParlaMint-FR_2017-11-30-O1078.u276	Proceedings of the debates in plenary sitting of the Assemblée Nationale, sitting: 78, 30/11/2017	2017-11-30	Lower house	15e législature	Session ordinaire 2017-2018 (CRSANR5L15S2018O1N078)	-	78. séance	-	Reference	English	Regular	MP	notMinister	LAREM	La République en Marche	Coalition	Centre	PA721824	Renson, Hugues	M	1978	
ParlaMint-FR-en_2017-11-30-O1078	ParlaMint-FR_2017-11-30-O1078.u277	Proceedings of the debates in plenary sitting of the Assemblée Nationale, sitting: 78, 30/11/2017	2017-11-30	Lower house	15e législature	Session ordinaire 2017-2018 (CRSANR5L15S2018O1N078)	-	78. séance	-	Reference	English	Regular	notMP	Minister	-	-	-	-	PA227076	Gourault, Jacqueline	F	1950	
ParlaMint-FR-en_2017-11-30-O1078	ParlaMint-FR_2017-11-30-O1078.u278	Proceedings of the debates in plenary sitting of the Assemblée Nationale, sitting: 78, 30/11/2017	2017-11-30	Lower house	15e législature	Session ordinaire 2017-2018 (CRSANR5L15S2018O1N078)	-	78. séance	-	Reference	English	Regular	MP	notMinister	LAREM	La République en Marche	Coalition	Centre	PA721824	Renson, Hugues	M	1978	
ParlaMint-FR-en_2017-11-30-O1078	ParlaMint-FR_2017-11-30-O1078.u279	Proceedings of the debates in plenary sitting of the Assemblée Nationale, sitting: 78, 30/11/2017	2017-11-30	Lower house	15e législature	Session ordinaire 2017-2018 (CRSANR5L15S2018O1N078)	-	78. séance	-	Reference	English	Regular	notMP	notMinister	FI	La France insoumise	Opposition	Left to far-left	PA720846	Lachaud, Bastien	M	1980	
ParlaMint-FR-en_2017-11-30-O1078	ParlaMint-FR_2017-11-30-O1078.u280	Proceedings of the debates in plenary sitting of the Assemblée Nationale, sitting: 78, 30/11/2017	2017-11-30	Lower house	15e législature	Session ordinaire 2017-2018 (CRSANR5L15S2018O1N078)	-	78. séance	-	Reference	English	Regular	notMP	Minister	-	-	-	-	PA227076	Gourault, Jacqueline	F	1950	
ParlaMint-FR-en_2017-11-30-O1078	ParlaMint-FR_2017-11-30-O1078.u281	Proceedings of the debates in plenary sitting of the Assemblée Nationale, sitting: 78, 30/11/2017	2017-11-30	Lower house	15e législature	Session ordinaire 2017-2018 (CRSANR5L15S2018O1N078)	-	78. séance	-	Reference	English	Regular	notMP	notMinister	FI	La France insoumise	Opposition	Left to far-left	PA720846	Lachaud, Bastien	M	1980	
ParlaMint-FR-en_2017-11-30-O1078	ParlaMint-FR_2017-11-30-O1078.u282	Proceedings of the debates in plenary sitting of the Assemblée Nationale, sitting: 78, 30/11/2017	2017-11-30	Lower house	15e législature	Session ordinaire 2017-2018 (CRSANR5L15S2018O1N078)	-	78. séance	-	Reference	English	Regular	notMP	Minister	-	-	-	-	PA227076	Gourault, Jacqueline	F	1950	
ParlaMint-FR-en_2017-11-30-O1078	ParlaMint-FR_2017-11-30-O1078.u283	Proceedings of the debates in plenary sitting of the Assemblée Nationale, sitting: 78, 30/11/2017	2017-11-30	Lower house	15e législature	Session ordinaire 2017-2018 (CRSANR5L15S2018O1N078)	-	78. séance	-	Reference	English	Regular	MP	notMinister	LAREM	La République en Marche	Coalition	Centre	PA721824	Renson, Hugues	M	1978	
ParlaMint-FR-en_2017-11-30-O1078	ParlaMint-FR_2017-11-30-O1078.u284	Proceedings of the debates in plenary sitting of the Assemblée Nationale, sitting: 78, 30/11/2017	2017-11-30	Lower house	15e législature	Session ordinaire 2017-2018 (CRSANR5L15S2018O1N078)	-	78. séance	-	Reference	English	Regular	MP	notMinister	LAREM	La République en Marche	Coalition	Centre	PA719692	Eliaou, Jean-François	M	1956	
ParlaMint-FR-en_2017-11-30-O1078	ParlaMint-FR_2017-11-30-O1078.u285	Proceedings of the debates in plenary sitting of the Assemblée Nationale, sitting: 78, 30/11/2017	2017-11-30	Lower house	15e législature	Session ordinaire 2017-2018 (CRSANR5L15S2018O1N078)	-	78. séance	-	Reference	English	Chairperson	MP	notMinister	LAREM	La République en Marche	Coalition	Centre	PA721824	Renson, Hugues	M	1978	
ParlaMint-FR-en_2017-11-30-O1078	ParlaMint-FR_2017-11-30-O1078.u286	Proceedings of the debates in plenary sitting of the Assemblée Nationale, sitting: 78, 30/11/2017	2017-11-30	Lower house	15e législature	Session ordinaire 2017-2018 (CRSANR5L15S2018O1N078)	-	78. séance	-	Reference	English	Regular	notMP	Minister	-	-	-	-	PA227076	Gourault, Jacqueline	F	1950	
ParlaMint-FR-en_2017-11-30-O1078	ParlaMint-FR_2017-11-30-O1078.u287	Proceedings of the debates in plenary sitting of the Assemblée Nationale, sitting: 78, 30/11/2017	2017-11-30	Lower house	15e législature	Session ordinaire 2017-2018 (CRSANR5L15S2018O1N078)	-	78. séance	-	Reference	English	Regular	MP	notMinister	LAREM	La République en Marche	Coalition	Centre	PA721824	Renson, Hugues	M	1978	
ParlaMint-FR-en_2017-11-30-O1078	ParlaMint-FR_2017-11-30-O1078.u288	Proceedings of the debates in plenary sitting of the Assemblée Nationale, sitting: 78, 30/11/2017	2017-11-30	Lower house	15e législature	Session ordinaire 2017-2018 (CRSANR5L15S2018O1N078)	-	78. séance	-	Reference	English	Regular	notMP	notMinister	MODEM	Mouvement Démocrate et apparentés	Coalition	Centre to centre-right	PA719874	Jacquier-Laforge, Élodie	F	1978	
ParlaMint-FR-en_2017-11-30-O1078	ParlaMint-FR_2017-11-30-O1078.u289	Proceedings of the debates in plenary sitting of the Assemblée Nationale, sitting: 78, 30/11/2017	2017-11-30	Lower house	15e législature	Session ordinaire 2017-2018 (CRSANR5L15S2018O1N078)	-	78. séance	-	Reference	English	Regular	MP	notMinister	LAREM	La République en Marche	Coalition	Centre	PA721824	Renson, Hugues	M	1978	
ParlaMint-FR-en_2017-11-30-O1078	ParlaMint-FR_2017-11-30-O1078.u290	Proceedings of the debates in plenary sitting of the Assemblée Nationale, sitting: 78, 30/11/2017	2017-11-30	Lower house	15e législature	Session ordinaire 2017-2018 (CRSANR5L15S2018O1N078)	-	78. séance	-	Reference	English	Regular	MP	notMinister	LR	Les Républicains	Opposition	Centre-right	PA267527	Saddier, Martial	M	1969	
ParlaMint-FR-en_2017-11-30-O1078	ParlaMint-FR_2017-11-30-O1078.u291	Proceedings of the debates in plenary sitting of the Assemblée Nationale, sitting: 78, 30/11/2017	2017-11-30	Lower house	15e législature	Session ordinaire 2017-2018 (CRSANR5L15S2018O1N078)	-	78. séance	-	Reference	English	Regular	MP	notMinister	LAREM	La République en Marche	Coalition	Centre	PA721764	Grégoire, Olivia	F	1978	
ParlaMint-FR-en_2017-11-30-O1078	ParlaMint-FR_2017-11-30-O1078.u292	Proceedings of the debates in plenary sitting of the Assemblée Nationale, sitting: 78, 30/11/2017	2017-11-30	Lower house	15e législature	Session ordinaire 2017-2018 (CRSANR5L15S2018O1N078)	-	78. séance	-	Reference	English	Regular	MP	notMinister	LAREM	La République en Marche	Coalition	Centre	PA721824	Renson, Hugues	M	1978	
ParlaMint-FR-en_2017-11-30-O1078	ParlaMint-FR_2017-11-30-O1078.u293	Proceedings of the debates in plenary sitting of the Assemblée Nationale, sitting: 78, 30/11/2017	2017-11-30	Lower house	15e législature	Session ordinaire 2017-2018 (CRSANR5L15S2018O1N078)	-	78. séance	-	Reference	English	Regular	notMP	notMinister	FI	La France insoumise	Opposition	Left to far-left	PA720846	Lachaud, Bastien	M	1980	
ParlaMint-FR-en_2017-11-30-O1078	ParlaMint-FR_2017-11-30-O1078.u294	Proceedings of the debates in plenary sitting of the Assemblée Nationale, sitting: 78, 30/11/2017	2017-11-30	Lower house	15e législature	Session ordinaire 2017-2018 (CRSANR5L15S2018O1N078)	-	78. séance	-	Reference	English	Regular	MP	notMinister	FI	La France insoumise	Opposition	Left to far-left	PA719578	Prud'homme, Loïc	M	1969	
ParlaMint-FR-en_2017-11-30-O1078	ParlaMint-FR_2017-11-30-O1078.u295	Proceedings of the debates in plenary sitting of the Assemblée Nationale, sitting: 78, 30/11/2017	2017-11-30	Lower house	15e législature	Session ordinaire 2017-2018 (CRSANR5L15S2018O1N078)	-	78. séance	-	Reference	English	Regular	notMP	notMinister	LR	Les Républicains	Opposition	Centre-right	PA721314	Schellenberger, Raphaël	M	1990	
ParlaMint-FR-en_2017-11-30-O1078	ParlaMint-FR_2017-11-30-O1078.u296	Proceedings of the debates in plenary sitting of the Assemblée Nationale, sitting: 78, 30/11/2017	2017-11-30	Lower house	15e législature	Session ordinaire 2017-2018 (CRSANR5L15S2018O1N078)	-	78. séance	-	Reference	English	Chairperson	MP	notMinister	LAREM	La République en Marche	Coalition	Centre	PA721824	Renson, Hugues	M	1978	
ParlaMint-FR-en_2017-11-30-O1078	ParlaMint-FR_2017-11-30-O1078.u297	Proceedings of the debates in plenary sitting of the Assemblée Nationale, sitting: 78, 30/11/2017	2017-11-30	Lower house	15e législature	Session ordinaire 2017-2018 (CRSANR5L15S2018O1N078)	-	78. séance	-	Reference	English	Regular	notMP	notMinister	LR	Les Républicains	Opposition	Centre-right	PA330008	Breton, Xavier	M	1962	
ParlaMint-FR-en_2017-11-30-O1078	ParlaMint-FR_2017-11-30-O1078.u298	Proceedings of the debates in plenary sitting of the Assemblée Nationale, sitting: 78, 30/11/2017	2017-11-30	Lower house	15e législature	Session ordinaire 2017-2018 (CRSANR5L15S2018O1N078)	-	78. séance	-	Reference	English	Regular	MP	notMinister	LAREM	La République en Marche	Coalition	Centre	PA721824	Renson, Hugues	M	1978	
ParlaMint-FR-en_2017-11-30-O1078	ParlaMint-FR_2017-11-30-O1078.u299	Proceedings of the debates in plenary sitting of the Assemblée Nationale, sitting: 78, 30/11/2017	2017-11-30	Lower house	15e législature	Session ordinaire 2017-2018 (CRSANR5L15S2018O1N078)	-	78. séance	-	Reference	English	Regular	notMP	notMinister	LR	Les Républicains	Opposition	Centre-right	PA330008	Breton, Xavier	M	1962	
ParlaMint-FR-en_2017-11-30-O1078	ParlaMint-FR_2017-11-30-O1078.u300	Proceedings of the debates in plenary sitting of the Assemblée Nationale, sitting: 78, 30/11/2017	2017-11-30	Lower house	15e législature	Session ordinaire 2017-2018 (CRSANR5L15S2018O1N078)	-	78. séance	-	Reference	English	Regular	MP	notMinister	LAREM	La République en Marche	Coalition	Centre	PA721824	Renson, Hugues	M	1978	
ParlaMint-FR-en_2017-11-30-O1078	ParlaMint-FR_2017-11-30-O1078.u301	Proceedings of the debates in plenary sitting of the Assemblée Nationale, sitting: 78, 30/11/2017	2017-11-30	Lower house	15e législature	Session ordinaire 2017-2018 (CRSANR5L15S2018O1N078)	-	78. séance	-	Reference	English	Regular	notMP	notMinister	MODEM	Mouvement Démocrate et apparentés	Coalition	Centre to centre-right	PA719874	Jacquier-Laforge, Élodie	F	1978	
ParlaMint-FR-en_2017-11-30-O1078	ParlaMint-FR_2017-11-30-O1078.u302	Proceedings of the debates in plenary sitting of the Assemblée Nationale, sitting: 78, 30/11/2017	2017-11-30	Lower house	15e législature	Session ordinaire 2017-2018 (CRSANR5L15S2018O1N078)	-	78. séance	-	Reference	English	Regular	MP	notMinister	LAREM	La République en Marche	Coalition	Centre	PA721824	Renson, Hugues	M	1978	
ParlaMint-FR-en_2017-11-30-O1078	ParlaMint-FR_2017-11-30-O1078.u303	Proceedings of the debates in plenary sitting of the Assemblée Nationale, sitting: 78, 30/11/2017	2017-11-30	Lower house	15e législature	Session ordinaire 2017-2018 (CRSANR5L15S2018O1N078)	-	78. séance	-	Reference	English	Regular	notMP	notMinister	LR	Les Républicains	Opposition	Centre-right	PA330008	Breton, Xavier	M	1962	
ParlaMint-FR-en_2017-11-30-O1078	ParlaMint-FR_2017-11-30-O1078.u304	Proceedings of the debates in plenary sitting of the Assemblée Nationale, sitting: 78, 30/11/2017	2017-11-30	Lower house	15e législature	Session ordinaire 2017-2018 (CRSANR5L15S2018O1N078)	-	78. séance	-	Reference	English	Chairperson	MP	notMinister	LAREM	La République en Marche	Coalition	Centre	PA721824	Renson, Hugues	M	1978	
ParlaMint-FR-en_2017-11-30-O1078	ParlaMint-FR_2017-11-30-O1078.u305	Proceedings of the debates in plenary sitting of the Assemblée Nationale, sitting: 78, 30/11/2017	2017-11-30	Lower house	15e législature	Session ordinaire 2017-2018 (CRSANR5L15S2018O1N078)	-	78. séance	-	Reference	English	Regular	notMP	notMinister	LR	Les Républicains	Opposition	Centre-right	PA721314	Schellenberger, Raphaël	M	1990	
ParlaMint-FR-en_2017-11-30-O1078	ParlaMint-FR_2017-11-30-O1078.u306	Proceedings of the debates in plenary sitting of the Assemblée Nationale, sitting: 78, 30/11/2017	2017-11-30	Lower house	15e législature	Session ordinaire 2017-2018 (CRSANR5L15S2018O1N078)	-	78. séance	-	Reference	English	Regular	MP	notMinister	LAREM	La République en Marche	Coalition	Centre	PA721824	Renson, Hugues	M	1978	
ParlaMint-FR-en_2017-11-30-O1078	ParlaMint-FR_2017-11-30-O1078.u307	Proceedings of the debates in plenary sitting of the Assemblée Nationale, sitting: 78, 30/11/2017	2017-11-30	Lower house	15e législature	Session ordinaire 2017-2018 (CRSANR5L15S2018O1N078)	-	78. séance	-	Reference	English	Regular	notMP	notMinister	MODEM	Mouvement Démocrate et apparentés	Coalition	Centre to centre-right	PA719874	Jacquier-Laforge, Élodie	F	1978	
ParlaMint-FR-en_2017-11-30-O1078	ParlaMint-FR_2017-11-30-O1078.u308	Proceedings of the debates in plenary sitting of the Assemblée Nationale, sitting: 78, 30/11/2017	2017-11-30	Lower house	15e législature	Session ordinaire 2017-2018 (CRSANR5L15S2018O1N078)	-	78. séance	-	Reference	English	Regular	MP	notMinister	LAREM	La République en Marche	Coalition	Centre	PA721824	Renson, Hugues	M	1978	
ParlaMint-FR-en_2017-11-30-O1078	ParlaMint-FR_2017-11-30-O1078.u309	Proceedings of the debates in plenary sitting of the Assemblée Nationale, sitting: 78, 30/11/2017	2017-11-30	Lower house	15e législature	Session ordinaire 2017-2018 (CRSANR5L15S2018O1N078)	-	78. séance	-	Reference	English	Regular	notMP	Minister	-	-	-	-	PA227076	Gourault, Jacqueline	F	1950	
ParlaMint-FR-en_2017-11-30-O1078	ParlaMint-FR_2017-11-30-O1078.u310	Proceedings of the debates in plenary sitting of the Assemblée Nationale, sitting: 78, 30/11/2017	2017-11-30	Lower house	15e législature	Session ordinaire 2017-2018 (CRSANR5L15S2018O1N078)	-	78. séance	-	Reference	English	Regular	MP	notMinister	LAREM	La République en Marche	Coalition	Centre	PA721824	Renson, Hugues	M	1978	
ParlaMint-FR-en_2017-11-30-O1078	ParlaMint-FR_2017-11-30-O1078.u311	Proceedings of the debates in plenary sitting of the Assemblée Nationale, sitting: 78, 30/11/2017	2017-11-30	Lower house	15e législature	Session ordinaire 2017-2018 (CRSANR5L15S2018O1N078)	-	78. séance	-	Reference	English	Regular	MP	notMinister	MODEM	Mouvement Démocrate et apparentés	Coalition	Centre to centre-right	PA719938	Fesneau, Marc	M	1971	
ParlaMint-FR-en_2017-11-30-O1078	ParlaMint-FR_2017-11-30-O1078.u312	Proceedings of the debates in plenary sitting of the Assemblée Nationale, sitting: 78, 30/11/2017	2017-11-30	Lower house	15e législature	Session ordinaire 2017-2018 (CRSANR5L15S2018O1N078)	-	78. séance	-	Reference	English	Regular	MP	notMinister	LR	Les Républicains	Opposition	Centre-right	PA267527	Saddier, Martial	M	1969	
ParlaMint-FR-en_2017-11-30-O1078	ParlaMint-FR_2017-11-30-O1078.u313	Proceedings of the debates in plenary sitting of the Assemblée Nationale, sitting: 78, 30/11/2017	2017-11-30	Lower house	15e législature	Session ordinaire 2017-2018 (CRSANR5L15S2018O1N078)	-	78. séance	-	Reference	English	Regular	MP	notMinister	MODEM	Mouvement Démocrate et apparentés	Coalition	Centre to centre-right	PA719938	Fesneau, Marc	M	1971	
ParlaMint-FR-en_2017-11-30-O1078	ParlaMint-FR_2017-11-30-O1078.u314	Proceedings of the debates in plenary sitting of the Assemblée Nationale, sitting: 78, 30/11/2017	2017-11-30	Lower house	15e législature	Session ordinaire 2017-2018 (CRSANR5L15S2018O1N078)	-	78. séance	-	Reference	English	Regular	MP	notMinister	LAREM	La République en Marche	Coalition	Centre	PA721824	Renson, Hugues	M	1978	
ParlaMint-FR-en_2017-11-30-O1078	ParlaMint-FR_2017-11-30-O1078.u315	Proceedings of the debates in plenary sitting of the Assemblée Nationale, sitting: 78, 30/11/2017	2017-11-30	Lower house	15e législature	Session ordinaire 2017-2018 (CRSANR5L15S2018O1N078)	-	78. séance	-	Reference	English	Regular	MP	notMinister	LAREM	La République en Marche	Coalition	Centre	PA719994	Kamowski, Catherine	F	1958	
ParlaMint-FR-en_2017-11-30-O1078	ParlaMint-FR_2017-11-30-O1078.u316	Proceedings of the debates in plenary sitting of the Assemblée Nationale, sitting: 78, 30/11/2017	2017-11-30	Lower house	15e législature	Session ordinaire 2017-2018 (CRSANR5L15S2018O1N078)	-	78. séance	-	Reference	English	Chairperson	MP	notMinister	LAREM	La République en Marche	Coalition	Centre	PA721824	Renson, Hugues	M	1978	
ParlaMint-FR-en_2017-11-30-O1078	ParlaMint-FR_2017-11-30-O1078.u317	Proceedings of the debates in plenary sitting of the Assemblée Nationale, sitting: 78, 30/11/2017	2017-11-30	Lower house	15e législature	Session ordinaire 2017-2018 (CRSANR5L15S2018O1N078)	-	78. séance	-	Reference	English	Regular	MP	notMinister	FI	La France insoumise	Opposition	Left to far-left	PA719578	Prud'homme, Loïc	M	1969	
ParlaMint-FR-en_2017-11-30-O1078	ParlaMint-FR_2017-11-30-O1078.u318	Proceedings of the debates in plenary sitting of the Assemblée Nationale, sitting: 78, 30/11/2017	2017-11-30	Lower house	15e législature	Session ordinaire 2017-2018 (CRSANR5L15S2018O1N078)	-	78. séance	-	Reference	English	Regular	MP	notMinister	LAREM	La République en Marche	Coalition	Centre	PA719994	Kamowski, Catherine	F	1958	
ParlaMint-FR-en_2017-11-30-O1078	ParlaMint-FR_2017-11-30-O1078.u319	Proceedings of the debates in plenary sitting of the Assemblée Nationale, sitting: 78, 30/11/2017	2017-11-30	Lower house	15e législature	Session ordinaire 2017-2018 (CRSANR5L15S2018O1N078)	-	78. séance	-	Reference	English	Regular	MP	notMinister	FI	La France insoumise	Opposition	Left to far-left	PA719578	Prud'homme, Loïc	M	1969	
ParlaMint-FR-en_2017-11-30-O1078	ParlaMint-FR_2017-11-30-O1078.u320	Proceedings of the debates in plenary sitting of the Assemblée Nationale, sitting: 78, 30/11/2017	2017-11-30	Lower house	15e législature	Session ordinaire 2017-2018 (CRSANR5L15S2018O1N078)	-	78. séance	-	Reference	English	Regular	MP	notMinister	LAREM	La République en Marche	Coalition	Centre	PA721824	Renson, Hugues	M	1978	
ParlaMint-FR-en_2017-11-30-O1078	ParlaMint-FR_2017-11-30-O1078.u321	Proceedings of the debates in plenary sitting of the Assemblée Nationale, sitting: 78, 30/11/2017	2017-11-30	Lower house	15e législature	Session ordinaire 2017-2018 (CRSANR5L15S2018O1N078)	-	78. séance	-	Reference	English	Regular	notMP	notMinister	MODEM	Mouvement Démocrate et apparentés	Coalition	Centre to centre-right	PA719874	Jacquier-Laforge, Élodie	F	1978	
ParlaMint-FR-en_2017-11-30-O1078	ParlaMint-FR_2017-11-30-O1078.u322	Proceedings of the debates in plenary sitting of the Assemblée Nationale, sitting: 78, 30/11/2017	2017-11-30	Lower house	15e législature	Session ordinaire 2017-2018 (CRSANR5L15S2018O1N078)	-	78. séance	-	Reference	English	Regular	MP	notMinister	LAREM	La République en Marche	Coalition	Centre	PA721824	Renson, Hugues	M	1978	
ParlaMint-FR-en_2017-11-30-O1078	ParlaMint-FR_2017-11-30-O1078.u323	Proceedings of the debates in plenary sitting of the Assemblée Nationale, sitting: 78, 30/11/2017	2017-11-30	Lower house	15e législature	Session ordinaire 2017-2018 (CRSANR5L15S2018O1N078)	-	78. séance	-	Reference	English	Regular	notMP	Minister	-	-	-	-	PA227076	Gourault, Jacqueline	F	1950	
ParlaMint-FR-en_2017-11-30-O1078	ParlaMint-FR_2017-11-30-O1078.u324	Proceedings of the debates in plenary sitting of the Assemblée Nationale, sitting: 78, 30/11/2017	2017-11-30	Lower house	15e législature	Session ordinaire 2017-2018 (CRSANR5L15S2018O1N078)	-	78. séance	-	Reference	English	Regular	MP	notMinister	LAREM	La République en Marche	Coalition	Centre	PA721824	Renson, Hugues	M	1978	
ParlaMint-FR-en_2017-11-30-O1078	ParlaMint-FR_2017-11-30-O1078.u325	Proceedings of the debates in plenary sitting of the Assemblée Nationale, sitting: 78, 30/11/2017	2017-11-30	Lower house	15e législature	Session ordinaire 2017-2018 (CRSANR5L15S2018O1N078)	-	78. séance	-	Reference	English	Regular	MP	notMinister	FI	La France insoumise	Opposition	Left to far-left	PA719578	Prud'homme, Loïc	M	1969	
ParlaMint-FR-en_2017-11-30-O1078	ParlaMint-FR_2017-11-30-O1078.u326	Proceedings of the debates in plenary sitting of the Assemblée Nationale, sitting: 78, 30/11/2017	2017-11-30	Lower house	15e législature	Session ordinaire 2017-2018 (CRSANR5L15S2018O1N078)	-	78. séance	-	Reference	English	Regular	MP	notMinister	LAREM	La République en Marche	Coalition	Centre	PA719994	Kamowski, Catherine	F	1958	
ParlaMint-FR-en_2017-11-30-O1078	ParlaMint-FR_2017-11-30-O1078.u327	Proceedings of the debates in plenary sitting of the Assemblée Nationale, sitting: 78, 30/11/2017	2017-11-30	Lower house	15e législature	Session ordinaire 2017-2018 (CRSANR5L15S2018O1N078)	-	78. séance	-	Reference	English	Regular	notMP	notMinister	LR	Les Républicains	Opposition	Centre-right	PA721314	Schellenberger, Raphaël	M	1990	
ParlaMint-FR-en_2017-11-30-O1078	ParlaMint-FR_2017-11-30-O1078.u328	Proceedings of the debates in plenary sitting of the Assemblée Nationale, sitting: 78, 30/11/2017	2017-11-30	Lower house	15e législature	Session ordinaire 2017-2018 (CRSANR5L15S2018O1N078)	-	78. séance	-	Reference	English	Regular	MP	notMinister	LAREM	La République en Marche	Coalition	Centre	PA719994	Kamowski, Catherine	F	1958	
ParlaMint-FR-en_2017-11-30-O1078	ParlaMint-FR_2017-11-30-O1078.u329	Proceedings of the debates in plenary sitting of the Assemblée Nationale, sitting: 78, 30/11/2017	2017-11-30	Lower house	15e législature	Session ordinaire 2017-2018 (CRSANR5L15S2018O1N078)	-	78. séance	-	Reference	English	Chairperson	MP	notMinister	LAREM	La République en Marche	Coalition	Centre	PA721824	Renson, Hugues	M	1978	
ParlaMint-FR-en_2017-11-30-O1078	ParlaMint-FR_2017-11-30-O1078.u330	Proceedings of the debates in plenary sitting of the Assemblée Nationale, sitting: 78, 30/11/2017	2017-11-30	Lower house	15e législature	Session ordinaire 2017-2018 (CRSANR5L15S2018O1N078)	-	78. séance	-	Reference	English	Regular	notMP	notMinister	LR	Les Républicains	Opposition	Centre-right	PA721314	Schellenberger, Raphaël	M	1990	
ParlaMint-FR-en_2017-11-30-O1078	ParlaMint-FR_2017-11-30-O1078.u331	Proceedings of the debates in plenary sitting of the Assemblée Nationale, sitting: 78, 30/11/2017	2017-11-30	Lower house	15e législature	Session ordinaire 2017-2018 (CRSANR5L15S2018O1N078)	-	78. séance	-	Reference	English	Regular	MP	notMinister	LAREM	La République en Marche	Coalition	Centre	PA721824	Renson, Hugues	M	1978	
ParlaMint-FR-en_2017-11-30-O1078	ParlaMint-FR_2017-11-30-O1078.u332	Proceedings of the debates in plenary sitting of the Assemblée Nationale, sitting: 78, 30/11/2017	2017-11-30	Lower house	15e législature	Session ordinaire 2017-2018 (CRSANR5L15S2018O1N078)	-	78. séance	-	Reference	English	Regular	notMP	notMinister	MODEM	Mouvement Démocrate et apparentés	Coalition	Centre to centre-right	PA719874	Jacquier-Laforge, Élodie	F	1978	
ParlaMint-FR-en_2017-11-30-O1078	ParlaMint-FR_2017-11-30-O1078.u333	Proceedings of the debates in plenary sitting of the Assemblée Nationale, sitting: 78, 30/11/2017	2017-11-30	Lower house	15e législature	Session ordinaire 2017-2018 (CRSANR5L15S2018O1N078)	-	78. séance	-	Reference	English	Regular	MP	notMinister	LAREM	La République en Marche	Coalition	Centre	PA721824	Renson, Hugues	M	1978	
ParlaMint-FR-en_2017-11-30-O1078	ParlaMint-FR_2017-11-30-O1078.u334	Proceedings of the debates in plenary sitting of the Assemblée Nationale, sitting: 78, 30/11/2017	2017-11-30	Lower house	15e législature	Session ordinaire 2017-2018 (CRSANR5L15S2018O1N078)	-	78. séance	-	Reference	English	Regular	notMP	Minister	-	-	-	-	PA227076	Gourault, Jacqueline	F	1950	
ParlaMint-FR-en_2017-11-30-O1078	ParlaMint-FR_2017-11-30-O1078.u335	Proceedings of the debates in plenary sitting of the Assemblée Nationale, sitting: 78, 30/11/2017	2017-11-30	Lower house	15e législature	Session ordinaire 2017-2018 (CRSANR5L15S2018O1N078)	-	78. séance	-	Reference	English	Chairperson	MP	notMinister	LAREM	La République en Marche	Coalition	Centre	PA721824	Renson, Hugues	M	1978	
ParlaMint-FR-en_2017-11-30-O1078	ParlaMint-FR_2017-11-30-O1078.u336	Proceedings of the debates in plenary sitting of the Assemblée Nationale, sitting: 78, 30/11/2017	2017-11-30	Lower house	15e législature	Session ordinaire 2017-2018 (CRSANR5L15S2018O1N078)	-	78. séance	-	Reference	English	Regular	notMP	notMinister	LR	Les Républicains	Opposition	Centre-right	PA721314	Schellenberger, Raphaël	M	1990	
ParlaMint-FR-en_2017-11-30-O1078	ParlaMint-FR_2017-11-30-O1078.u337	Proceedings of the debates in plenary sitting of the Assemblée Nationale, sitting: 78, 30/11/2017	2017-11-30	Lower house	15e législature	Session ordinaire 2017-2018 (CRSANR5L15S2018O1N078)	-	78. séance	-	Reference	English	Regular	MP	notMinister	LAREM	La République en Marche	Coalition	Centre	PA721824	Renson, Hugues	M	1978	
ParlaMint-FR-en_2017-11-30-O1078	ParlaMint-FR_2017-11-30-O1078.u338	Proceedings of the debates in plenary sitting of the Assemblée Nationale, sitting: 78, 30/11/2017	2017-11-30	Lower house	15e législature	Session ordinaire 2017-2018 (CRSANR5L15S2018O1N078)	-	78. séance	-	Reference	English	Regular	notMP	notMinister	MODEM	Mouvement Démocrate et apparentés	Coalition	Centre to centre-right	PA719874	Jacquier-Laforge, Élodie	F	1978	
ParlaMint-FR-en_2017-11-30-O1078	ParlaMint-FR_2017-11-30-O1078.u339	Proceedings of the debates in plenary sitting of the Assemblée Nationale, sitting: 78, 30/11/2017	2017-11-30	Lower house	15e législature	Session ordinaire 2017-2018 (CRSANR5L15S2018O1N078)	-	78. séance	-	Reference	English	Regular	MP	notMinister	LAREM	La République en Marche	Coalition	Centre	PA721824	Renson, Hugues	M	1978	
ParlaMint-FR-en_2017-11-30-O1078	ParlaMint-FR_2017-11-30-O1078.u340	Proceedings of the debates in plenary sitting of the Assemblée Nationale, sitting: 78, 30/11/2017	2017-11-30	Lower house	15e législature	Session ordinaire 2017-2018 (CRSANR5L15S2018O1N078)	-	78. séance	-	Reference	English	Regular	notMP	Minister	-	-	-	-	PA227076	Gourault, Jacqueline	F	1950	
ParlaMint-FR-en_2017-11-30-O1078	ParlaMint-FR_2017-11-30-O1078.u341	Proceedings of the debates in plenary sitting of the Assemblée Nationale, sitting: 78, 30/11/2017	2017-11-30	Lower house	15e législature	Session ordinaire 2017-2018 (CRSANR5L15S2018O1N078)	-	78. séance	-	Reference	English	Chairperson	MP	notMinister	LAREM	La République en Marche	Coalition	Centre	PA721824	Renson, Hugues	M	1978	
ParlaMint-FR-en_2017-11-30-O1078	ParlaMint-FR_2017-11-30-O1078.u342	Proceedings of the debates in plenary sitting of the Assemblée Nationale, sitting: 78, 30/11/2017	2017-11-30	Lower house	15e législature	Session ordinaire 2017-2018 (CRSANR5L15S2018O1N078)	-	78. séance	-	Reference	English	Regular	notMP	notMinister	LR	Les Républicains	Opposition	Centre-right	PA721314	Schellenberger, Raphaël	M	1990	
ParlaMint-FR-en_2017-11-30-O1078	ParlaMint-FR_2017-11-30-O1078.u343	Proceedings of the debates in plenary sitting of the Assemblée Nationale, sitting: 78, 30/11/2017	2017-11-30	Lower house	15e législature	Session ordinaire 2017-2018 (CRSANR5L15S2018O1N078)	-	78. séance	-	Reference	English	Chairperson	MP	notMinister	LAREM	La République en Marche	Coalition	Centre	PA721824	Renson, Hugues	M	1978	
ParlaMint-FR-en_2017-11-30-O1078	ParlaMint-FR_2017-11-30-O1078.u344	Proceedings of the debates in plenary sitting of the Assemblée Nationale, sitting: 78, 30/11/2017	2017-11-30	Lower house	15e législature	Session ordinaire 2017-2018 (CRSANR5L15S2018O1N078)	-	78. séance	-	Reference	English	Regular	notMP	notMinister	LR	Les Républicains	Opposition	Centre-right	PA721314	Schellenberger, Raphaël	M	1990	
ParlaMint-FR-en_2017-11-30-O1078	ParlaMint-FR_2017-11-30-O1078.u345	Proceedings of the debates in plenary sitting of the Assemblée Nationale, sitting: 78, 30/11/2017	2017-11-30	Lower house	15e législature	Session ordinaire 2017-2018 (CRSANR5L15S2018O1N078)	-	78. séance	-	Reference	English	Regular	MP	notMinister	LAREM	La République en Marche	Coalition	Centre	PA721824	Renson, Hugues	M	1978	
ParlaMint-FR-en_2017-11-30-O1078	ParlaMint-FR_2017-11-30-O1078.u346	Proceedings of the debates in plenary sitting of the Assemblée Nationale, sitting: 78, 30/11/2017	2017-11-30	Lower house	15e législature	Session ordinaire 2017-2018 (CRSANR5L15S2018O1N078)	-	78. séance	-	Reference	English	Regular	notMP	notMinister	MODEM	Mouvement Démocrate et apparentés	Coalition	Centre to centre-right	PA719874	Jacquier-Laforge, Élodie	F	1978	
ParlaMint-FR-en_2017-11-30-O1078	ParlaMint-FR_2017-11-30-O1078.u347	Proceedings of the debates in plenary sitting of the Assemblée Nationale, sitting: 78, 30/11/2017	2017-11-30	Lower house	15e législature	Session ordinaire 2017-2018 (CRSANR5L15S2018O1N078)	-	78. séance	-	Reference	English	Regular	MP	notMinister	LAREM	La République en Marche	Coalition	Centre	PA721824	Renson, Hugues	M	1978	
ParlaMint-FR-en_2017-11-30-O1078	ParlaMint-FR_2017-11-30-O1078.u348	Proceedings of the debates in plenary sitting of the Assemblée Nationale, sitting: 78, 30/11/2017	2017-11-30	Lower house	15e législature	Session ordinaire 2017-2018 (CRSANR5L15S2018O1N078)	-	78. séance	-	Reference	English	Regular	notMP	Minister	-	-	-	-	PA227076	Gourault, Jacqueline	F	1950	
ParlaMint-FR-en_2017-11-30-O1078	ParlaMint-FR_2017-11-30-O1078.u349	Proceedings of the debates in plenary sitting of the Assemblée Nationale, sitting: 78, 30/11/2017	2017-11-30	Lower house	15e législature	Session ordinaire 2017-2018 (CRSANR5L15S2018O1N078)	-	78. séance	-	Reference	English	Regular	MP	notMinister	LAREM	La République en Marche	Coalition	Centre	PA721824	Renson, Hugues	M	1978	
ParlaMint-FR-en_2017-11-30-O1078	ParlaMint-FR_2017-11-30-O1078.u350	Proceedings of the debates in plenary sitting of the Assemblée Nationale, sitting: 78, 30/11/2017	2017-11-30	Lower house	15e législature	Session ordinaire 2017-2018 (CRSANR5L15S2018O1N078)	-	78. séance	-	Reference	English	Chairperson	MP	notMinister	LAREM	La République en Marche	Coalition	Centre	PA721824	Renson, Hugues	M	1978	
ParlaMint-FR-en_2017-11-30-O1078	ParlaMint-FR_2017-11-30-O1078.u351	Proceedings of the debates in plenary sitting of the Assemblée Nationale, sitting: 78, 30/11/2017	2017-11-30	Lower house	15e législature	Session ordinaire 2017-2018 (CRSANR5L15S2018O1N078)	-	78. séance	-	Reference	English	Chairperson	MP	notMinister	LAREM	La République en Marche	Coalition	Centre	PA721824	Renson, Hugues	M	1978	
ParlaMint-FR-en_2017-11-30-O1078	ParlaMint-FR_2017-11-30-O1078.u352	Proceedings of the debates in plenary sitting of the Assemblée Nationale, sitting: 78, 30/11/2017	2017-11-30	Lower house	15e législature	Session ordinaire 2017-2018 (CRSANR5L15S2018O1N078)	-	78. séance	-	Reference	English	Chairperson	MP	notMinister	LAREM	La République en Marche	Coalition	Centre	PA721824	Renson, Hugues	M	1978	
ParlaMint-FR-en_2017-11-30-O1078	ParlaMint-FR_2017-11-30-O1078.u353	Proceedings of the debates in plenary sitting of the Assemblée Nationale, sitting: 78, 30/11/2017	2017-11-30	Lower house	15e législature	Session ordinaire 2017-2018 (CRSANR5L15S2018O1N078)	-	78. séance	-	Reference	English	Regular	MP	notMinister	LR	Les Républicains	Opposition	Centre-right	PA267527	Saddier, Martial	M	1969	
ParlaMint-FR-en_2017-11-30-O1078	ParlaMint-FR_2017-11-30-O1078.u354	Proceedings of the debates in plenary sitting of the Assemblée Nationale, sitting: 78, 30/11/2017	2017-11-30	Lower house	15e législature	Session ordinaire 2017-2018 (CRSANR5L15S2018O1N078)	-	78. séance	-	Reference	English	Chairperson	MP	notMinister	LAREM	La République en Marche	Coalition	Centre	PA721824	Renson, Hugues	M	1978	
ParlaMint-FR-en_2017-11-30-O1078	ParlaMint-FR_2017-11-30-O1078.u355	Proceedings of the debates in plenary sitting of the Assemblée Nationale, sitting: 78, 30/11/2017	2017-11-30	Lower house	15e législature	Session ordinaire 2017-2018 (CRSANR5L15S2018O1N078)	-	78. séance	-	Reference	English	Regular	MP	notMinister	UDI-AGIR	UDI, Agir et Indépendants	Opposition	Right	PA719806	Auconie, Sophie	F	1963	
ParlaMint-FR-en_2017-11-30-O1078	ParlaMint-FR_2017-11-30-O1078.u356	Proceedings of the debates in plenary sitting of the Assemblée Nationale, sitting: 78, 30/11/2017	2017-11-30	Lower house	15e législature	Session ordinaire 2017-2018 (CRSANR5L15S2018O1N078)	-	78. séance	-	Reference	English	Regular	MP	notMinister	LAREM	La République en Marche	Coalition	Centre	PA721824	Renson, Hugues	M	1978	
ParlaMint-FR-en_2017-11-30-O1078	ParlaMint-FR_2017-11-30-O1078.u357	Proceedings of the debates in plenary sitting of the Assemblée Nationale, sitting: 78, 30/11/2017	2017-11-30	Lower house	15e législature	Session ordinaire 2017-2018 (CRSANR5L15S2018O1N078)	-	78. séance	-	Reference	English	Regular	notMP	notMinister	MODEM	Mouvement Démocrate et apparentés	Coalition	Centre to centre-right	PA719874	Jacquier-Laforge, Élodie	F	1978	
ParlaMint-FR-en_2017-11-30-O1078	ParlaMint-FR_2017-11-30-O1078.u358	Proceedings of the debates in plenary sitting of the Assemblée Nationale, sitting: 78, 30/11/2017	2017-11-30	Lower house	15e législature	Session ordinaire 2017-2018 (CRSANR5L15S2018O1N078)	-	78. séance	-	Reference	English	Regular	MP	notMinister	LAREM	La République en Marche	Coalition	Centre	PA721824	Renson, Hugues	M	1978	
ParlaMint-FR-en_2017-11-30-O1078	ParlaMint-FR_2017-11-30-O1078.u359	Proceedings of the debates in plenary sitting of the Assemblée Nationale, sitting: 78, 30/11/2017	2017-11-30	Lower house	15e législature	Session ordinaire 2017-2018 (CRSANR5L15S2018O1N078)	-	78. séance	-	Reference	English	Regular	notMP	Minister	-	-	-	-	PA227076	Gourault, Jacqueline	F	1950	
ParlaMint-FR-en_2017-11-30-O1078	ParlaMint-FR_2017-11-30-O1078.u360	Proceedings of the debates in plenary sitting of the Assemblée Nationale, sitting: 78, 30/11/2017	2017-11-30	Lower house	15e législature	Session ordinaire 2017-2018 (CRSANR5L15S2018O1N078)	-	78. séance	-	Reference	English	Regular	MP	notMinister	LAREM	La République en Marche	Coalition	Centre	PA721824	Renson, Hugues	M	1978	
ParlaMint-FR-en_2017-11-30-O1078	ParlaMint-FR_2017-11-30-O1078.u361	Proceedings of the debates in plenary sitting of the Assemblée Nationale, sitting: 78, 30/11/2017	2017-11-30	Lower house	15e législature	Session ordinaire 2017-2018 (CRSANR5L15S2018O1N078)	-	78. séance	-	Reference	English	Regular	MP	notMinister	LR	Les Républicains	Opposition	Centre-right	PA267527	Saddier, Martial	M	1969	
ParlaMint-FR-en_2017-11-30-O1078	ParlaMint-FR_2017-11-30-O1078.u362	Proceedings of the debates in plenary sitting of the Assemblée Nationale, sitting: 78, 30/11/2017	2017-11-30	Lower house	15e législature	Session ordinaire 2017-2018 (CRSANR5L15S2018O1N078)	-	78. séance	-	Reference	English	Regular	MP	notMinister	LAREM	La République en Marche	Coalition	Centre	PA721824	Renson, Hugues	M	1978	
ParlaMint-FR-en_2017-11-30-O1078	ParlaMint-FR_2017-11-30-O1078.u363	Proceedings of the debates in plenary sitting of the Assemblée Nationale, sitting: 78, 30/11/2017	2017-11-30	Lower house	15e législature	Session ordinaire 2017-2018 (CRSANR5L15S2018O1N078)	-	78. séance	-	Reference	English	Regular	MP	notMinister	UDI-AGIR	UDI, Agir et Indépendants	Opposition	Right	PA719806	Auconie, Sophie	F	1963	
ParlaMint-FR-en_2017-11-30-O1078	ParlaMint-FR_2017-11-30-O1078.u364	Proceedings of the debates in plenary sitting of the Assemblée Nationale, sitting: 78, 30/11/2017	2017-11-30	Lower house	15e législature	Session ordinaire 2017-2018 (CRSANR5L15S2018O1N078)	-	78. séance	-	Reference	English	Chairperson	MP	notMinister	LAREM	La République en Marche	Coalition	Centre	PA721824	Renson, Hugues	M	1978	
ParlaMint-FR-en_2017-11-30-O1078	ParlaMint-FR_2017-11-30-O1078.u365	Proceedings of the debates in plenary sitting of the Assemblée Nationale, sitting: 78, 30/11/2017	2017-11-30	Lower house	15e législature	Session ordinaire 2017-2018 (CRSANR5L15S2018O1N078)	-	78. séance	-	Reference	English	Chairperson	MP	notMinister	LAREM	La République en Marche	Coalition	Centre	PA721824	Renson, Hugues	M	1978	
ParlaMint-FR-en_2017-11-30-O1078	ParlaMint-FR_2017-11-30-O1078.u366	Proceedings of the debates in plenary sitting of the Assemblée Nationale, sitting: 78, 30/11/2017	2017-11-30	Lower house	15e législature	Session ordinaire 2017-2018 (CRSANR5L15S2018O1N078)	-	78. séance	-	Reference	English	Regular	notMP	notMinister	FI	La France insoumise	Opposition	Left to far-left	PA720846	Lachaud, Bastien	M	1980	
ParlaMint-FR-en_2017-11-30-O1078	ParlaMint-FR_2017-11-30-O1078.u367	Proceedings of the debates in plenary sitting of the Assemblée Nationale, sitting: 78, 30/11/2017	2017-11-30	Lower house	15e législature	Session ordinaire 2017-2018 (CRSANR5L15S2018O1N078)	-	78. séance	-	Reference	English	Regular	MP	notMinister	LAREM	La République en Marche	Coalition	Centre	PA721824	Renson, Hugues	M	1978	
ParlaMint-FR-en_2017-11-30-O1078	ParlaMint-FR_2017-11-30-O1078.u368	Proceedings of the debates in plenary sitting of the Assemblée Nationale, sitting: 78, 30/11/2017	2017-11-30	Lower house	15e législature	Session ordinaire 2017-2018 (CRSANR5L15S2018O1N078)	-	78. séance	-	Reference	English	Regular	notMP	notMinister	MODEM	Mouvement Démocrate et apparentés	Coalition	Centre to centre-right	PA719874	Jacquier-Laforge, Élodie	F	1978	
ParlaMint-FR-en_2017-11-30-O1078	ParlaMint-FR_2017-11-30-O1078.u369	Proceedings of the debates in plenary sitting of the Assemblée Nationale, sitting: 78, 30/11/2017	2017-11-30	Lower house	15e législature	Session ordinaire 2017-2018 (CRSANR5L15S2018O1N078)	-	78. séance	-	Reference	English	Guest	-	-	-	-	-	-	-	-	-	-
ParlaMint-FR-en_2017-11-30-O1078	ParlaMint-FR_2017-11-30-O1078.u370	Proceedings of the debates in plenary sitting of the Assemblée Nationale, sitting: 78, 30/11/2017	2017-11-30	Lower house	15e législature	Session ordinaire 2017-2018 (CRSANR5L15S2018O1N078)	-	78. séance	-	Reference	English	Regular	notMP	notMinister	MODEM	Mouvement Démocrate et apparentés	Coalition	Centre to centre-right	PA719874	Jacquier-Laforge, Élodie	F	1978	
ParlaMint-FR-en_2017-11-30-O1078	ParlaMint-FR_2017-11-30-O1078.u371	Proceedings of the debates in plenary sitting of the Assemblée Nationale, sitting: 78, 30/11/2017	2017-11-30	Lower house	15e législature	Session ordinaire 2017-2018 (CRSANR5L15S2018O1N078)	-	78. séance	-	Reference	English	Regular	MP	notMinister	LAREM	La République en Marche	Coalition	Centre	PA721824	Renson, Hugues	M	1978	
ParlaMint-FR-en_2017-11-30-O1078	ParlaMint-FR_2017-11-30-O1078.u372	Proceedings of the debates in plenary sitting of the Assemblée Nationale, sitting: 78, 30/11/2017	2017-11-30	Lower house	15e législature	Session ordinaire 2017-2018 (CRSANR5L15S2018O1N078)	-	78. séance	-	Reference	English	Regular	notMP	Minister	-	-	-	-	PA227076	Gourault, Jacqueline	F	1950	
ParlaMint-FR-en_2017-11-30-O1078	ParlaMint-FR_2017-11-30-O1078.u373	Proceedings of the debates in plenary sitting of the Assemblée Nationale, sitting: 78, 30/11/2017	2017-11-30	Lower house	15e législature	Session ordinaire 2017-2018 (CRSANR5L15S2018O1N078)	-	78. séance	-	Reference	English	Regular	MP	notMinister	LAREM	La République en Marche	Coalition	Centre	PA721824	Renson, Hugues	M	1978	
ParlaMint-FR-en_2017-11-30-O1078	ParlaMint-FR_2017-11-30-O1078.u374	Proceedings of the debates in plenary sitting of the Assemblée Nationale, sitting: 78, 30/11/2017	2017-11-30	Lower house	15e législature	Session ordinaire 2017-2018 (CRSANR5L15S2018O1N078)	-	78. séance	-	Reference	English	Regular	notMP	notMinister	FI	La France insoumise	Opposition	Left to far-left	PA720846	Lachaud, Bastien	M	1980	
ParlaMint-FR-en_2017-11-30-O1078	ParlaMint-FR_2017-11-30-O1078.u375	Proceedings of the debates in plenary sitting of the Assemblée Nationale, sitting: 78, 30/11/2017	2017-11-30	Lower house	15e législature	Session ordinaire 2017-2018 (CRSANR5L15S2018O1N078)	-	78. séance	-	Reference	English	Regular	notMP	Minister	-	-	-	-	PA227076	Gourault, Jacqueline	F	1950	
ParlaMint-FR-en_2017-11-30-O1078	ParlaMint-FR_2017-11-30-O1078.u376	Proceedings of the debates in plenary sitting of the Assemblée Nationale, sitting: 78, 30/11/2017	2017-11-30	Lower house	15e législature	Session ordinaire 2017-2018 (CRSANR5L15S2018O1N078)	-	78. séance	-	Reference	English	Regular	notMP	notMinister	FI	La France insoumise	Opposition	Left to far-left	PA720846	Lachaud, Bastien	M	1980	
ParlaMint-FR-en_2017-11-30-O1078	ParlaMint-FR_2017-11-30-O1078.u377	Proceedings of the debates in plenary sitting of the Assemblée Nationale, sitting: 78, 30/11/2017	2017-11-30	Lower house	15e législature	Session ordinaire 2017-2018 (CRSANR5L15S2018O1N078)	-	78. séance	-	Reference	English	Chairperson	MP	notMinister	LAREM	La République en Marche	Coalition	Centre	PA721824	Renson, Hugues	M	1978	
ParlaMint-FR-en_2017-11-30-O1078	ParlaMint-FR_2017-11-30-O1078.u378	Proceedings of the debates in plenary sitting of the Assemblée Nationale, sitting: 78, 30/11/2017	2017-11-30	Lower house	15e législature	Session ordinaire 2017-2018 (CRSANR5L15S2018O1N078)	-	78. séance	-	Reference	English	Regular	MP	notMinister	FI	La France insoumise	Opposition	Left to far-left	PA721960	Obono, Danièle	F	1980	
ParlaMint-FR-en_2017-11-30-O1078	ParlaMint-FR_2017-11-30-O1078.u379	Proceedings of the debates in plenary sitting of the Assemblée Nationale, sitting: 78, 30/11/2017	2017-11-30	Lower house	15e législature	Session ordinaire 2017-2018 (CRSANR5L15S2018O1N078)	-	78. séance	-	Reference	English	Regular	MP	notMinister	LAREM	La République en Marche	Coalition	Centre	PA721824	Renson, Hugues	M	1978	
ParlaMint-FR-en_2017-11-30-O1078	ParlaMint-FR_2017-11-30-O1078.u380	Proceedings of the debates in plenary sitting of the Assemblée Nationale, sitting: 78, 30/11/2017	2017-11-30	Lower house	15e législature	Session ordinaire 2017-2018 (CRSANR5L15S2018O1N078)	-	78. séance	-	Reference	English	Regular	notMP	notMinister	MODEM	Mouvement Démocrate et apparentés	Coalition	Centre to centre-right	PA719874	Jacquier-Laforge, Élodie	F	1978	
ParlaMint-FR-en_2017-11-30-O1078	ParlaMint-FR_2017-11-30-O1078.u381	Proceedings of the debates in plenary sitting of the Assemblée Nationale, sitting: 78, 30/11/2017	2017-11-30	Lower house	15e législature	Session ordinaire 2017-2018 (CRSANR5L15S2018O1N078)	-	78. séance	-	Reference	English	Regular	MP	notMinister	LAREM	La République en Marche	Coalition	Centre	PA721824	Renson, Hugues	M	1978	
ParlaMint-FR-en_2017-11-30-O1078	ParlaMint-FR_2017-11-30-O1078.u382	Proceedings of the debates in plenary sitting of the Assemblée Nationale, sitting: 78, 30/11/2017	2017-11-30	Lower house	15e législature	Session ordinaire 2017-2018 (CRSANR5L15S2018O1N078)	-	78. séance	-	Reference	English	Regular	notMP	Minister	-	-	-	-	PA227076	Gourault, Jacqueline	F	1950	
ParlaMint-FR-en_2017-11-30-O1078	ParlaMint-FR_2017-11-30-O1078.u383	Proceedings of the debates in plenary sitting of the Assemblée Nationale, sitting: 78, 30/11/2017	2017-11-30	Lower house	15e législature	Session ordinaire 2017-2018 (CRSANR5L15S2018O1N078)	-	78. séance	-	Reference	English	Chairperson	MP	notMinister	LAREM	La République en Marche	Coalition	Centre	PA721824	Renson, Hugues	M	1978	
ParlaMint-FR-en_2017-11-30-O1078	ParlaMint-FR_2017-11-30-O1078.u384	Proceedings of the debates in plenary sitting of the Assemblée Nationale, sitting: 78, 30/11/2017	2017-11-30	Lower house	15e législature	Session ordinaire 2017-2018 (CRSANR5L15S2018O1N078)	-	78. séance	-	Reference	English	Regular	notMP	notMinister	FI	La France insoumise	Opposition	Left to far-left	PA588884	Autain, Clémentine	F	1973	
ParlaMint-FR-en_2017-11-30-O1078	ParlaMint-FR_2017-11-30-O1078.u385	Proceedings of the debates in plenary sitting of the Assemblée Nationale, sitting: 78, 30/11/2017	2017-11-30	Lower house	15e législature	Session ordinaire 2017-2018 (CRSANR5L15S2018O1N078)	-	78. séance	-	Reference	English	Regular	MP	notMinister	LAREM	La République en Marche	Coalition	Centre	PA721824	Renson, Hugues	M	1978	
ParlaMint-FR-en_2017-11-30-O1078	ParlaMint-FR_2017-11-30-O1078.u386	Proceedings of the debates in plenary sitting of the Assemblée Nationale, sitting: 78, 30/11/2017	2017-11-30	Lower house	15e législature	Session ordinaire 2017-2018 (CRSANR5L15S2018O1N078)	-	78. séance	-	Reference	English	Regular	notMP	notMinister	MODEM	Mouvement Démocrate et apparentés	Coalition	Centre to centre-right	PA719874	Jacquier-Laforge, Élodie	F	1978	
ParlaMint-FR-en_2017-11-30-O1078	ParlaMint-FR_2017-11-30-O1078.u387	Proceedings of the debates in plenary sitting of the Assemblée Nationale, sitting: 78, 30/11/2017	2017-11-30	Lower house	15e législature	Session ordinaire 2017-2018 (CRSANR5L15S2018O1N078)	-	78. séance	-	Reference	English	Regular	MP	notMinister	LAREM	La République en Marche	Coalition	Centre	PA721824	Renson, Hugues	M	1978	
ParlaMint-FR-en_2017-11-30-O1078	ParlaMint-FR_2017-11-30-O1078.u388	Proceedings of the debates in plenary sitting of the Assemblée Nationale, sitting: 78, 30/11/2017	2017-11-30	Lower house	15e législature	Session ordinaire 2017-2018 (CRSANR5L15S2018O1N078)	-	78. séance	-	Reference	English	Regular	notMP	Minister	-	-	-	-	PA227076	Gourault, Jacqueline	F	1950	
ParlaMint-FR-en_2017-11-30-O1078	ParlaMint-FR_2017-11-30-O1078.u389	Proceedings of the debates in plenary sitting of the Assemblée Nationale, sitting: 78, 30/11/2017	2017-11-30	Lower house	15e législature	Session ordinaire 2017-2018 (CRSANR5L15S2018O1N078)	-	78. séance	-	Reference	English	Regular	MP	notMinister	LAREM	La République en Marche	Coalition	Centre	PA721824	Renson, Hugues	M	1978	
ParlaMint-FR-en_2017-11-30-O1078	ParlaMint-FR_2017-11-30-O1078.u390	Proceedings of the debates in plenary sitting of the Assemblée Nationale, sitting: 78, 30/11/2017	2017-11-30	Lower house	15e législature	Session ordinaire 2017-2018 (CRSANR5L15S2018O1N078)	-	78. séance	-	Reference	English	Regular	notMP	notMinister	FI	La France insoumise	Opposition	Left to far-left	PA588884	Autain, Clémentine	F	1973	
ParlaMint-FR-en_2017-11-30-O1078	ParlaMint-FR_2017-11-30-O1078.u391	Proceedings of the debates in plenary sitting of the Assemblée Nationale, sitting: 78, 30/11/2017	2017-11-30	Lower house	15e législature	Session ordinaire 2017-2018 (CRSANR5L15S2018O1N078)	-	78. séance	-	Reference	English	Regular	MP	notMinister	LAREM	La République en Marche	Coalition	Centre	PA721824	Renson, Hugues	M	1978	
ParlaMint-FR-en_2017-11-30-O1078	ParlaMint-FR_2017-11-30-O1078.u392	Proceedings of the debates in plenary sitting of the Assemblée Nationale, sitting: 78, 30/11/2017	2017-11-30	Lower house	15e législature	Session ordinaire 2017-2018 (CRSANR5L15S2018O1N078)	-	78. séance	-	Reference	English	Regular	notMP	Minister	-	-	-	-	PA227076	Gourault, Jacqueline	F	1950	
ParlaMint-FR-en_2017-11-30-O1078	ParlaMint-FR_2017-11-30-O1078.u393	Proceedings of the debates in plenary sitting of the Assemblée Nationale, sitting: 78, 30/11/2017	2017-11-30	Lower house	15e législature	Session ordinaire 2017-2018 (CRSANR5L15S2018O1N078)	-	78. séance	-	Reference	English	Regular	notMP	notMinister	FI	La France insoumise	Opposition	Left to far-left	PA721062	Ratenon, Jean-Hugues	M	1967	
ParlaMint-FR-en_2017-11-30-O1078	ParlaMint-FR_2017-11-30-O1078.u394	Proceedings of the debates in plenary sitting of the Assemblée Nationale, sitting: 78, 30/11/2017	2017-11-30	Lower house	15e législature	Session ordinaire 2017-2018 (CRSANR5L15S2018O1N078)	-	78. séance	-	Reference	English	Chairperson	MP	notMinister	LAREM	La République en Marche	Coalition	Centre	PA721824	Renson, Hugues	M	1978	
ParlaMint-FR-en_2017-11-30-O1078	ParlaMint-FR_2017-11-30-O1078.u395	Proceedings of the debates in plenary sitting of the Assemblée Nationale, sitting: 78, 30/11/2017	2017-11-30	Lower house	15e législature	Session ordinaire 2017-2018 (CRSANR5L15S2018O1N078)	-	78. séance	-	Reference	English	Regular	notMP	notMinister	FI	La France insoumise	Opposition	Left to far-left	PA721062	Ratenon, Jean-Hugues	M	1967	
ParlaMint-FR-en_2017-11-30-O1078	ParlaMint-FR_2017-11-30-O1078.u396	Proceedings of the debates in plenary sitting of the Assemblée Nationale, sitting: 78, 30/11/2017	2017-11-30	Lower house	15e législature	Session ordinaire 2017-2018 (CRSANR5L15S2018O1N078)	-	78. séance	-	Reference	English	Regular	MP	notMinister	LAREM	La République en Marche	Coalition	Centre	PA721824	Renson, Hugues	M	1978	
ParlaMint-FR-en_2017-11-30-O1078	ParlaMint-FR_2017-11-30-O1078.u397	Proceedings of the debates in plenary sitting of the Assemblée Nationale, sitting: 78, 30/11/2017	2017-11-30	Lower house	15e législature	Session ordinaire 2017-2018 (CRSANR5L15S2018O1N078)	-	78. séance	-	Reference	English	Regular	notMP	notMinister	MODEM	Mouvement Démocrate et apparentés	Coalition	Centre to centre-right	PA719874	Jacquier-Laforge, Élodie	F	1978	
ParlaMint-FR-en_2017-11-30-O1078	ParlaMint-FR_2017-11-30-O1078.u398	Proceedings of the debates in plenary sitting of the Assemblée Nationale, sitting: 78, 30/11/2017	2017-11-30	Lower house	15e législature	Session ordinaire 2017-2018 (CRSANR5L15S2018O1N078)	-	78. séance	-	Reference	English	Regular	notMP	Minister	-	-	-	-	PA227076	Gourault, Jacqueline	F	1950	
ParlaMint-FR-en_2017-11-30-O1078	ParlaMint-FR_2017-11-30-O1078.u399	Proceedings of the debates in plenary sitting of the Assemblée Nationale, sitting: 78, 30/11/2017	2017-11-30	Lower house	15e législature	Session ordinaire 2017-2018 (CRSANR5L15S2018O1N078)	-	78. séance	-	Reference	English	Regular	notMP	notMinister	MODEM	Mouvement Démocrate et apparentés	Coalition	Centre to centre-right	PA719874	Jacquier-Laforge, Élodie	F	1978	
ParlaMint-FR-en_2017-11-30-O1078	ParlaMint-FR_2017-11-30-O1078.u400	Proceedings of the debates in plenary sitting of the Assemblée Nationale, sitting: 78, 30/11/2017	2017-11-30	Lower house	15e législature	Session ordinaire 2017-2018 (CRSANR5L15S2018O1N078)	-	78. séance	-	Reference	English	Regular	MP	notMinister	LAREM	La République en Marche	Coalition	Centre	PA721824	Renson, Hugues	M	1978	
ParlaMint-FR-en_2017-11-30-O1078	ParlaMint-FR_2017-11-30-O1078.u401	Proceedings of the debates in plenary sitting of the Assemblée Nationale, sitting: 78, 30/11/2017	2017-11-30	Lower house	15e législature	Session ordinaire 2017-2018 (CRSANR5L15S2018O1N078)	-	78. séance	-	Reference	English	Regular	notMP	Minister	-	-	-	-	PA227076	Gourault, Jacqueline	F	1950	
ParlaMint-FR-en_2017-11-30-O1078	ParlaMint-FR_2017-11-30-O1078.u402	Proceedings of the debates in plenary sitting of the Assemblée Nationale, sitting: 78, 30/11/2017	2017-11-30	Lower house	15e législature	Session ordinaire 2017-2018 (CRSANR5L15S2018O1N078)	-	78. séance	-	Reference	English	Regular	MP	notMinister	LAREM	La République en Marche	Coalition	Centre	PA721824	Renson, Hugues	M	1978	
ParlaMint-FR-en_2017-11-30-O1078	ParlaMint-FR_2017-11-30-O1078.u403	Proceedings of the debates in plenary sitting of the Assemblée Nationale, sitting: 78, 30/11/2017	2017-11-30	Lower house	15e législature	Session ordinaire 2017-2018 (CRSANR5L15S2018O1N078)	-	78. séance	-	Reference	English	Regular	notMP	notMinister	FI	La France insoumise	Opposition	Left to far-left	PA720846	Lachaud, Bastien	M	1980	
ParlaMint-FR-en_2017-11-30-O1078	ParlaMint-FR_2017-11-30-O1078.u404	Proceedings of the debates in plenary sitting of the Assemblée Nationale, sitting: 78, 30/11/2017	2017-11-30	Lower house	15e législature	Session ordinaire 2017-2018 (CRSANR5L15S2018O1N078)	-	78. séance	-	Reference	English	Regular	notMP	notMinister	FI	La France insoumise	Opposition	Left to far-left	PA720892	Panot, Mathilde	F	1989	
ParlaMint-FR-en_2017-11-30-O1078	ParlaMint-FR_2017-11-30-O1078.u405	Proceedings of the debates in plenary sitting of the Assemblée Nationale, sitting: 78, 30/11/2017	2017-11-30	Lower house	15e législature	Session ordinaire 2017-2018 (CRSANR5L15S2018O1N078)	-	78. séance	-	Reference	English	Chairperson	MP	notMinister	LAREM	La République en Marche	Coalition	Centre	PA721824	Renson, Hugues	M	1978	
ParlaMint-FR-en_2017-11-30-O1078	ParlaMint-FR_2017-11-30-O1078.u406	Proceedings of the debates in plenary sitting of the Assemblée Nationale, sitting: 78, 30/11/2017	2017-11-30	Lower house	15e législature	Session ordinaire 2017-2018 (CRSANR5L15S2018O1N078)	-	78. séance	-	Reference	English	Regular	notMP	notMinister	FI	La France insoumise	Opposition	Left to far-left	PA720846	Lachaud, Bastien	M	1980	
ParlaMint-FR-en_2017-11-30-O1078	ParlaMint-FR_2017-11-30-O1078.u407	Proceedings of the debates in plenary sitting of the Assemblée Nationale, sitting: 78, 30/11/2017	2017-11-30	Lower house	15e législature	Session ordinaire 2017-2018 (CRSANR5L15S2018O1N078)	-	78. séance	-	Reference	English	Regular	notMP	Minister	-	-	-	-	PA227076	Gourault, Jacqueline	F	1950	
ParlaMint-FR-en_2017-11-30-O1078	ParlaMint-FR_2017-11-30-O1078.u408	Proceedings of the debates in plenary sitting of the Assemblée Nationale, sitting: 78, 30/11/2017	2017-11-30	Lower house	15e législature	Session ordinaire 2017-2018 (CRSANR5L15S2018O1N078)	-	78. séance	-	Reference	English	Regular	notMP	notMinister	FI	La France insoumise	Opposition	Left to far-left	PA720846	Lachaud, Bastien	M	1980	
ParlaMint-FR-en_2017-11-30-O1078	ParlaMint-FR_2017-11-30-O1078.u409	Proceedings of the debates in plenary sitting of the Assemblée Nationale, sitting: 78, 30/11/2017	2017-11-30	Lower house	15e législature	Session ordinaire 2017-2018 (CRSANR5L15S2018O1N078)	-	78. séance	-	Reference	English	Regular	MP	notMinister	LAREM	La République en Marche	Coalition	Centre	PA721824	Renson, Hugues	M	1978	
ParlaMint-FR-en_2017-11-30-O1078	ParlaMint-FR_2017-11-30-O1078.u410	Proceedings of the debates in plenary sitting of the Assemblée Nationale, sitting: 78, 30/11/2017	2017-11-30	Lower house	15e législature	Session ordinaire 2017-2018 (CRSANR5L15S2018O1N078)	-	78. séance	-	Reference	English	Regular	notMP	notMinister	MODEM	Mouvement Démocrate et apparentés	Coalition	Centre to centre-right	PA719874	Jacquier-Laforge, Élodie	F	1978	
ParlaMint-FR-en_2017-11-30-O1078	ParlaMint-FR_2017-11-30-O1078.u411	Proceedings of the debates in plenary sitting of the Assemblée Nationale, sitting: 78, 30/11/2017	2017-11-30	Lower house	15e législature	Session ordinaire 2017-2018 (CRSANR5L15S2018O1N078)	-	78. séance	-	Reference	English	Regular	MP	notMinister	LAREM	La République en Marche	Coalition	Centre	PA721824	Renson, Hugues	M	1978	
ParlaMint-FR-en_2017-11-30-O1078	ParlaMint-FR_2017-11-30-O1078.u412	Proceedings of the debates in plenary sitting of the Assemblée Nationale, sitting: 78, 30/11/2017	2017-11-30	Lower house	15e législature	Session ordinaire 2017-2018 (CRSANR5L15S2018O1N078)	-	78. séance	-	Reference	English	Regular	notMP	Minister	-	-	-	-	PA227076	Gourault, Jacqueline	F	1950	
ParlaMint-FR-en_2017-11-30-O1078	ParlaMint-FR_2017-11-30-O1078.u413	Proceedings of the debates in plenary sitting of the Assemblée Nationale, sitting: 78, 30/11/2017	2017-11-30	Lower house	15e législature	Session ordinaire 2017-2018 (CRSANR5L15S2018O1N078)	-	78. séance	-	Reference	English	Regular	notMP	notMinister	FI	La France insoumise	Opposition	Left to far-left	PA720846	Lachaud, Bastien	M	1980	
ParlaMint-FR-en_2017-11-30-O1078	ParlaMint-FR_2017-11-30-O1078.u414	Proceedings of the debates in plenary sitting of the Assemblée Nationale, sitting: 78, 30/11/2017	2017-11-30	Lower house	15e législature	Session ordinaire 2017-2018 (CRSANR5L15S2018O1N078)	-	78. séance	-	Reference	English	Regular	notMP	Minister	-	-	-	-	PA227076	Gourault, Jacqueline	F	1950	
ParlaMint-FR-en_2017-11-30-O1078	ParlaMint-FR_2017-11-30-O1078.u415	Proceedings of the debates in plenary sitting of the Assemblée Nationale, sitting: 78, 30/11/2017	2017-11-30	Lower house	15e législature	Session ordinaire 2017-2018 (CRSANR5L15S2018O1N078)	-	78. séance	-	Reference	English	Guest	-	-	-	-	-	-	-	-	-	-
ParlaMint-FR-en_2017-11-30-O1078	ParlaMint-FR_2017-11-30-O1078.u416	Proceedings of the debates in plenary sitting of the Assemblée Nationale, sitting: 78, 30/11/2017	2017-11-30	Lower house	15e législature	Session ordinaire 2017-2018 (CRSANR5L15S2018O1N078)	-	78. séance	-	Reference	English	Regular	notMP	Minister	-	-	-	-	PA227076	Gourault, Jacqueline	F	1950	
ParlaMint-FR-en_2017-11-30-O1078	ParlaMint-FR_2017-11-30-O1078.u417	Proceedings of the debates in plenary sitting of the Assemblée Nationale, sitting: 78, 30/11/2017	2017-11-30	Lower house	15e législature	Session ordinaire 2017-2018 (CRSANR5L15S2018O1N078)	-	78. séance	-	Reference	English	Regular	notMP	notMinister	FI	La France insoumise	Opposition	Left to far-left	PA721062	Ratenon, Jean-Hugues	M	1967	
ParlaMint-FR-en_2017-11-30-O1078	ParlaMint-FR_2017-11-30-O1078.u418	Proceedings of the debates in plenary sitting of the Assemblée Nationale, sitting: 78, 30/11/2017	2017-11-30	Lower house	15e législature	Session ordinaire 2017-2018 (CRSANR5L15S2018O1N078)	-	78. séance	-	Reference	English	Regular	notMP	notMinister	FI	La France insoumise	Opposition	Left to far-left	PA720846	Lachaud, Bastien	M	1980	
ParlaMint-FR-en_2017-11-30-O1078	ParlaMint-FR_2017-11-30-O1078.u419	Proceedings of the debates in plenary sitting of the Assemblée Nationale, sitting: 78, 30/11/2017	2017-11-30	Lower house	15e législature	Session ordinaire 2017-2018 (CRSANR5L15S2018O1N078)	-	78. séance	-	Reference	English	Regular	notMP	Minister	-	-	-	-	PA227076	Gourault, Jacqueline	F	1950	
ParlaMint-FR-en_2017-11-30-O1078	ParlaMint-FR_2017-11-30-O1078.u420	Proceedings of the debates in plenary sitting of the Assemblée Nationale, sitting: 78, 30/11/2017	2017-11-30	Lower house	15e législature	Session ordinaire 2017-2018 (CRSANR5L15S2018O1N078)	-	78. séance	-	Reference	English	Regular	notMP	notMinister	FI	La France insoumise	Opposition	Left to far-left	PA721062	Ratenon, Jean-Hugues	M	1967	
ParlaMint-FR-en_2017-11-30-O1078	ParlaMint-FR_2017-11-30-O1078.u421	Proceedings of the debates in plenary sitting of the Assemblée Nationale, sitting: 78, 30/11/2017	2017-11-30	Lower house	15e législature	Session ordinaire 2017-2018 (CRSANR5L15S2018O1N078)	-	78. séance	-	Reference	English	Regular	notMP	Minister	-	-	-	-	PA227076	Gourault, Jacqueline	F	1950	
ParlaMint-FR-en_2017-11-30-O1078	ParlaMint-FR_2017-11-30-O1078.u422	Proceedings of the debates in plenary sitting of the Assemblée Nationale, sitting: 78, 30/11/2017	2017-11-30	Lower house	15e législature	Session ordinaire 2017-2018 (CRSANR5L15S2018O1N078)	-	78. séance	-	Reference	English	Regular	MP	notMinister	MODEM	Mouvement Démocrate et apparentés	Coalition	Centre to centre-right	PA721976	Millienne, Bruno	M	1959	
ParlaMint-FR-en_2017-11-30-O1078	ParlaMint-FR_2017-11-30-O1078.u423	Proceedings of the debates in plenary sitting of the Assemblée Nationale, sitting: 78, 30/11/2017	2017-11-30	Lower house	15e législature	Session ordinaire 2017-2018 (CRSANR5L15S2018O1N078)	-	78. séance	-	Reference	English	Chairperson	MP	notMinister	LAREM	La République en Marche	Coalition	Centre	PA721824	Renson, Hugues	M	1978	
ParlaMint-FR-en_2017-11-30-O1078	ParlaMint-FR_2017-11-30-O1078.u424	Proceedings of the debates in plenary sitting of the Assemblée Nationale, sitting: 78, 30/11/2017	2017-11-30	Lower house	15e législature	Session ordinaire 2017-2018 (CRSANR5L15S2018O1N078)	-	78. séance	-	Reference	English	Regular	MP	notMinister	FI	La France insoumise	Opposition	Left to far-left	PA721960	Obono, Danièle	F	1980	
ParlaMint-FR-en_2017-11-30-O1078	ParlaMint-FR_2017-11-30-O1078.u425	Proceedings of the debates in plenary sitting of the Assemblée Nationale, sitting: 78, 30/11/2017	2017-11-30	Lower house	15e législature	Session ordinaire 2017-2018 (CRSANR5L15S2018O1N078)	-	78. séance	-	Reference	English	Regular	MP	notMinister	LAREM	La République en Marche	Coalition	Centre	PA721824	Renson, Hugues	M	1978	
ParlaMint-FR-en_2017-11-30-O1078	ParlaMint-FR_2017-11-30-O1078.u426	Proceedings of the debates in plenary sitting of the Assemblée Nationale, sitting: 78, 30/11/2017	2017-11-30	Lower house	15e législature	Session ordinaire 2017-2018 (CRSANR5L15S2018O1N078)	-	78. séance	-	Reference	English	Regular	notMP	notMinister	MODEM	Mouvement Démocrate et apparentés	Coalition	Centre to centre-right	PA719874	Jacquier-Laforge, Élodie	F	1978	
ParlaMint-FR-en_2017-11-30-O1078	ParlaMint-FR_2017-11-30-O1078.u427	Proceedings of the debates in plenary sitting of the Assemblée Nationale, sitting: 78, 30/11/2017	2017-11-30	Lower house	15e législature	Session ordinaire 2017-2018 (CRSANR5L15S2018O1N078)	-	78. séance	-	Reference	English	Regular	MP	notMinister	LAREM	La République en Marche	Coalition	Centre	PA721824	Renson, Hugues	M	1978	
ParlaMint-FR-en_2017-11-30-O1078	ParlaMint-FR_2017-11-30-O1078.u428	Proceedings of the debates in plenary sitting of the Assemblée Nationale, sitting: 78, 30/11/2017	2017-11-30	Lower house	15e législature	Session ordinaire 2017-2018 (CRSANR5L15S2018O1N078)	-	78. séance	-	Reference	English	Regular	notMP	Minister	-	-	-	-	PA227076	Gourault, Jacqueline	F	1950	
ParlaMint-FR-en_2017-11-30-O1078	ParlaMint-FR_2017-11-30-O1078.u429	Proceedings of the debates in plenary sitting of the Assemblée Nationale, sitting: 78, 30/11/2017	2017-11-30	Lower house	15e législature	Session ordinaire 2017-2018 (CRSANR5L15S2018O1N078)	-	78. séance	-	Reference	English	Regular	MP	notMinister	LAREM	La République en Marche	Coalition	Centre	PA721824	Renson, Hugues	M	1978	
ParlaMint-FR-en_2017-11-30-O1078	ParlaMint-FR_2017-11-30-O1078.u430	Proceedings of the debates in plenary sitting of the Assemblée Nationale, sitting: 78, 30/11/2017	2017-11-30	Lower house	15e législature	Session ordinaire 2017-2018 (CRSANR5L15S2018O1N078)	-	78. séance	-	Reference	English	Regular	notMP	notMinister	MODEM	Mouvement Démocrate et apparentés	Coalition	Centre to centre-right	PA719558	Balanant, Erwan	M	1971	
ParlaMint-FR-en_2017-11-30-O1078	ParlaMint-FR_2017-11-30-O1078.u431	Proceedings of the debates in plenary sitting of the Assemblée Nationale, sitting: 78, 30/11/2017	2017-11-30	Lower house	15e législature	Session ordinaire 2017-2018 (CRSANR5L15S2018O1N078)	-	78. séance	-	Reference	English	Guest	-	-	-	-	-	-	-	-	-	-
ParlaMint-FR-en_2017-11-30-O1078	ParlaMint-FR_2017-11-30-O1078.u432	Proceedings of the debates in plenary sitting of the Assemblée Nationale, sitting: 78, 30/11/2017	2017-11-30	Lower house	15e législature	Session ordinaire 2017-2018 (CRSANR5L15S2018O1N078)	-	78. séance	-	Reference	English	Regular	notMP	notMinister	MODEM	Mouvement Démocrate et apparentés	Coalition	Centre to centre-right	PA719558	Balanant, Erwan	M	1971	
ParlaMint-FR-en_2017-11-30-O1078	ParlaMint-FR_2017-11-30-O1078.u433	Proceedings of the debates in plenary sitting of the Assemblée Nationale, sitting: 78, 30/11/2017	2017-11-30	Lower house	15e législature	Session ordinaire 2017-2018 (CRSANR5L15S2018O1N078)	-	78. séance	-	Reference	English	Regular	notMP	Minister	-	-	-	-	PA227076	Gourault, Jacqueline	F	1950	
ParlaMint-FR-en_2017-11-30-O1078	ParlaMint-FR_2017-11-30-O1078.u434	Proceedings of the debates in plenary sitting of the Assemblée Nationale, sitting: 78, 30/11/2017	2017-11-30	Lower house	15e législature	Session ordinaire 2017-2018 (CRSANR5L15S2018O1N078)	-	78. séance	-	Reference	English	Regular	notMP	notMinister	MODEM	Mouvement Démocrate et apparentés	Coalition	Centre to centre-right	PA719558	Balanant, Erwan	M	1971	
ParlaMint-FR-en_2017-11-30-O1078	ParlaMint-FR_2017-11-30-O1078.u435	Proceedings of the debates in plenary sitting of the Assemblée Nationale, sitting: 78, 30/11/2017	2017-11-30	Lower house	15e législature	Session ordinaire 2017-2018 (CRSANR5L15S2018O1N078)	-	78. séance	-	Reference	English	Regular	MP	notMinister	FI	La France insoumise	Opposition	Left to far-left	PA719578	Prud'homme, Loïc	M	1969	
ParlaMint-FR-en_2017-11-30-O1078	ParlaMint-FR_2017-11-30-O1078.u436	Proceedings of the debates in plenary sitting of the Assemblée Nationale, sitting: 78, 30/11/2017	2017-11-30	Lower house	15e législature	Session ordinaire 2017-2018 (CRSANR5L15S2018O1N078)	-	78. séance	-	Reference	English	Chairperson	MP	notMinister	LAREM	La République en Marche	Coalition	Centre	PA721824	Renson, Hugues	M	1978	
ParlaMint-FR-en_2017-11-30-O1078	ParlaMint-FR_2017-11-30-O1078.u437	Proceedings of the debates in plenary sitting of the Assemblée Nationale, sitting: 78, 30/11/2017	2017-11-30	Lower house	15e législature	Session ordinaire 2017-2018 (CRSANR5L15S2018O1N078)	-	78. séance	-	Reference	English	Regular	notMP	notMinister	LR	Les Républicains	Opposition	Centre-right	PA721314	Schellenberger, Raphaël	M	1990	
ParlaMint-FR-en_2017-11-30-O1078	ParlaMint-FR_2017-11-30-O1078.u438	Proceedings of the debates in plenary sitting of the Assemblée Nationale, sitting: 78, 30/11/2017	2017-11-30	Lower house	15e législature	Session ordinaire 2017-2018 (CRSANR5L15S2018O1N078)	-	78. séance	-	Reference	English	Chairperson	MP	notMinister	LAREM	La République en Marche	Coalition	Centre	PA721824	Renson, Hugues	M	1978	
ParlaMint-FR-en_2017-11-30-O1078	ParlaMint-FR_2017-11-30-O1078.u439	Proceedings of the debates in plenary sitting of the Assemblée Nationale, sitting: 78, 30/11/2017	2017-11-30	Lower house	15e législature	Session ordinaire 2017-2018 (CRSANR5L15S2018O1N078)	-	78. séance	-	Reference	English	Regular	notMP	notMinister	GDR	Gauche démocrate et républicaine	Opposition	Left	PA267306	Chassaigne, André	M	1950	
ParlaMint-FR-en_2017-11-30-O1078	ParlaMint-FR_2017-11-30-O1078.u440	Proceedings of the debates in plenary sitting of the Assemblée Nationale, sitting: 78, 30/11/2017	2017-11-30	Lower house	15e législature	Session ordinaire 2017-2018 (CRSANR5L15S2018O1N078)	-	78. séance	-	Reference	English	Regular	MP	notMinister	LAREM	La République en Marche	Coalition	Centre	PA721824	Renson, Hugues	M	1978	
ParlaMint-FR-en_2017-11-30-O1078	ParlaMint-FR_2017-11-30-O1078.u441	Proceedings of the debates in plenary sitting of the Assemblée Nationale, sitting: 78, 30/11/2017	2017-11-30	Lower house	15e législature	Session ordinaire 2017-2018 (CRSANR5L15S2018O1N078)	-	78. séance	-	Reference	English	Regular	notMP	notMinister	MODEM	Mouvement Démocrate et apparentés	Coalition	Centre to centre-right	PA719874	Jacquier-Laforge, Élodie	F	1978	
ParlaMint-FR-en_2017-11-30-O1078	ParlaMint-FR_2017-11-30-O1078.u442	Proceedings of the debates in plenary sitting of the Assemblée Nationale, sitting: 78, 30/11/2017	2017-11-30	Lower house	15e législature	Session ordinaire 2017-2018 (CRSANR5L15S2018O1N078)	-	78. séance	-	Reference	English	Regular	MP	notMinister	LAREM	La République en Marche	Coalition	Centre	PA721824	Renson, Hugues	M	1978	
ParlaMint-FR-en_2017-11-30-O1078	ParlaMint-FR_2017-11-30-O1078.u443	Proceedings of the debates in plenary sitting of the Assemblée Nationale, sitting: 78, 30/11/2017	2017-11-30	Lower house	15e législature	Session ordinaire 2017-2018 (CRSANR5L15S2018O1N078)	-	78. séance	-	Reference	English	Regular	notMP	Minister	-	-	-	-	PA227076	Gourault, Jacqueline	F	1950	
ParlaMint-FR-en_2017-11-30-O1078	ParlaMint-FR_2017-11-30-O1078.u444	Proceedings of the debates in plenary sitting of the Assemblée Nationale, sitting: 78, 30/11/2017	2017-11-30	Lower house	15e législature	Session ordinaire 2017-2018 (CRSANR5L15S2018O1N078)	-	78. séance	-	Reference	English	Regular	notMP	notMinister	GDR	Gauche démocrate et républicaine	Opposition	Left	PA267306	Chassaigne, André	M	1950	
ParlaMint-FR-en_2017-11-30-O1078	ParlaMint-FR_2017-11-30-O1078.u445	Proceedings of the debates in plenary sitting of the Assemblée Nationale, sitting: 78, 30/11/2017	2017-11-30	Lower house	15e législature	Session ordinaire 2017-2018 (CRSANR5L15S2018O1N078)	-	78. séance	-	Reference	English	Regular	notMP	Minister	-	-	-	-	PA227076	Gourault, Jacqueline	F	1950	
ParlaMint-FR-en_2017-11-30-O1078	ParlaMint-FR_2017-11-30-O1078.u446	Proceedings of the debates in plenary sitting of the Assemblée Nationale, sitting: 78, 30/11/2017	2017-11-30	Lower house	15e législature	Session ordinaire 2017-2018 (CRSANR5L15S2018O1N078)	-	78. séance	-	Reference	English	Regular	notMP	notMinister	LR	Les Républicains	Opposition	Centre-right	PA721314	Schellenberger, Raphaël	M	1990	
ParlaMint-FR-en_2017-11-30-O1078	ParlaMint-FR_2017-11-30-O1078.u447	Proceedings of the debates in plenary sitting of the Assemblée Nationale, sitting: 78, 30/11/2017	2017-11-30	Lower house	15e législature	Session ordinaire 2017-2018 (CRSANR5L15S2018O1N078)	-	78. séance	-	Reference	English	Regular	notMP	Minister	-	-	-	-	PA227076	Gourault, Jacqueline	F	1950	
ParlaMint-FR-en_2017-11-30-O1078	ParlaMint-FR_2017-11-30-O1078.u448	Proceedings of the debates in plenary sitting of the Assemblée Nationale, sitting: 78, 30/11/2017	2017-11-30	Lower house	15e législature	Session ordinaire 2017-2018 (CRSANR5L15S2018O1N078)	-	78. séance	-	Reference	English	Regular	MP	notMinister	LAREM	La République en Marche	Coalition	Centre	PA721824	Renson, Hugues	M	1978	
ParlaMint-FR-en_2017-11-30-O1078	ParlaMint-FR_2017-11-30-O1078.u449	Proceedings of the debates in plenary sitting of the Assemblée Nationale, sitting: 78, 30/11/2017	2017-11-30	Lower house	15e législature	Session ordinaire 2017-2018 (CRSANR5L15S2018O1N078)	-	78. séance	-	Reference	English	Regular	notMP	notMinister	LR	Les Républicains	Opposition	Centre-right	PA721314	Schellenberger, Raphaël	M	1990	
ParlaMint-FR-en_2017-11-30-O1078	ParlaMint-FR_2017-11-30-O1078.u450	Proceedings of the debates in plenary sitting of the Assemblée Nationale, sitting: 78, 30/11/2017	2017-11-30	Lower house	15e législature	Session ordinaire 2017-2018 (CRSANR5L15S2018O1N078)	-	78. séance	-	Reference	English	Regular	MP	notMinister	LAREM	La République en Marche	Coalition	Centre	PA721824	Renson, Hugues	M	1978	
ParlaMint-FR-en_2017-11-30-O1078	ParlaMint-FR_2017-11-30-O1078.u451	Proceedings of the debates in plenary sitting of the Assemblée Nationale, sitting: 78, 30/11/2017	2017-11-30	Lower house	15e législature	Session ordinaire 2017-2018 (CRSANR5L15S2018O1N078)	-	78. séance	-	Reference	English	Regular	notMP	notMinister	GDR	Gauche démocrate et républicaine	Opposition	Left	PA267306	Chassaigne, André	M	1950	
ParlaMint-FR-en_2017-11-30-O1078	ParlaMint-FR_2017-11-30-O1078.u452	Proceedings of the debates in plenary sitting of the Assemblée Nationale, sitting: 78, 30/11/2017	2017-11-30	Lower house	15e législature	Session ordinaire 2017-2018 (CRSANR5L15S2018O1N078)	-	78. séance	-	Reference	English	Regular	notMP	Minister	-	-	-	-	PA227076	Gourault, Jacqueline	F	1950	
ParlaMint-FR-en_2017-11-30-O1078	ParlaMint-FR_2017-11-30-O1078.u453	Proceedings of the debates in plenary sitting of the Assemblée Nationale, sitting: 78, 30/11/2017	2017-11-30	Lower house	15e législature	Session ordinaire 2017-2018 (CRSANR5L15S2018O1N078)	-	78. séance	-	Reference	English	Regular	notMP	notMinister	GDR	Gauche démocrate et républicaine	Opposition	Left	PA267306	Chassaigne, André	M	1950	
ParlaMint-FR-en_2017-11-30-O1078	ParlaMint-FR_2017-11-30-O1078.u454	Proceedings of the debates in plenary sitting of the Assemblée Nationale, sitting: 78, 30/11/2017	2017-11-30	Lower house	15e législature	Session ordinaire 2017-2018 (CRSANR5L15S2018O1N078)	-	78. séance	-	Reference	English	Chairperson	MP	notMinister	LAREM	La République en Marche	Coalition	Centre	PA721824	Renson, Hugues	M	1978	
ParlaMint-FR-en_2017-11-30-O1078	ParlaMint-FR_2017-11-30-O1078.u455	Proceedings of the debates in plenary sitting of the Assemblée Nationale, sitting: 78, 30/11/2017	2017-11-30	Lower house	15e législature	Session ordinaire 2017-2018 (CRSANR5L15S2018O1N078)	-	78. séance	-	Reference	English	Regular	notMP	notMinister	GDR	Gauche démocrate et républicaine	Opposition	Left	PA267306	Chassaigne, André	M	1950	
ParlaMint-FR-en_2017-11-30-O1078	ParlaMint-FR_2017-11-30-O1078.u456	Proceedings of the debates in plenary sitting of the Assemblée Nationale, sitting: 78, 30/11/2017	2017-11-30	Lower house	15e législature	Session ordinaire 2017-2018 (CRSANR5L15S2018O1N078)	-	78. séance	-	Reference	English	Chairperson	MP	notMinister	LAREM	La République en Marche	Coalition	Centre	PA721824	Renson, Hugues	M	1978	
ParlaMint-FR-en_2017-11-30-O1078	ParlaMint-FR_2017-11-30-O1078.u457	Proceedings of the debates in plenary sitting of the Assemblée Nationale, sitting: 78, 30/11/2017	2017-11-30	Lower house	15e législature	Session ordinaire 2017-2018 (CRSANR5L15S2018O1N078)	-	78. séance	-	Reference	English	Regular	notMP	notMinister	GDR	Gauche démocrate et républicaine	Opposition	Left	PA267306	Chassaigne, André	M	1950	
ParlaMint-FR-en_2017-11-30-O1078	ParlaMint-FR_2017-11-30-O1078.u458	Proceedings of the debates in plenary sitting of the Assemblée Nationale, sitting: 78, 30/11/2017	2017-11-30	Lower house	15e législature	Session ordinaire 2017-2018 (CRSANR5L15S2018O1N078)	-	78. séance	-	Reference	English	Chairperson	MP	notMinister	LAREM	La République en Marche	Coalition	Centre	PA721824	Renson, Hugues	M	1978	
ParlaMint-FR-en_2017-11-30-O1078	ParlaMint-FR_2017-11-30-O1078.u459	Proceedings of the debates in plenary sitting of the Assemblée Nationale, sitting: 78, 30/11/2017	2017-11-30	Lower house	15e législature	Session ordinaire 2017-2018 (CRSANR5L15S2018O1N078)	-	78. séance	-	Reference	English	Regular	notMP	notMinister	LR	Les Républicains	Opposition	Centre-right	PA721314	Schellenberger, Raphaël	M	1990	
ParlaMint-FR-en_2017-11-30-O1078	ParlaMint-FR_2017-11-30-O1078.u460	Proceedings of the debates in plenary sitting of the Assemblée Nationale, sitting: 78, 30/11/2017	2017-11-30	Lower house	15e législature	Session ordinaire 2017-2018 (CRSANR5L15S2018O1N078)	-	78. séance	-	Reference	English	Regular	MP	notMinister	LAREM	La République en Marche	Coalition	Centre	PA721824	Renson, Hugues	M	1978	
ParlaMint-FR-en_2017-11-30-O1078	ParlaMint-FR_2017-11-30-O1078.u461	Proceedings of the debates in plenary sitting of the Assemblée Nationale, sitting: 78, 30/11/2017	2017-11-30	Lower house	15e législature	Session ordinaire 2017-2018 (CRSANR5L15S2018O1N078)	-	78. séance	-	Reference	English	Regular	notMP	notMinister	MODEM	Mouvement Démocrate et apparentés	Coalition	Centre to centre-right	PA719874	Jacquier-Laforge, Élodie	F	1978	
ParlaMint-FR-en_2017-11-30-O1078	ParlaMint-FR_2017-11-30-O1078.u462	Proceedings of the debates in plenary sitting of the Assemblée Nationale, sitting: 78, 30/11/2017	2017-11-30	Lower house	15e législature	Session ordinaire 2017-2018 (CRSANR5L15S2018O1N078)	-	78. séance	-	Reference	English	Regular	MP	notMinister	LAREM	La République en Marche	Coalition	Centre	PA721824	Renson, Hugues	M	1978	
ParlaMint-FR-en_2017-11-30-O1078	ParlaMint-FR_2017-11-30-O1078.u463	Proceedings of the debates in plenary sitting of the Assemblée Nationale, sitting: 78, 30/11/2017	2017-11-30	Lower house	15e législature	Session ordinaire 2017-2018 (CRSANR5L15S2018O1N078)	-	78. séance	-	Reference	English	Regular	notMP	Minister	-	-	-	-	PA227076	Gourault, Jacqueline	F	1950	
ParlaMint-FR-en_2017-11-30-O1078	ParlaMint-FR_2017-11-30-O1078.u464	Proceedings of the debates in plenary sitting of the Assemblée Nationale, sitting: 78, 30/11/2017	2017-11-30	Lower house	15e législature	Session ordinaire 2017-2018 (CRSANR5L15S2018O1N078)	-	78. séance	-	Reference	English	Chairperson	MP	notMinister	LAREM	La République en Marche	Coalition	Centre	PA721824	Renson, Hugues	M	1978	
ParlaMint-FR-en_2017-11-30-O1078	ParlaMint-FR_2017-11-30-O1078.u465	Proceedings of the debates in plenary sitting of the Assemblée Nationale, sitting: 78, 30/11/2017	2017-11-30	Lower house	15e législature	Session ordinaire 2017-2018 (CRSANR5L15S2018O1N078)	-	78. séance	-	Reference	English	Regular	notMP	notMinister	GDR	Gauche démocrate et républicaine	Opposition	Left	PA267306	Chassaigne, André	M	1950	
ParlaMint-FR-en_2017-11-30-O1078	ParlaMint-FR_2017-11-30-O1078.u466	Proceedings of the debates in plenary sitting of the Assemblée Nationale, sitting: 78, 30/11/2017	2017-11-30	Lower house	15e législature	Session ordinaire 2017-2018 (CRSANR5L15S2018O1N078)	-	78. séance	-	Reference	English	Chairperson	MP	notMinister	LAREM	La République en Marche	Coalition	Centre	PA721824	Renson, Hugues	M	1978	
ParlaMint-FR-en_2017-11-30-O1078	ParlaMint-FR_2017-11-30-O1078.u467	Proceedings of the debates in plenary sitting of the Assemblée Nationale, sitting: 78, 30/11/2017	2017-11-30	Lower house	15e législature	Session ordinaire 2017-2018 (CRSANR5L15S2018O1N078)	-	78. séance	-	Reference	English	Regular	notMP	notMinister	-	-	-	-	PA719146	Acquaviva, Jean-Félix	M	1973	
ParlaMint-FR-en_2017-11-30-O1078	ParlaMint-FR_2017-11-30-O1078.u468	Proceedings of the debates in plenary sitting of the Assemblée Nationale, sitting: 78, 30/11/2017	2017-11-30	Lower house	15e législature	Session ordinaire 2017-2018 (CRSANR5L15S2018O1N078)	-	78. séance	-	Reference	English	Chairperson	MP	notMinister	LAREM	La République en Marche	Coalition	Centre	PA721824	Renson, Hugues	M	1978	
ParlaMint-FR-en_2017-11-30-O1078	ParlaMint-FR_2017-11-30-O1078.u469	Proceedings of the debates in plenary sitting of the Assemblée Nationale, sitting: 78, 30/11/2017	2017-11-30	Lower house	15e législature	Session ordinaire 2017-2018 (CRSANR5L15S2018O1N078)	-	78. séance	-	Reference	English	Regular	notMP	notMinister	MODEM	Mouvement Démocrate et apparentés	Coalition	Centre to centre-right	PA719874	Jacquier-Laforge, Élodie	F	1978	
ParlaMint-FR-en_2017-11-30-O1078	ParlaMint-FR_2017-11-30-O1078.u470	Proceedings of the debates in plenary sitting of the Assemblée Nationale, sitting: 78, 30/11/2017	2017-11-30	Lower house	15e législature	Session ordinaire 2017-2018 (CRSANR5L15S2018O1N078)	-	78. séance	-	Reference	English	Regular	MP	notMinister	LAREM	La République en Marche	Coalition	Centre	PA721824	Renson, Hugues	M	1978	
ParlaMint-FR-en_2017-11-30-O1078	ParlaMint-FR_2017-11-30-O1078.u471	Proceedings of the debates in plenary sitting of the Assemblée Nationale, sitting: 78, 30/11/2017	2017-11-30	Lower house	15e législature	Session ordinaire 2017-2018 (CRSANR5L15S2018O1N078)	-	78. séance	-	Reference	English	Regular	notMP	Minister	-	-	-	-	PA227076	Gourault, Jacqueline	F	1950	
ParlaMint-FR-en_2017-11-30-O1078	ParlaMint-FR_2017-11-30-O1078.u472	Proceedings of the debates in plenary sitting of the Assemblée Nationale, sitting: 78, 30/11/2017	2017-11-30	Lower house	15e législature	Session ordinaire 2017-2018 (CRSANR5L15S2018O1N078)	-	78. séance	-	Reference	English	Chairperson	MP	notMinister	LAREM	La République en Marche	Coalition	Centre	PA721824	Renson, Hugues	M	1978	
ParlaMint-FR-en_2017-11-30-O1078	ParlaMint-FR_2017-11-30-O1078.u473	Proceedings of the debates in plenary sitting of the Assemblée Nationale, sitting: 78, 30/11/2017	2017-11-30	Lower house	15e législature	Session ordinaire 2017-2018 (CRSANR5L15S2018O1N078)	-	78. séance	-	Reference	English	Regular	notMP	notMinister	LR	Les Républicains	Opposition	Centre-right	PA721314	Schellenberger, Raphaël	M	1990	
ParlaMint-FR-en_2017-11-30-O1078	ParlaMint-FR_2017-11-30-O1078.u474	Proceedings of the debates in plenary sitting of the Assemblée Nationale, sitting: 78, 30/11/2017	2017-11-30	Lower house	15e législature	Session ordinaire 2017-2018 (CRSANR5L15S2018O1N078)	-	78. séance	-	Reference	English	Chairperson	MP	notMinister	LAREM	La République en Marche	Coalition	Centre	PA721824	Renson, Hugues	M	1978	
ParlaMint-FR-en_2017-11-30-O1078	ParlaMint-FR_2017-11-30-O1078.u475	Proceedings of the debates in plenary sitting of the Assemblée Nationale, sitting: 78, 30/11/2017	2017-11-30	Lower house	15e législature	Session ordinaire 2017-2018 (CRSANR5L15S2018O1N078)	-	78. séance	-	Reference	English	Regular	notMP	notMinister	FI	La France insoumise	Opposition	Left to far-left	PA720892	Panot, Mathilde	F	1989	
ParlaMint-FR-en_2017-11-30-O1078	ParlaMint-FR_2017-11-30-O1078.u476	Proceedings of the debates in plenary sitting of the Assemblée Nationale, sitting: 78, 30/11/2017	2017-11-30	Lower house	15e législature	Session ordinaire 2017-2018 (CRSANR5L15S2018O1N078)	-	78. séance	-	Reference	English	Regular	MP	notMinister	FI	La France insoumise	Opposition	Left to far-left	PA721960	Obono, Danièle	F	1980	
ParlaMint-FR-en_2017-11-30-O1078	ParlaMint-FR_2017-11-30-O1078.u477	Proceedings of the debates in plenary sitting of the Assemblée Nationale, sitting: 78, 30/11/2017	2017-11-30	Lower house	15e législature	Session ordinaire 2017-2018 (CRSANR5L15S2018O1N078)	-	78. séance	-	Reference	English	Chairperson	MP	notMinister	LAREM	La République en Marche	Coalition	Centre	PA721824	Renson, Hugues	M	1978	
ParlaMint-FR-en_2017-11-30-O1078	ParlaMint-FR_2017-11-30-O1078.u478	Proceedings of the debates in plenary sitting of the Assemblée Nationale, sitting: 78, 30/11/2017	2017-11-30	Lower house	15e législature	Session ordinaire 2017-2018 (CRSANR5L15S2018O1N078)	-	78. séance	-	Reference	English	Regular	notMP	notMinister	GDR	Gauche démocrate et républicaine	Opposition	Left	PA267306	Chassaigne, André	M	1950	
ParlaMint-FR-en_2017-11-30-O1078	ParlaMint-FR_2017-11-30-O1078.u479	Proceedings of the debates in plenary sitting of the Assemblée Nationale, sitting: 78, 30/11/2017	2017-11-30	Lower house	15e législature	Session ordinaire 2017-2018 (CRSANR5L15S2018O1N078)	-	78. séance	-	Reference	English	Chairperson	MP	notMinister	LAREM	La République en Marche	Coalition	Centre	PA721824	Renson, Hugues	M	1978	
ParlaMint-FR-en_2017-11-30-O1078	ParlaMint-FR_2017-11-30-O1078.u480	Proceedings of the debates in plenary sitting of the Assemblée Nationale, sitting: 78, 30/11/2017	2017-11-30	Lower house	15e législature	Session ordinaire 2017-2018 (CRSANR5L15S2018O1N078)	-	78. séance	-	Reference	English	Regular	notMP	notMinister	-	-	-	-	PA719146	Acquaviva, Jean-Félix	M	1973	
ParlaMint-FR-en_2017-11-30-O1078	ParlaMint-FR_2017-11-30-O1078.u481	Proceedings of the debates in plenary sitting of the Assemblée Nationale, sitting: 78, 30/11/2017	2017-11-30	Lower house	15e législature	Session ordinaire 2017-2018 (CRSANR5L15S2018O1N078)	-	78. séance	-	Reference	English	Chairperson	MP	notMinister	LAREM	La République en Marche	Coalition	Centre	PA721824	Renson, Hugues	M	1978	
ParlaMint-FR-en_2017-11-30-O1078	ParlaMint-FR_2017-11-30-O1078.u482	Proceedings of the debates in plenary sitting of the Assemblée Nationale, sitting: 78, 30/11/2017	2017-11-30	Lower house	15e législature	Session ordinaire 2017-2018 (CRSANR5L15S2018O1N078)	-	78. séance	-	Reference	English	Regular	notMP	notMinister	FI	La France insoumise	Opposition	Left to far-left	PA720892	Panot, Mathilde	F	1989	
ParlaMint-FR-en_2017-11-30-O1078	ParlaMint-FR_2017-11-30-O1078.u483	Proceedings of the debates in plenary sitting of the Assemblée Nationale, sitting: 78, 30/11/2017	2017-11-30	Lower house	15e législature	Session ordinaire 2017-2018 (CRSANR5L15S2018O1N078)	-	78. séance	-	Reference	English	Regular	MP	notMinister	LAREM	La République en Marche	Coalition	Centre	PA721824	Renson, Hugues	M	1978	
ParlaMint-FR-en_2017-11-30-O1078	ParlaMint-FR_2017-11-30-O1078.u484	Proceedings of the debates in plenary sitting of the Assemblée Nationale, sitting: 78, 30/11/2017	2017-11-30	Lower house	15e législature	Session ordinaire 2017-2018 (CRSANR5L15S2018O1N078)	-	78. séance	-	Reference	English	Regular	notMP	notMinister	MODEM	Mouvement Démocrate et apparentés	Coalition	Centre to centre-right	PA719874	Jacquier-Laforge, Élodie	F	1978	
ParlaMint-FR-en_2017-11-30-O1078	ParlaMint-FR_2017-11-30-O1078.u485	Proceedings of the debates in plenary sitting of the Assemblée Nationale, sitting: 78, 30/11/2017	2017-11-30	Lower house	15e législature	Session ordinaire 2017-2018 (CRSANR5L15S2018O1N078)	-	78. séance	-	Reference	English	Regular	MP	notMinister	LAREM	La République en Marche	Coalition	Centre	PA721824	Renson, Hugues	M	1978	
ParlaMint-FR-en_2017-11-30-O1078	ParlaMint-FR_2017-11-30-O1078.u486	Proceedings of the debates in plenary sitting of the Assemblée Nationale, sitting: 78, 30/11/2017	2017-11-30	Lower house	15e législature	Session ordinaire 2017-2018 (CRSANR5L15S2018O1N078)	-	78. séance	-	Reference	English	Regular	notMP	Minister	-	-	-	-	PA227076	Gourault, Jacqueline	F	1950	
ParlaMint-FR-en_2017-11-30-O1078	ParlaMint-FR_2017-11-30-O1078.u487	Proceedings of the debates in plenary sitting of the Assemblée Nationale, sitting: 78, 30/11/2017	2017-11-30	Lower house	15e législature	Session ordinaire 2017-2018 (CRSANR5L15S2018O1N078)	-	78. séance	-	Reference	English	Regular	MP	notMinister	LAREM	La République en Marche	Coalition	Centre	PA721824	Renson, Hugues	M	1978	
ParlaMint-FR-en_2017-11-30-O1078	ParlaMint-FR_2017-11-30-O1078.u488	Proceedings of the debates in plenary sitting of the Assemblée Nationale, sitting: 78, 30/11/2017	2017-11-30	Lower house	15e législature	Session ordinaire 2017-2018 (CRSANR5L15S2018O1N078)	-	78. séance	-	Reference	English	Regular	notMP	notMinister	MODEM	Mouvement Démocrate et apparentés	Coalition	Centre to centre-right	PA719558	Balanant, Erwan	M	1971	
ParlaMint-FR-en_2017-11-30-O1078	ParlaMint-FR_2017-11-30-O1078.u489	Proceedings of the debates in plenary sitting of the Assemblée Nationale, sitting: 78, 30/11/2017	2017-11-30	Lower house	15e législature	Session ordinaire 2017-2018 (CRSANR5L15S2018O1N078)	-	78. séance	-	Reference	English	Regular	MP	notMinister	LAREM	La République en Marche	Coalition	Centre	PA721824	Renson, Hugues	M	1978	
ParlaMint-FR-en_2017-11-30-O1078	ParlaMint-FR_2017-11-30-O1078.u490	Proceedings of the debates in plenary sitting of the Assemblée Nationale, sitting: 78, 30/11/2017	2017-11-30	Lower house	15e législature	Session ordinaire 2017-2018 (CRSANR5L15S2018O1N078)	-	78. séance	-	Reference	English	Regular	notMP	notMinister	MODEM	Mouvement Démocrate et apparentés	Coalition	Centre to centre-right	PA719558	Balanant, Erwan	M	1971	
ParlaMint-FR-en_2017-11-30-O1078	ParlaMint-FR_2017-11-30-O1078.u491	Proceedings of the debates in plenary sitting of the Assemblée Nationale, sitting: 78, 30/11/2017	2017-11-30	Lower house	15e législature	Session ordinaire 2017-2018 (CRSANR5L15S2018O1N078)	-	78. séance	-	Reference	English	Regular	notMP	notMinister	FI	La France insoumise	Opposition	Left to far-left	PA720892	Panot, Mathilde	F	1989	
ParlaMint-FR-en_2017-11-30-O1078	ParlaMint-FR_2017-11-30-O1078.u492	Proceedings of the debates in plenary sitting of the Assemblée Nationale, sitting: 78, 30/11/2017	2017-11-30	Lower house	15e législature	Session ordinaire 2017-2018 (CRSANR5L15S2018O1N078)	-	78. séance	-	Reference	English	Regular	notMP	notMinister	MODEM	Mouvement Démocrate et apparentés	Coalition	Centre to centre-right	PA719558	Balanant, Erwan	M	1971	
ParlaMint-FR-en_2017-11-30-O1078	ParlaMint-FR_2017-11-30-O1078.u493	Proceedings of the debates in plenary sitting of the Assemblée Nationale, sitting: 78, 30/11/2017	2017-11-30	Lower house	15e législature	Session ordinaire 2017-2018 (CRSANR5L15S2018O1N078)	-	78. séance	-	Reference	English	Regular	MP	notMinister	LAREM	La République en Marche	Coalition	Centre	PA721824	Renson, Hugues	M	1978	
ParlaMint-FR-en_2017-11-30-O1078	ParlaMint-FR_2017-11-30-O1078.u494	Proceedings of the debates in plenary sitting of the Assemblée Nationale, sitting: 78, 30/11/2017	2017-11-30	Lower house	15e législature	Session ordinaire 2017-2018 (CRSANR5L15S2018O1N078)	-	78. séance	-	Reference	English	Regular	notMP	notMinister	FI	La France insoumise	Opposition	Left to far-left	PA720892	Panot, Mathilde	F	1989	
ParlaMint-FR-en_2017-11-30-O1078	ParlaMint-FR_2017-11-30-O1078.u495	Proceedings of the debates in plenary sitting of the Assemblée Nationale, sitting: 78, 30/11/2017	2017-11-30	Lower house	15e législature	Session ordinaire 2017-2018 (CRSANR5L15S2018O1N078)	-	78. séance	-	Reference	English	Regular	notMP	notMinister	MODEM	Mouvement Démocrate et apparentés	Coalition	Centre to centre-right	PA719558	Balanant, Erwan	M	1971	
ParlaMint-FR-en_2017-11-30-O1078	ParlaMint-FR_2017-11-30-O1078.u496	Proceedings of the debates in plenary sitting of the Assemblée Nationale, sitting: 78, 30/11/2017	2017-11-30	Lower house	15e législature	Session ordinaire 2017-2018 (CRSANR5L15S2018O1N078)	-	78. séance	-	Reference	English	Regular	notMP	notMinister	FI	La France insoumise	Opposition	Left to far-left	PA720892	Panot, Mathilde	F	1989	
ParlaMint-FR-en_2017-11-30-O1078	ParlaMint-FR_2017-11-30-O1078.u497	Proceedings of the debates in plenary sitting of the Assemblée Nationale, sitting: 78, 30/11/2017	2017-11-30	Lower house	15e législature	Session ordinaire 2017-2018 (CRSANR5L15S2018O1N078)	-	78. séance	-	Reference	English	Chairperson	MP	notMinister	LAREM	La République en Marche	Coalition	Centre	PA721824	Renson, Hugues	M	1978	
ParlaMint-FR-en_2017-11-30-O1078	ParlaMint-FR_2017-11-30-O1078.u498	Proceedings of the debates in plenary sitting of the Assemblée Nationale, sitting: 78, 30/11/2017	2017-11-30	Lower house	15e législature	Session ordinaire 2017-2018 (CRSANR5L15S2018O1N078)	-	78. séance	-	Reference	English	Regular	notMP	notMinister	LR	Les Républicains	Opposition	Centre-right	PA721314	Schellenberger, Raphaël	M	1990	
ParlaMint-FR-en_2017-11-30-O1078	ParlaMint-FR_2017-11-30-O1078.u499	Proceedings of the debates in plenary sitting of the Assemblée Nationale, sitting: 78, 30/11/2017	2017-11-30	Lower house	15e législature	Session ordinaire 2017-2018 (CRSANR5L15S2018O1N078)	-	78. séance	-	Reference	English	Regular	notMP	Minister	-	-	-	-	PA227076	Gourault, Jacqueline	F	1950	
ParlaMint-FR-en_2017-11-30-O1078	ParlaMint-FR_2017-11-30-O1078.u500	Proceedings of the debates in plenary sitting of the Assemblée Nationale, sitting: 78, 30/11/2017	2017-11-30	Lower house	15e législature	Session ordinaire 2017-2018 (CRSANR5L15S2018O1N078)	-	78. séance	-	Reference	English	Regular	notMP	notMinister	LR	Les Républicains	Opposition	Centre-right	PA721314	Schellenberger, Raphaël	M	1990	
ParlaMint-FR-en_2017-11-30-O1078	ParlaMint-FR_2017-11-30-O1078.u501	Proceedings of the debates in plenary sitting of the Assemblée Nationale, sitting: 78, 30/11/2017	2017-11-30	Lower house	15e législature	Session ordinaire 2017-2018 (CRSANR5L15S2018O1N078)	-	78. séance	-	Reference	English	Regular	notMP	Minister	-	-	-	-	PA227076	Gourault, Jacqueline	F	1950	
ParlaMint-FR-en_2017-11-30-O1078	ParlaMint-FR_2017-11-30-O1078.u502	Proceedings of the debates in plenary sitting of the Assemblée Nationale, sitting: 78, 30/11/2017	2017-11-30	Lower house	15e législature	Session ordinaire 2017-2018 (CRSANR5L15S2018O1N078)	-	78. séance	-	Reference	English	Regular	notMP	notMinister	LR	Les Républicains	Opposition	Centre-right	PA721314	Schellenberger, Raphaël	M	1990	
ParlaMint-FR-en_2017-11-30-O1078	ParlaMint-FR_2017-11-30-O1078.u503	Proceedings of the debates in plenary sitting of the Assemblée Nationale, sitting: 78, 30/11/2017	2017-11-30	Lower house	15e législature	Session ordinaire 2017-2018 (CRSANR5L15S2018O1N078)	-	78. séance	-	Reference	English	Regular	MP	notMinister	LAREM	La République en Marche	Coalition	Centre	PA721824	Renson, Hugues	M	1978	
ParlaMint-FR-en_2017-11-30-O1078	ParlaMint-FR_2017-11-30-O1078.u504	Proceedings of the debates in plenary sitting of the Assemblée Nationale, sitting: 78, 30/11/2017	2017-11-30	Lower house	15e législature	Session ordinaire 2017-2018 (CRSANR5L15S2018O1N078)	-	78. séance	-	Reference	English	Regular	MP	notMinister	MODEM	Mouvement Démocrate et apparentés	Coalition	Centre to centre-right	PA719938	Fesneau, Marc	M	1971	
ParlaMint-FR-en_2017-11-30-O1078	ParlaMint-FR_2017-11-30-O1078.u505	Proceedings of the debates in plenary sitting of the Assemblée Nationale, sitting: 78, 30/11/2017	2017-11-30	Lower house	15e législature	Session ordinaire 2017-2018 (CRSANR5L15S2018O1N078)	-	78. séance	-	Reference	English	Regular	MP	notMinister	LAREM	La République en Marche	Coalition	Centre	PA721824	Renson, Hugues	M	1978	
ParlaMint-FR-en_2017-11-30-O1078	ParlaMint-FR_2017-11-30-O1078.u506	Proceedings of the debates in plenary sitting of the Assemblée Nationale, sitting: 78, 30/11/2017	2017-11-30	Lower house	15e législature	Session ordinaire 2017-2018 (CRSANR5L15S2018O1N078)	-	78. séance	-	Reference	English	Regular	notMP	notMinister	GDR	Gauche démocrate et républicaine	Opposition	Left	PA267306	Chassaigne, André	M	1950	
ParlaMint-FR-en_2017-11-30-O1078	ParlaMint-FR_2017-11-30-O1078.u507	Proceedings of the debates in plenary sitting of the Assemblée Nationale, sitting: 78, 30/11/2017	2017-11-30	Lower house	15e législature	Session ordinaire 2017-2018 (CRSANR5L15S2018O1N078)	-	78. séance	-	Reference	English	Regular	notMP	notMinister	MODEM	Mouvement Démocrate et apparentés	Coalition	Centre to centre-right	PA721608	Bourlanges, Jean-Louis	M	1946	
ParlaMint-FR-en_2017-11-30-O1078	ParlaMint-FR_2017-11-30-O1078.u508	Proceedings of the debates in plenary sitting of the Assemblée Nationale, sitting: 78, 30/11/2017	2017-11-30	Lower house	15e législature	Session ordinaire 2017-2018 (CRSANR5L15S2018O1N078)	-	78. séance	-	Reference	English	Regular	MP	notMinister	LAREM	La République en Marche	Coalition	Centre	PA721824	Renson, Hugues	M	1978	
ParlaMint-FR-en_2017-11-30-O1078	ParlaMint-FR_2017-11-30-O1078.u509	Proceedings of the debates in plenary sitting of the Assemblée Nationale, sitting: 78, 30/11/2017	2017-11-30	Lower house	15e législature	Session ordinaire 2017-2018 (CRSANR5L15S2018O1N078)	-	78. séance	-	Reference	English	Regular	MP	notMinister	LAREM	La République en Marche	Coalition	Centre	PA719994	Kamowski, Catherine	F	1958	
ParlaMint-FR-en_2017-11-30-O1078	ParlaMint-FR_2017-11-30-O1078.u510	Proceedings of the debates in plenary sitting of the Assemblée Nationale, sitting: 78, 30/11/2017	2017-11-30	Lower house	15e législature	Session ordinaire 2017-2018 (CRSANR5L15S2018O1N078)	-	78. séance	-	Reference	English	Chairperson	MP	notMinister	LAREM	La République en Marche	Coalition	Centre	PA721824	Renson, Hugues	M	1978	
ParlaMint-FR-en_2017-11-30-O1078	ParlaMint-FR_2017-11-30-O1078.u511	Proceedings of the debates in plenary sitting of the Assemblée Nationale, sitting: 78, 30/11/2017	2017-11-30	Lower house	15e législature	Session ordinaire 2017-2018 (CRSANR5L15S2018O1N078)	-	78. séance	-	Reference	English	Regular	MP	notMinister	LAREM	La République en Marche	Coalition	Centre	PA721824	Renson, Hugues	M	1978	
ParlaMint-FR-en_2017-11-30-O1078	ParlaMint-FR_2017-11-30-O1078.u512	Proceedings of the debates in plenary sitting of the Assemblée Nationale, sitting: 78, 30/11/2017	2017-11-30	Lower house	15e législature	Session ordinaire 2017-2018 (CRSANR5L15S2018O1N078)	-	78. séance	-	Reference	English	Chairperson	MP	notMinister	LAREM	La République en Marche	Coalition	Centre	PA721824	Renson, Hugues	M	1978	
ParlaMint-FR-en_2017-11-30-O1078	ParlaMint-FR_2017-11-30-O1078.u513	Proceedings of the debates in plenary sitting of the Assemblée Nationale, sitting: 78, 30/11/2017	2017-11-30	Lower house	15e législature	Session ordinaire 2017-2018 (CRSANR5L15S2018O1N078)	-	78. séance	-	Reference	English	Chairperson	MP	notMinister	LAREM	La République en Marche	Coalition	Centre	PA721824	Renson, Hugues	M	1978	
ParlaMint-FR-en_2017-11-30-O1078	ParlaMint-FR_2017-11-30-O1078.u514	Proceedings of the debates in plenary sitting of the Assemblée Nationale, sitting: 78, 30/11/2017	2017-11-30	Lower house	15e législature	Session ordinaire 2017-2018 (CRSANR5L15S2018O1N078)	-	78. séance	-	Reference	English	Chairperson	MP	notMinister	LAREM	La République en Marche	Coalition	Centre	PA721824	Renson, Hugues	M	1978	
ParlaMint-FR-en_2017-11-30-O1078	ParlaMint-FR_2017-11-30-O1078.u515	Proceedings of the debates in plenary sitting of the Assemblée Nationale, sitting: 78, 30/11/2017	2017-11-30	Lower house	15e législature	Session ordinaire 2017-2018 (CRSANR5L15S2018O1N078)	-	78. séance	-	Reference	English	Regular	MP	notMinister	LAREM	La République en Marche	Coalition	Centre	PA721824	Renson, Hugues	M	1978	
ParlaMint-FR-en_2017-11-30-O1078	ParlaMint-FR_2017-11-30-O1078.u516	Proceedings of the debates in plenary sitting of the Assemblée Nationale, sitting: 78, 30/11/2017	2017-11-30	Lower house	15e législature	Session ordinaire 2017-2018 (CRSANR5L15S2018O1N078)	-	78. séance	-	Reference	English	Regular	notMP	notMinister	MODEM	Mouvement Démocrate et apparentés	Coalition	Centre to centre-right	PA720772	Bru, Vincent	M	1955	
ParlaMint-FR-en_2017-11-30-O1078	ParlaMint-FR_2017-11-30-O1078.u517	Proceedings of the debates in plenary sitting of the Assemblée Nationale, sitting: 78, 30/11/2017	2017-11-30	Lower house	15e législature	Session ordinaire 2017-2018 (CRSANR5L15S2018O1N078)	-	78. séance	-	Reference	English	Regular	MP	notMinister	LAREM	La République en Marche	Coalition	Centre	PA721824	Renson, Hugues	M	1978	
ParlaMint-FR-en_2017-11-30-O1078	ParlaMint-FR_2017-11-30-O1078.u518	Proceedings of the debates in plenary sitting of the Assemblée Nationale, sitting: 78, 30/11/2017	2017-11-30	Lower house	15e législature	Session ordinaire 2017-2018 (CRSANR5L15S2018O1N078)	-	78. séance	-	Reference	English	Regular	notMP	Minister	-	-	-	-	PA227076	Gourault, Jacqueline	F	1950	
ParlaMint-FR-en_2017-11-30-O1078	ParlaMint-FR_2017-11-30-O1078.u519	Proceedings of the debates in plenary sitting of the Assemblée Nationale, sitting: 78, 30/11/2017	2017-11-30	Lower house	15e législature	Session ordinaire 2017-2018 (CRSANR5L15S2018O1N078)	-	78. séance	-	Reference	English	Regular	MP	notMinister	LAREM	La République en Marche	Coalition	Centre	PA721824	Renson, Hugues	M	1978	
ParlaMint-FR-en_2017-11-30-O1078	ParlaMint-FR_2017-11-30-O1078.u520	Proceedings of the debates in plenary sitting of the Assemblée Nationale, sitting: 78, 30/11/2017	2017-11-30	Lower house	15e législature	Session ordinaire 2017-2018 (CRSANR5L15S2018O1N078)	-	78. séance	-	Reference	English	Regular	notMP	notMinister	LAREM	La République en Marche	Coalition	Centre	PA722252	Rixain, Marie-Pierre	F	1977	
ParlaMint-FR-en_2017-11-30-O1078	ParlaMint-FR_2017-11-30-O1078.u521	Proceedings of the debates in plenary sitting of the Assemblée Nationale, sitting: 78, 30/11/2017	2017-11-30	Lower house	15e législature	Session ordinaire 2017-2018 (CRSANR5L15S2018O1N078)	-	78. séance	-	Reference	English	Regular	MP	notMinister	LAREM	La République en Marche	Coalition	Centre	PA721824	Renson, Hugues	M	1978	
ParlaMint-FR-en_2017-11-30-O1078	ParlaMint-FR_2017-11-30-O1078.u522	Proceedings of the debates in plenary sitting of the Assemblée Nationale, sitting: 78, 30/11/2017	2017-11-30	Lower house	15e législature	Session ordinaire 2017-2018 (CRSANR5L15S2018O1N078)	-	78. séance	-	Reference	English	Chairperson	MP	notMinister	LAREM	La République en Marche	Coalition	Centre	PA721824	Renson, Hugues	M	1978	
